0.0000	9.0000
0.0082	8.6456
0.0165	9.7535
0.0247	9.4001
0.0329	9.9996
0.0412	9.8895
0.0494	11.0647
0.0577	9.5161
0.0659	10.0085
0.0741	11.5397
0.0824	13.1247
0.0906	16.1339
0.0988	14.3876
0.1071	12.3792
0.1153	11.9866
0.1236	10.6540
0.1318	9.9959
0.1400	9.5919
0.1483	9.7300
0.1565	9.9699
0.1647	7.7001
0.1730	8.4244
0.1812	9.0310
0.1895	11.0109
0.1977	11.7177
0.2059	11.8640
0.2142	11.0165
0.2224	11.9042
0.2306	10.9450
0.2389	10.9669
0.2471	11.0094
0.2554	11.9786
0.2636	11.0859
0.2718	11.9767
0.2801	11.0479
0.2883	12.9531
0.2965	11.1361
0.3048	11.7428
0.3130	12.6506
0.3213	11.7872
0.3295	10.7987
0.3377	10.9843
0.3460	10.5018
0.3542	10.5510
0.3624	10.7054
0.3707	10.6619
0.3789	10.0110
0.3872	10.3813
0.3954	11.0080
0.4036	11.1784
0.4119	10.7178
0.4201	10.5724
0.4283	11.0935
0.4366	11.9273
0.4448	10.5260
0.4531	11.5142
0.4613	10.9870
0.4695	10.7633
0.4778	11.4323
0.4860	12.2242
0.4942	11.8386
0.5025	14.5820
0.5107	12.6578
0.5189	12.0129
0.5272	12.2894
0.5354	12.6956
0.5437	11.4752
0.5519	11.9904
0.5601	11.8276
0.5684	12.0077
0.5766	12.1306
0.5848	11.9115
0.5931	10.1462
0.6013	9.3316
0.6096	10.1496
0.6178	11.0796
0.6260	12.0000
0.6343	11.9698
0.6425	11.9118
0.6507	11.0526
0.6590	10.9281
0.6672	11.1482
0.6755	11.9258
0.6837	12.6741
0.6919	12.2177
0.7002	12.9772
0.7084	12.5409
0.7166	12.0613
0.7249	12.8760
0.7331	11.0174
0.7414	11.3059
0.7496	11.3573
0.7578	11.3581
0.7661	11.9522
0.7743	11.3181
0.7825	12.6186
0.7908	12.9803
0.7990	12.6362
0.8073	12.6311
0.8155	13.9028
0.8237	12.4820
0.8320	12.4659
0.8402	12.6335
0.8484	13.5109
0.8567	12.6786
0.8649	13.4880
0.8732	11.8736
0.8814	13.9504
0.8896	13.3561
0.8979	13.0330
0.9061	13.5708
0.9143	14.6207
0.9226	13.0174
0.9308	13.1823
0.9391	12.9197
0.9473	12.0125
0.9555	12.3561
0.9638	14.7427
0.9720	13.0888
0.9802	13.0669
0.9885	13.0451
0.9967	13.1085
1.0049	13.9154
1.0132	13.0222
1.0214	13.2446
1.0297	14.6244
1.0379	12.1748
1.0461	13.1175
1.0544	13.2359
1.0626	12.9229
1.0708	12.1734
1.0791	12.3438
1.0873	13.5039
1.0956	11.0199
1.1038	13.3389
1.1120	12.0000
1.1203	12.0375
1.1285	12.3454
1.1367	12.3777
1.1450	12.6300
1.1532	12.5268
1.1615	11.9028
1.1697	12.5516
1.1779	12.2644
1.1862	10.7724
1.1944	12.9488
1.2026	12.3251
1.2109	11.1508
1.2191	12.2700
1.2274	10.8663
1.2356	11.2803
1.2438	12.1016
1.2521	10.8321
1.2603	12.0000
1.2685	12.0757
1.2768	12.6409
1.2850	12.0815
1.2933	12.7050
1.3015	12.3180
1.3097	13.1117
1.3180	12.1712
1.3262	12.1325
1.3344	12.1287
1.3427	13.0814
1.3509	12.8103
1.3592	12.1091
1.3674	12.8475
1.3756	12.0000
1.3839	12.0035
1.3921	12.1445
1.4003	12.9161
1.4086	12.0598
1.4168	12.8788
1.4251	12.0275
1.4333	12.3423
1.4415	12.8436
1.4498	12.8217
1.4580	12.8996
1.4662	13.5560
1.4745	13.2262
1.4827	11.2994
1.4909	11.7568
1.4992	13.0000
1.5074	12.8275
1.5157	11.7442
1.5239	12.0489
1.5321	12.3968
1.5404	12.4738
1.5486	12.8809
1.5568	12.9346
1.5651	12.9352
1.5733	12.4940
1.5816	12.5360
1.5898	12.9889
1.5980	13.5520
1.6063	13.3507
1.6145	12.9469
1.6227	12.6371
1.6310	12.7065
1.6392	12.9552
1.6475	12.5884
1.6557	11.9928
1.6639	13.1062
1.6722	13.4716
1.6804	11.7666
1.6886	12.6509
1.6969	12.7127
1.7051	12.0421
1.7134	12.3559
1.7216	12.8676
1.7298	12.0672
1.7381	12.2804
1.7463	13.5076
1.7545	11.0382
1.7628	11.3075
1.7710	12.6758
1.7793	11.0601
1.7875	11.4312
1.7957	12.8464
1.8040	12.0182
1.8122	12.1612
1.8204	12.2725
1.8287	11.9713
1.8369	11.9521
1.8452	12.6869
1.8534	12.2882
1.8616	12.5712
1.8699	12.4812
1.8781	11.4245
1.8863	12.0000
1.8946	12.2081
1.9028	13.0384
1.9110	11.9022
1.9193	11.6824
1.9275	12.9266
1.9358	12.5219
1.9440	12.4927
1.9522	12.5744
1.9605	13.0784
1.9687	13.4454
1.9769	13.2803
1.9852	12.4285
1.9934	11.4496
2.0017	10.8746
2.0099	12.1705
2.0181	12.8104
2.0264	11.8515
2.0346	12.7602
2.0428	11.0573
2.0511	12.4901
2.0593	12.2051
2.0676	12.2953
2.0758	12.8673
2.0840	12.9751
2.0923	12.5664
2.1005	10.9161
2.1087	10.4348
2.1170	12.0521
2.1252	11.8485
2.1335	11.1894
2.1417	12.0109
2.1499	11.8096
2.1582	11.1381
2.1664	11.8293
2.1746	11.2493
2.1829	11.7364
2.1911	11.1174
2.1994	10.8744
2.2076	10.4941
2.2158	11.0796
2.2241	11.3755
2.2323	11.1425
2.2405	11.7245
2.2488	11.5674
2.2570	11.1931
2.2653	11.6785
2.2735	10.4335
2.2817	11.0097
2.2900	11.7244
2.2982	10.5434
2.3064	10.5588
2.3147	11.1980
2.3229	11.8013
2.3312	11.0966
2.3394	11.6775
2.3476	12.4711
2.3559	12.1300
2.3641	12.0418
2.3723	12.1994
2.3806	11.7963
2.3888	11.1367
2.3970	11.7541
2.4053	12.1466
2.4135	12.8440
2.4218	13.1933
2.4300	12.9539
2.4382	12.6330
2.4465	11.8653
2.4547	11.4572
2.4629	11.9716
2.4712	11.9111
2.4794	12.0193
2.4877	12.0838
2.4959	12.0743
2.5041	11.9891
2.5124	11.7803
2.5206	11.4457
2.5288	12.5847
2.5371	11.5178
2.5453	12.3176
2.5536	10.6253
2.5618	12.2908
2.5700	12.5979
2.5783	11.5880
2.5865	11.3862
2.5947	11.3822
2.6030	11.1841
2.6112	11.2234
2.6195	12.3853
2.6277	13.4729
2.6359	12.3772
2.6442	11.4645
2.6524	12.0000
2.6606	12.0385
2.6689	12.1811
2.6771	11.3817
2.6854	9.8664
2.6936	11.4130
2.7018	11.3486
2.7101	12.3681
2.7183	11.8738
2.7265	11.5973
2.7348	12.1727
2.7430	12.0229
2.7513	11.5795
2.7595	12.3859
2.7677	12.5965
2.7760	12.3705
2.7842	12.2153
2.7924	11.9377
2.8007	12.0007
2.8089	12.5426
2.8172	11.6108
2.8254	11.0000
2.8336	11.0367
2.8419	11.3097
2.8501	12.1097
2.8583	12.6045
2.8666	12.1654
2.8748	12.4443
2.8830	11.0000
2.8913	11.0011
2.8995	11.0000
2.9078	11.2375
2.9160	11.4842
2.9242	10.8615
2.9325	12.4154
2.9407	10.5635
2.9489	9.7354
2.9572	11.1638
2.9654	11.2473
2.9737	10.4743
2.9819	10.9866
2.9901	10.3310
2.9984	10.6809
3.0066	10.3864
3.0148	9.1773
3.0231	10.3904
3.0313	9.5612
3.0396	9.7095
3.0478	10.5835
3.0560	10.4148
3.0643	10.2413
3.0725	10.9735
3.0807	11.0000
3.0890	10.6104
3.0972	9.7873
3.1055	10.5044
3.1137	10.5190
3.1219	9.7309
3.1302	9.8305
3.1384	10.7880
3.1466	11.7308
3.1549	10.8109
3.1631	10.2025
3.1714	10.0000
3.1796	10.2084
3.1878	10.6309
3.1961	10.2423
3.2043	10.2907
3.2125	10.1466
3.2208	10.6415
3.2290	11.7237
3.2373	10.7230
3.2455	10.0000
3.2537	10.2576
3.2620	10.6942
3.2702	9.7266
3.2784	9.0282
3.2867	9.0500
3.2949	9.3335
3.3032	9.9735
3.3114	9.9499
3.3196	10.1374
3.3279	10.1593
3.3361	10.2328
3.3443	10.5759
3.3526	10.7132
3.3608	9.9291
3.3690	10.0971
3.3773	10.6738
3.3855	10.1358
3.3938	10.5711
3.4020	10.6469
3.4102	11.2675
3.4185	11.0587
3.4267	11.1111
3.4349	10.6728
3.4432	10.2454
3.4514	11.1592
3.4597	11.1880
3.4679	10.8092
3.4761	11.1813
3.4844	10.7012
3.4926	10.7012
3.5008	10.1851
3.5091	10.5559
3.5173	10.2365
3.5256	10.0954
3.5338	10.4188
3.5420	10.8099
3.5503	10.6963
3.5585	10.1650
3.5667	10.9540
3.5750	11.5088
3.5832	10.8866
3.5915	10.7798
3.5997	10.4369
3.6079	10.6538
3.6162	10.3619
3.6244	10.9663
3.6326	10.9654
3.6409	11.0106
3.6491	10.3904
3.6574	9.9842
3.6656	11.3900
3.6738	10.3670
3.6821	11.0311
3.6903	11.1205
3.6985	10.8710
3.7068	10.2763
3.7150	10.1269
3.7233	10.5708
3.7315	11.2785
3.7397	10.6520
3.7480	11.9251
3.7562	12.4783
3.7644	12.1021
3.7727	11.9068
3.7809	10.8833
3.7892	10.7414
3.7974	10.9380
3.8056	10.5751
3.8139	10.3601
3.8221	10.8866
3.8303	10.8305
3.8386	11.5228
3.8468	11.7362
3.8550	11.6702
3.8633	11.0000
3.8715	11.3982
3.8798	11.9140
3.8880	11.5259
3.8962	12.0000
0.0000	10.3333
0.0082	9.6435
0.0165	7.7563
0.0247	9.4023
0.0329	11.0012
0.0412	11.4355
0.0494	9.4644
0.0577	9.4840
0.0659	8.9810
0.0741	8.4768
0.0824	9.5550
0.0906	9.9934
0.0988	9.1994
0.1071	10.2290
0.1153	9.6329
0.1236	9.0072
0.1318	9.6271
0.1400	9.0289
0.1483	11.4347
0.1565	10.0000
0.1647	10.0109
0.1730	10.7717
0.1812	9.4226
0.1895	12.6121
0.1977	9.0169
0.2059	10.0021
0.2142	10.0803
0.2224	9.1119
0.2306	10.9275
0.2389	10.0726
0.2471	11.9467
0.2554	9.9680
0.2636	9.0542
0.2718	9.9987
0.2801	9.9700
0.2883	11.7596
0.2965	10.0000
0.3048	10.0187
0.3130	10.6774
0.3213	10.7974
0.3295	10.2460
0.3377	11.4751
0.3460	9.2583
0.3542	9.5675
0.3624	10.3383
0.3707	11.7253
0.3789	12.9676
0.3872	11.9881
0.3954	11.5504
0.4036	9.6307
0.4119	10.5691
0.4201	10.4872
0.4283	11.5307
0.4366	11.5088
0.4448	11.4684
0.4531	11.0180
0.4613	11.4477
0.4695	11.4750
0.4778	9.0735
0.4860	10.7656
0.4942	11.0000
0.5025	11.0286
0.5107	11.8325
0.5189	14.9871
0.5272	14.7766
0.5354	15.7075
0.5437	14.7287
0.5519	13.7970
0.5601	13.7710
0.5684	12.8971
0.5766	14.1480
0.5848	16.8441
0.5931	13.9523
0.6013	14.7607
0.6096	13.0026
0.6178	13.0267
0.6260	12.8932
0.6343	11.0155
0.6425	11.1473
0.6507	12.9479
0.6590	11.0765
0.6672	11.0512
0.6755	11.8825
0.6837	12.0499
0.6919	12.8415
0.7002	12.9772
0.7084	12.5537
0.7166	12.3136
0.7249	13.3658
0.7331	11.6006
0.7414	12.3439
0.7496	13.0206
0.7578	13.2784
0.7661	12.2995
0.7743	11.4938
0.7825	13.0000
0.7908	12.8741
0.7990	11.2563
0.8073	13.4052
0.8155	12.5659
0.8237	13.4085
0.8320	11.9645
0.8402	12.5617
0.8484	12.5412
0.8567	12.0733
0.8649	13.0464
0.8732	13.6006
0.8814	12.8740
0.8896	11.3600
0.8979	12.0549
0.9061	12.6793
0.9143	12.0404
0.9226	12.5950
0.9308	12.8565
0.9391	11.1762
0.9473	11.2479
0.9555	12.3142
0.9638	12.7518
0.9720	11.2534
0.9802	12.1452
0.9885	12.8347
0.9967	11.1085
1.0049	12.1731
1.0132	13.8778
1.0214	13.1260
1.0297	13.9119
1.0379	12.9036
1.0461	11.9913
1.0544	13.0000
1.0626	13.0771
1.0708	13.6593
1.0791	12.1486
1.0873	13.6791
1.0956	14.5736
1.1038	12.6941
1.1120	12.2557
1.1203	12.0292
1.1285	12.3913
1.1367	12.9366
1.1450	12.5042
1.1532	13.6677
1.1615	12.6617
1.1697	13.2450
1.1779	12.8751
1.1862	11.2030
1.1944	12.7958
1.2026	11.2960
1.2109	13.3517
1.2191	12.4925
1.2274	12.8332
1.2356	11.4542
1.2438	11.9609
1.2521	11.7281
1.2603	12.3970
1.2685	13.0101
1.2768	13.0320
1.2850	11.9716
1.2933	11.8156
1.3015	12.2784
1.3097	12.8502
1.3180	13.2454
1.3262	13.6745
1.3344	12.3256
1.3427	13.0334
1.3509	13.8527
1.3592	12.0692
1.3674	12.3002
1.3756	13.7549
1.3839	12.1215
1.3921	13.1131
1.4003	13.8027
1.4086	13.1646
1.4168	13.7080
1.4251	13.0092
1.4333	13.9550
1.4415	14.4266
1.4498	13.5636
1.4580	13.0998
1.4662	13.6526
1.4745	12.7869
1.4827	13.0000
1.4909	13.0909
1.4992	13.6906
1.5074	13.7115
1.5157	13.9619
1.5239	13.6521
1.5321	13.1311
1.5404	13.7916
1.5486	12.5729
1.5568	13.2575
1.5651	12.1713
1.5733	13.6390
1.5816	14.3369
1.5898	13.4503
1.5980	13.5262
1.6063	14.1611
1.6145	13.9469
1.6227	13.6875
1.6310	13.8605
1.6392	13.3252
1.6475	15.0155
1.6557	13.2755
1.6639	13.2537
1.6722	13.3417
1.6804	14.0000
1.6886	14.0901
1.6969	14.5463
1.7051	13.7729
1.7134	12.9161
1.7216	11.3094
1.7298	13.0556
1.7381	12.8197
1.7463	12.4976
1.7545	14.8251
1.7628	13.9844
1.7710	13.8274
1.7793	13.2044
1.7875	14.1930
1.7957	14.5305
1.8040	13.1725
1.8122	14.1395
1.8204	14.4226
1.8287	15.5325
1.8369	14.0000
1.8452	14.0000
1.8534	14.1980
1.8616	14.8659
1.8699	12.8675
1.8781	13.6765
1.8863	13.5638
1.8946	13.1621
1.9028	13.7981
1.9110	12.8677
1.9193	13.2225
1.9275	13.8844
1.9358	15.2016
1.9440	13.6772
1.9522	14.4891
1.9605	14.3889
1.9687	13.9250
1.9769	13.7197
1.9852	14.6398
1.9934	15.4596
2.0017	14.0613
2.0099	14.1064
2.0181	13.2368
2.0264	14.2924
2.0346	13.6966
2.0428	13.1923
2.0511	12.1638
2.0593	13.8238
2.0676	13.0324
2.0758	13.2530
2.0840	13.5924
2.0923	13.1579
2.1005	14.0839
2.1087	14.7723
2.1170	13.6994
2.1252	12.5895
2.1335	14.8090
2.1417	13.8253
2.1499	12.9712
2.1582	13.1846
2.1664	13.8732
2.1746	13.4954
2.1829	13.9232
2.1911	13.9570
2.1994	13.2919
2.2076	14.0007
2.2158	14.7199
2.2241	14.5216
2.2323	14.4612
2.2405	13.4144
2.2488	13.8648
2.2570	13.3890
2.2653	13.4651
2.2735	12.5837
2.2817	12.5049
2.2900	12.8041
2.2982	12.2527
2.3064	13.3902
2.3147	13.4343
2.3229	12.9114
2.3312	12.8830
2.3394	14.0771
2.3476	12.7365
2.3559	13.5358
2.3641	14.0000
2.3723	14.1776
2.3806	14.6054
2.3888	13.6096
2.3970	14.4074
2.4053	13.2875
2.4135	13.0043
2.4218	12.2072
2.4300	12.9539
2.4382	12.6330
2.4465	12.0000
2.4547	12.2100
2.4629	12.7893
2.4712	12.5627
2.4794	14.3609
2.4877	13.1981
2.4959	14.1562
2.5041	14.5262
2.5124	13.2129
2.5206	14.2117
2.5288	14.1205
2.5371	11.5178
2.5453	12.9161
2.5536	12.9405
2.5618	13.2908
2.5700	13.9719
2.5783	14.2455
2.5865	13.6002
2.5947	12.3892
2.6030	12.7773
2.6112	12.1656
2.6195	12.7824
2.6277	12.5974
2.6359	11.3822
2.6442	11.8105
2.6524	12.3444
2.6606	12.2591
2.6689	12.2236
2.6771	11.8949
2.6854	13.3343
2.6936	14.1367
2.7018	12.7689
2.7101	12.4637
2.7183	13.5151
2.7265	12.2360
2.7348	13.1233
2.7430	12.3083
2.7513	12.6300
2.7595	12.5802
2.7677	12.3313
2.7760	12.4428
2.7842	12.4979
2.7924	12.2505
2.8007	12.1582
2.8089	12.1276
2.8172	13.2480
2.8254	13.3639
2.8336	12.7208
2.8419	11.7533
2.8501	11.5410
2.8583	12.3534
2.8666	12.7221
2.8748	12.0215
2.8830	11.9846
2.8913	11.7533
2.8995	11.2715
2.9078	12.1473
2.9160	12.6165
2.9242	12.2945
2.9325	12.4709
2.9407	11.7015
2.9489	12.4954
2.9572	11.2530
2.9654	11.8493
2.9737	11.2538
2.9819	11.0617
2.9901	11.4520
2.9984	12.0732
3.0066	11.8718
3.0148	10.8313
3.0231	11.3510
3.0313	11.6981
3.0396	12.3453
3.0478	11.6486
3.0560	11.6152
3.0643	11.2034
3.0725	11.7466
3.0807	11.5214
3.0890	12.8747
3.0972	12.8125
3.1055	13.5694
3.1137	13.4338
3.1219	13.3275
3.1302	13.7598
3.1384	12.4274
3.1466	12.4960
3.1549	12.2699
3.1631	12.3384
3.1714	10.7135
3.1796	11.2340
3.1878	11.1543
3.1961	11.2214
3.2043	12.0595
3.2125	12.3183
3.2208	11.4219
3.2290	12.1449
3.2373	12.3738
3.2455	11.1020
3.2537	11.2845
3.2620	11.6986
3.2702	11.2843
3.2784	12.0000
3.2867	11.7047
3.2949	10.9484
3.3032	10.7174
3.3114	10.3160
3.3196	11.0984
3.3279	10.7606
3.3361	10.4148
3.3443	11.0581
3.3526	11.3827
3.3608	11.7533
3.3690	11.5980
3.3773	11.2903
3.3855	11.6202
3.3938	11.7518
3.4020	10.3559
3.4102	10.7408
3.4185	11.1911
3.4267	10.2346
3.4349	10.6069
3.4432	11.1576
3.4514	11.5130
3.4597	11.3458
3.4679	11.2967
3.4761	11.5383
3.4844	10.4257
3.4926	10.6394
3.5008	11.2361
3.5091	11.1958
3.5173	10.6991
3.5256	10.3971
3.5338	11.8102
3.5420	12.2562
3.5503	10.9568
3.5585	12.0000
3.5667	11.3897
3.5750	10.5550
3.5832	11.3236
3.5915	10.6256
3.5997	12.1053
3.6079	12.5934
3.6162	11.9710
3.6244	12.0374
3.6326	11.6892
3.6409	11.0000
3.6491	11.3390
3.6574	11.7410
3.6656	11.1304
3.6738	11.1010
3.6821	11.4502
3.6903	11.9620
3.6985	11.6313
3.7068	11.7464
3.7150	13.5765
3.7233	14.8583
3.7315	14.7800
3.7397	14.4867
3.7480	15.1754
3.7562	15.6272
3.7644	15.6829
3.7727	15.5571
3.7809	14.7139
3.7892	13.3827
3.7974	13.1417
3.8056	12.8992
3.8139	13.5180
3.8221	13.2968
3.8303	12.9891
3.8386	13.6568
3.8468	14.5415
3.8550	13.7804
3.8633	14.0524
3.8715	14.2023
3.8798	13.5005
3.8880	12.5689
3.8962	13.4444
0.0000	10.6667
0.0082	10.9993
0.0165	10.0018
0.0247	11.2031
0.0329	11.5765
0.0412	10.5676
0.0494	13.4602
0.0577	12.4839
0.0659	11.9971
0.0741	11.4645
0.0824	10.6585
0.0906	11.1417
0.0988	10.3995
0.1071	9.7745
0.1153	10.7145
0.1236	10.0036
0.1318	10.3171
0.1400	10.3073
0.1483	11.2792
0.1565	11.7184
0.1647	9.4812
0.1730	10.9852
0.1812	9.9874
0.1895	9.1804
0.1977	10.1109
0.2059	8.2875
0.2142	10.8884
0.2224	10.1712
0.2306	11.0528
0.2389	10.9669
0.2471	10.9681
0.2554	9.9890
0.2636	9.0874
0.2718	10.1073
0.2801	10.1186
0.2883	11.7843
0.2965	10.9523
0.3048	9.1640
0.3130	10.0224
0.3213	10.7974
0.3295	10.2295
0.3377	11.0289
0.3460	11.9704
0.3542	10.9917
0.3624	10.7237
0.3707	11.3064
0.3789	10.9676
0.3872	10.0212
0.3954	10.6439
0.4036	11.3759
0.4119	10.5541
0.4201	9.9962
0.4283	9.9753
0.4366	10.9647
0.4448	10.5631
0.4531	12.4678
0.4613	12.4953
0.4695	10.9831
0.4778	10.6413
0.4860	11.6324
0.4942	11.8506
0.5025	10.0860
0.5107	11.9263
0.5189	10.3347
0.5272	11.3675
0.5354	13.4383
0.5437	12.0135
0.5519	10.3159
0.5601	12.6072
0.5684	11.9182
0.5766	10.3106
0.5848	10.9942
0.5931	11.0030
0.6013	12.7644
0.6096	11.0500
0.6178	11.0282
0.6260	11.0070
0.6343	11.0293
0.6425	11.0550
0.6507	12.0524
0.6590	12.8245
0.6672	11.3481
0.6755	12.0072
0.6837	12.1380
0.6919	11.9308
0.7002	10.8325
0.7084	11.1993
0.7166	11.1083
0.7249	12.6360
0.7331	11.0348
0.7414	11.5420
0.7496	10.7428
0.7578	11.6810
0.7661	12.0650
0.7743	11.7200
0.7825	13.0911
0.7908	11.8414
0.7990	11.6159
0.8073	12.5549
0.8155	12.9225
0.8237	12.0674
0.8320	12.5370
0.8402	13.5617
0.8484	13.5895
0.8567	13.5362
0.8649	13.0464
0.8732	13.6753
0.8814	13.9494
0.8896	13.3600
0.8979	13.9232
0.9061	13.0409
0.9143	13.6236
0.9226	15.2172
0.9308	13.7539
0.9391	13.3085
0.9473	14.7086
0.9555	13.0507
0.9638	12.1106
0.9720	12.2625
0.9802	14.1227
0.9885	14.0884
0.9967	14.8527
1.0049	13.0014
1.0132	13.1240
1.0214	14.0911
1.0297	15.0698
1.0379	15.2302
1.0461	15.7940
1.0544	15.9605
1.0626	16.7576
1.0708	15.7509
1.0791	14.9437
1.0873	14.4666
1.0956	14.8772
1.1038	15.9754
1.1120	15.5954
1.1203	14.4495
1.1285	15.0965
1.1367	15.9705
1.1450	15.8017
1.1532	16.3145
1.1615	15.5692
1.1697	15.4355
1.1779	15.5120
1.1862	16.0000
1.1944	16.0512
1.2026	16.4644
1.2109	15.9198
1.2191	15.8957
1.2274	15.0432
1.2356	15.2840
1.2438	14.4351
1.2521	15.0701
1.2603	15.4951
1.2685	14.1085
1.2768	15.0000
1.2850	14.9716
1.2933	14.8680
1.3015	15.7478
1.3097	16.4330
1.3180	15.0934
1.3262	15.8506
1.3344	15.8724
1.3427	15.6888
1.3509	14.0839
1.3592	14.3820
1.3674	16.6596
1.3756	15.2332
1.3839	16.5219
1.3921	13.5658
1.4003	16.7547
1.4086	14.7232
1.4168	13.5041
1.4251	15.2118
1.4333	15.1016
1.4415	14.9862
1.4498	15.7519
1.4580	14.1497
1.4662	15.3196
1.4745	15.9661
1.4827	15.6959
1.4909	14.8549
1.4992	14.3221
1.5074	16.9573
1.5157	16.4792
1.5239	15.3260
1.5321	15.0791
1.5404	15.5814
1.5486	15.6021
1.5568	16.0063
1.5651	16.4468
1.5733	15.8670
1.5816	15.0481
1.5898	15.0748
1.5980	15.6301
1.6063	16.0559
1.6145	16.1085
1.6227	14.8175
1.6310	17.5194
1.6392	16.6808
1.6475	16.6607
1.6557	16.3853
1.6639	16.1764
1.6722	17.2277
1.6804	16.8202
1.6886	17.0000
1.6969	16.9276
1.7051	16.4839
1.7134	16.3678
1.7216	18.2441
1.7298	16.1111
1.7381	15.9028
1.7463	15.8611
1.7545	15.0248
1.7628	15.3303
1.7710	16.8531
1.7793	16.0442
1.7875	16.1642
1.7957	16.9569
1.8040	16.3534
1.8122	16.8450
1.8204	16.0503
1.8287	16.4369
1.8369	16.7627
1.8452	16.5316
1.8534	16.4581
1.8616	16.3437
1.8699	16.6411
1.8781	16.2041
1.8863	15.8866
1.8946	17.0580
1.9028	17.3798
1.9110	17.5652
1.9193	18.0256
1.9275	16.2564
1.9358	17.6984
1.9440	18.2633
1.9522	16.9818
1.9605	16.9216
1.9687	16.8731
1.9769	18.3519
1.9852	17.7953
1.9934	16.8843
2.0017	17.1099
2.0099	17.5497
2.0181	17.0543
2.0264	17.3644
2.0346	17.6495
2.0428	17.3366
2.0511	17.7171
2.0593	17.6541
2.0676	18.4954
2.0758	17.0573
2.0840	17.5113
2.0923	18.3732
2.1005	17.3691
2.1087	18.4233
2.1170	17.0854
2.1252	16.8292
2.1335	16.1979
2.1417	17.3591
2.1499	18.5524
2.1582	16.8935
2.1664	16.3636
2.1746	16.9555
2.1829	16.9898
2.1911	15.7222
2.1994	15.2919
2.2076	15.6940
2.2158	15.5891
2.2241	17.1877
2.2323	16.8575
2.2405	16.2755
2.2488	16.6250
2.2570	17.8767
2.2653	17.1901
2.2735	16.5132
2.2817	15.8349
2.2900	15.4093
2.2982	16.2273
2.3064	16.4412
2.3147	15.8955
2.3229	15.4964
2.3312	15.5807
2.3394	15.8321
2.3476	15.4405
2.3559	15.2171
2.3641	14.4385
2.3723	14.6251
2.3806	14.5871
2.3888	14.4679
2.3970	14.9366
2.4053	14.6250
2.4135	14.4722
2.4218	15.2944
2.4300	15.6057
2.4382	16.1584
2.4465	15.8280
2.4547	15.3336
2.4629	15.9716
2.4712	15.8634
2.4794	16.0110
2.4877	16.5947
2.4959	15.9358
2.5041	16.0308
2.5124	16.4354
2.5206	17.7229
2.5288	16.7609
2.5371	16.0620
2.5453	16.0656
2.5536	15.9769
2.5618	16.0637
2.5700	16.4485
2.5783	15.3790
2.5865	14.7787
2.5947	14.1743
2.6030	14.5933
2.6112	14.6124
2.6195	16.2085
2.6277	14.2385
2.6359	13.9013
2.6442	14.5757
2.6524	14.2643
2.6606	14.2206
2.6689	14.3648
2.6771	15.1298
2.6854	15.2944
2.6936	14.3566
2.7018	14.3453
2.7101	15.1459
2.7183	14.0456
2.7265	14.1043
2.7348	14.8273
2.7430	15.3545
2.7513	16.7281
2.7595	14.8461
2.7677	14.4858
2.7760	15.0723
2.7842	14.8425
2.7924	13.7277
2.8007	14.6029
2.8089	14.9478
2.8172	14.8048
2.8254	14.5849
2.8336	13.9219
2.8419	14.3097
2.8501	14.8659
2.8583	14.3810
2.8666	13.4905
2.8748	14.7541
2.8830	13.9950
2.8913	13.7519
2.8995	13.0059
2.9078	13.1810
2.9160	14.2328
2.9242	15.1392
2.9325	15.5556
2.9407	14.9342
2.9489	15.5810
2.9572	16.3624
2.9654	15.2537
2.9737	15.7456
2.9819	14.9299
2.9901	14.6559
2.9984	14.7621
3.0066	15.9589
3.0148	15.6615
3.0231	15.3133
3.0313	14.6981
3.0396	15.4479
3.0478	15.1521
3.0560	15.4471
3.0643	15.1585
3.0725	14.9393
3.0807	13.7638
3.0890	14.0350
3.0972	13.0775
3.1055	14.5694
3.1137	14.9063
3.1219	15.2876
3.1302	14.2402
3.1384	16.3701
3.1466	18.0016
3.1549	16.8042
3.1631	15.7294
3.1714	15.1325
3.1796	15.5957
3.1878	15.5730
3.1961	15.3388
3.2043	15.9165
3.2125	14.4649
3.2208	13.8566
3.2290	15.3223
3.2373	15.4099
3.2455	14.0428
3.2537	14.5359
3.2620	14.8743
3.2702	12.5677
3.2784	14.3131
3.2867	14.4439
3.2949	14.0005
3.3032	15.7439
3.3114	15.3661
3.3196	16.0390
3.3279	16.0686
3.3361	15.6369
3.3443	15.2030
3.3526	15.0314
3.3608	14.7942
3.3690	14.9853
3.3773	14.4023
3.3855	15.6878
3.3938	15.6660
3.4020	15.8513
3.4102	16.1962
3.4185	15.7410
3.4267	15.4090
3.4349	15.1636
3.4432	15.2609
3.4514	14.9705
3.4597	16.0052
3.4679	15.7464
3.4761	15.7279
3.4844	17.0450
3.4926	16.0142
3.5008	15.4329
3.5091	15.2761
3.5173	16.1888
3.5256	16.0956
3.5338	14.3952
3.5420	13.8402
3.5503	14.7491
3.5585	14.9360
3.5667	14.8946
3.5750	14.1205
3.5832	15.2993
3.5915	15.9495
3.5997	14.6091
3.6079	13.6611
3.6162	12.6852
3.6244	12.6950
3.6326	13.9799
3.6409	13.6772
3.6491	13.3235
3.6574	14.0124
3.6656	14.2586
3.6738	14.6089
3.6821	13.9324
3.6903	13.7223
3.6985	13.4137
3.7068	14.3171
3.7150	14.1056
3.7233	12.5264
3.7315	13.4756
3.7397	14.2395
3.7480	14.5813
3.7562	13.9739
3.7644	13.3328
3.7727	13.1087
3.7809	12.8726
3.7892	13.1825
3.7974	13.1959
3.8056	13.7224
3.8139	13.4299
3.8221	14.0403
3.8303	13.6670
3.8386	13.6753
3.8468	15.0468
3.8550	14.8242
3.8633	13.9476
3.8715	13.9969
3.8798	14.3770
3.8880	14.4515
3.8962	14.5556
0.0000	30.6667
0.0082	30.5791
0.0165	30.3774
0.0247	30.6028
0.0329	31.3158
0.0412	30.8836
0.0494	30.4729
0.0577	32.4863
0.0659	32.5109
0.0741	33.0153
0.0824	35.3679
0.0906	38.7165
0.0988	38.1505
0.1071	33.3870
0.1153	33.9022
0.1236	32.3495
0.1318	33.3059
0.1400	32.3016
0.1483	32.9005
0.1565	32.4734
0.1647	30.7800
0.1730	31.4244
0.1812	31.9816
0.1895	30.8682
0.1977	32.8310
0.2059	31.2939
0.2142	34.2084
0.2224	34.8127
0.2306	33.1120
0.2389	35.9274
0.2471	34.0737
0.2554	36.9138
0.2636	34.0007
0.2718	34.0775
0.2801	35.0743
0.2883	35.0000
0.2965	35.0538
0.3048	37.1156
0.3130	36.1859
0.3213	37.0774
0.3295	39.7306
0.3377	37.5750
0.3460	38.7896
0.3542	40.0661
0.3624	42.4336
0.3707	52.7495
0.3789	71.4821
0.3872	98.5527
0.3954	102.9187
0.4036	90.6746
0.4119	86.3568
0.4201	81.0134
0.4283	74.2866
0.4366	66.7427
0.4448	61.2903
0.4531	54.9252
0.4613	52.9686
0.4695	49.3876
0.4778	48.6168
0.4860	49.0314
0.4942	49.8236
0.5025	52.4057
0.5107	54.1202
0.5189	56.8515
0.5272	57.1197
0.5354	55.6426
0.5437	58.7601
0.5519	58.4531
0.5601	59.5366
0.5684	63.0409
0.5766	63.8268
0.5848	63.2099
0.5931	65.0048
0.6013	65.3106
0.6096	69.8598
0.6178	70.8676
0.6260	69.3214
0.6343	74.8621
0.6425	73.1649
0.6507	76.2685
0.6590	80.5542
0.6672	77.5130
0.6755	82.5155
0.6837	82.7084
0.6919	83.1375
0.7002	87.9552
0.7084	90.1423
0.7166	90.0757
0.7249	91.2875
0.7331	91.8992
0.7414	92.9159
0.7496	94.8145
0.7578	97.6248
0.7661	101.8965
0.7743	104.3287
0.7825	106.0305
0.7908	108.8553
0.7990	106.9618
0.8073	107.4179
0.8155	104.3023
0.8237	101.5166
0.8320	102.4574
0.8402	103.9592
0.8484	110.7867
0.8567	111.6411
0.8649	117.5075
0.8732	117.3212
0.8814	115.8378
0.8896	109.0817
0.8979	101.9782
0.9061	94.8478
0.9143	95.5643
0.9226	96.6739
0.9308	98.3028
0.9391	102.0128
0.9473	104.1543
0.9555	103.6420
0.9638	97.8633
0.9720	94.1057
0.9802	82.6194
0.9885	76.0036
0.9967	73.9553
1.0049	73.3425
1.0132	77.2836
1.0214	80.8383
1.0297	80.7837
1.0379	80.0209
1.0461	81.6613
1.0544	77.8751
1.0626	73.3774
1.0708	66.5480
1.0791	60.2058
1.0873	58.4543
1.0956	58.8594
1.1038	60.0513
1.1120	58.2958
1.1203	59.8489
1.1285	59.7557
1.1367	53.3721
1.1450	47.5090
1.1532	43.8027
1.1615	41.6025
1.1697	37.9128
1.1779	37.2235
1.1862	38.5807
1.1944	39.7568
1.2026	41.8273
1.2109	39.4790
1.2191	38.8355
1.2274	38.3352
1.2356	35.9446
1.2438	33.4866
1.2521	31.9907
1.2603	29.3242
1.2685	29.3351
1.2768	29.5476
1.2850	29.6211
1.2933	30.7894
1.3015	30.9761
1.3097	30.8285
1.3180	30.8100
1.3262	29.3228
1.3344	28.6453
1.3427	27.5618
1.3509	24.9038
1.3592	24.2115
1.3674	25.0460
1.3756	26.2311
1.3839	28.1149
1.3921	28.9746
1.4003	28.9584
1.4086	28.9917
1.4168	28.8099
1.4251	28.0990
1.4333	27.6321
1.4415	24.8767
1.4498	23.7298
1.4580	21.9496
1.4662	22.9722
1.4745	22.6300
1.4827	21.7006
1.4909	21.4441
1.4992	21.8448
1.5074	23.2078
1.5157	22.3531
1.5239	22.4238
1.5321	22.6895
1.5404	22.1532
1.5486	22.9708
1.5568	21.8668
1.5651	21.1339
1.5733	22.0681
1.5816	22.3136
1.5898	20.7917
1.5980	20.4751
1.6063	22.5934
1.6145	22.6684
1.6227	22.9116
1.6310	22.3854
1.6392	22.5853
1.6475	21.9010
1.6557	21.7250
1.6639	24.1378
1.6722	22.1431
1.6804	22.9396
1.6886	22.6509
1.6969	22.7127
1.7051	22.0211
1.7134	22.1406
1.7216	22.3043
1.7298	22.7848
1.7381	22.1232
1.7463	23.0490
1.7545	23.8251
1.7628	22.6912
1.7710	21.3030
1.7793	22.5513
1.7875	20.4875
1.7957	22.7272
1.8040	22.4923
1.8122	21.2884
1.8204	22.7331
1.8287	22.4101
1.8369	23.4972
1.8452	23.1220
1.8534	23.7907
1.8616	24.0000
1.8699	24.1132
1.8781	24.7454
1.8863	24.6701
1.8946	22.7799
1.9028	21.8448
1.9110	23.0000
1.9193	22.7411
1.9275	21.5549
1.9358	22.2094
1.9440	22.9818
1.9522	22.9147
1.9605	22.4782
1.9687	22.6296
1.9769	23.5074
1.9852	25.8302
1.9934	24.6999
2.0017	23.3453
2.0099	24.0078
2.0181	25.0493
2.0264	22.2748
2.0346	23.3201
2.0428	22.2931
2.0511	22.4503
2.0593	22.1762
2.0676	23.1445
2.0758	24.3714
2.0840	26.9890
2.0923	27.5101
2.1005	26.6136
2.1087	25.7232
2.1170	27.6472
2.1252	26.0303
2.1335	25.6465
2.1417	24.5582
2.1499	26.7808
2.1582	25.7583
2.1664	24.9211
2.1746	24.9367
2.1829	24.9130
2.1911	24.2687
2.1994	25.9382
2.2076	28.0007
2.2158	29.2089
2.2241	31.0441
2.2323	31.3022
2.2405	31.7428
2.2488	32.5948
2.2570	33.0328
2.2653	34.8482
2.2735	35.1938
2.2817	33.8595
2.2900	33.5258
2.2982	31.4749
2.3064	33.4276
2.3147	31.1381
2.3229	31.6927
2.3312	32.1107
2.3394	30.6624
2.3476	31.1990
2.3559	30.5131
2.3641	30.6670
2.3723	28.9802
2.3806	30.4848
2.3888	31.0690
2.3970	31.3031
2.4053	31.2649
2.4135	32.3205
2.4218	32.4877
2.4300	32.2822
2.4382	31.9759
2.4465	33.3566
2.4547	33.6343
2.4629	34.5574
2.4712	33.6896
2.4794	35.0000
2.4877	35.4110
2.4959	35.8952
2.5041	32.2142
2.5124	33.6433
2.5206	34.8539
2.5288	31.4468
2.5371	32.9298
2.5453	33.3307
2.5536	34.1358
2.5618	34.8088
2.5700	34.5891
2.5783	36.7574
2.5865	38.6284
2.5947	38.5228
2.6030	40.2896
2.6112	40.3397
2.6195	40.8179
2.6277	41.9504
2.6359	45.6614
2.6442	48.6406
2.6524	51.0634
2.6606	51.2555
2.6689	50.6808
2.6771	52.7744
2.6854	51.5448
2.6936	51.2819
2.7018	50.2683
2.7101	49.2570
2.7183	48.5426
2.7265	48.0980
2.7348	46.6831
2.7430	46.7653
2.7513	46.6803
2.7595	48.8944
2.7677	48.4158
2.7760	47.9393
2.7842	48.6582
2.7924	48.3005
2.8007	50.6022
2.8089	50.6455
2.8172	51.3240
2.8254	49.4151
2.8336	49.0863
2.8419	46.0400
2.8501	46.9192
2.8583	46.0210
2.8666	46.3566
2.8748	48.3677
2.8830	52.7604
2.8913	56.7329
2.8995	62.7034
2.9078	65.2037
2.9160	66.6982
2.9242	69.0222
2.9325	68.3580
2.9407	64.8412
2.9489	60.3599
2.9572	58.0081
2.9654	55.2881
2.9737	51.8015
2.9819	50.8016
2.9901	48.3961
2.9984	44.7724
3.0066	43.2282
3.0148	42.0532
3.0231	39.0016
3.0313	38.2900
3.0396	38.8761
3.0478	37.8479
3.0560	37.9290
3.0643	39.4014
3.0725	40.5335
3.0807	44.2966
3.0890	47.6207
3.0972	50.6422
3.1055	51.7320
3.1137	54.7269
3.1219	56.0144
3.1302	54.4660
3.1384	50.6924
3.1466	47.9329
3.1549	43.5355
3.1631	37.9698
3.1714	33.6050
3.1796	30.1289
3.1878	26.2975
3.1961	24.2245
3.2043	23.1477
3.2125	21.4471
3.2208	22.1508
3.2290	22.5640
3.2373	21.8018
3.2455	22.4797
3.2537	24.4820
3.2620	25.6899
3.2702	24.1533
3.2784	22.2929
3.2867	23.5123
3.2949	24.6462
3.3032	23.6237
3.3114	23.2005
3.3196	23.5491
3.3279	22.3871
3.3361	22.2328
3.3443	22.6340
3.3526	22.9380
3.3608	22.4633
3.3690	23.0774
3.3773	23.5420
3.3855	24.5568
3.3938	24.8497
3.4020	22.7068
3.4102	20.8740
3.4185	21.5654
3.4267	21.2932
3.4349	21.8031
3.4432	21.2994
3.4514	21.0107
3.4597	21.0124
3.4679	20.5641
3.4761	19.6856
3.4844	19.8288
3.4926	19.5819
3.5008	19.8149
3.5091	18.9518
3.5173	18.7036
3.5256	19.6177
3.5338	18.0891
3.5420	18.1901
3.5503	17.5449
3.5585	16.8578
3.5667	17.4877
3.5750	16.6789
3.5832	16.7897
3.5915	17.8584
3.5997	17.3381
3.6079	16.3462
3.6162	16.3287
3.6244	14.7067
3.6326	14.3231
3.6409	15.3009
3.6491	15.9852
3.6574	16.2570
3.6656	16.6831
3.6738	15.8152
3.6821	15.0987
3.6903	14.8048
3.6985	14.1874
3.7068	14.8585
3.7150	15.4235
3.7233	14.7787
3.7315	15.9267
3.7397	15.5895
3.7480	14.8651
3.7562	14.8692
3.7644	16.1566
3.7727	14.4524
3.7809	13.1541
3.7892	13.4897
3.7974	14.6751
3.8056	14.1868
3.8139	14.3380
3.8221	13.8060
3.8303	13.4975
3.8386	13.3635
3.8468	12.8237
3.8550	12.6264
3.8633	12.4780
3.8715	12.1283
3.8798	13.6230
3.8880	13.4303
3.8962	12.4444
0.0000	14.6667
0.0082	15.6453
0.0165	16.3751
0.0247	14.9979
0.0329	14.0028
0.0412	15.0000
0.0494	15.0000
0.0577	14.9976
0.0659	14.4976
0.0741	15.5236
0.0824	14.5511
0.0906	14.4308
0.0988	15.0050
0.1071	15.6173
0.1153	15.6392
0.1236	15.6505
0.1318	14.6865
0.1400	15.0000
0.1483	15.0000
0.1565	15.0034
0.1647	15.2265
0.1730	15.0234
0.1812	16.6027
0.1895	14.9891
0.1977	14.2799
0.2059	14.0176
0.2142	14.9853
0.2224	14.1683
0.2306	14.9461
0.2389	14.9993
0.2471	14.9892
0.2554	15.0002
0.2636	15.0310
0.2718	14.9690
0.2801	15.9239
0.2883	15.9045
0.2965	15.9553
0.3048	14.3170
0.3130	15.5183
0.3213	15.8248
0.3295	16.2013
0.3377	16.0355
0.3460	17.1917
0.3542	15.3030
0.3624	16.3164
0.3707	16.9683
0.3789	16.0324
0.3872	17.0093
0.3954	17.1813
0.4036	15.6447
0.4119	16.9648
0.4201	16.0359
0.4283	16.9634
0.4366	16.0013
0.4448	15.9498
0.4531	16.0361
0.4613	16.8910
0.4695	17.0232
0.4778	17.5105
0.4860	15.4452
0.4942	16.9850
0.5025	16.6946
0.5107	17.3592
0.5189	17.0573
0.5272	18.2685
0.5354	18.1782
0.5437	16.8322
0.5519	17.9336
0.5601	16.7117
0.5684	18.1924
0.5766	18.8200
0.5848	17.9942
0.5931	17.9618
0.6013	18.8531
0.6096	16.2018
0.6178	18.1294
0.6260	19.9341
0.6343	18.9164
0.6425	17.9979
0.6507	18.0031
0.6590	19.1146
0.6672	19.6002
0.6755	19.6566
0.6837	18.1466
0.6919	18.1485
0.7002	17.8211
0.7084	18.0606
0.7166	18.9713
0.7249	18.4898
0.7331	18.6459
0.7414	19.9556
0.7496	19.3443
0.7578	19.7439
0.7661	20.8211
0.7743	18.3031
0.7825	19.3144
0.7908	18.1550
0.7990	20.3084
0.8073	19.6790
0.8155	20.7974
0.8237	18.1404
0.8320	19.5997
0.8402	20.3416
0.8484	20.6537
0.8567	19.5277
0.8649	21.2356
0.8732	20.9738
0.8814	20.7463
0.8896	21.6400
0.8979	20.8464
0.9061	18.9429
0.9143	18.2821
0.9226	18.7975
0.9308	18.9842
0.9391	18.9042
0.9473	19.7771
0.9555	19.0000
0.9638	19.0825
0.9720	19.9168
0.9802	19.0782
0.9885	19.8780
0.9967	19.1898
1.0049	20.8270
1.0132	19.0867
1.0214	20.0037
1.0297	20.2234
1.0379	21.8433
1.0461	22.0000
1.0544	21.9449
1.0626	21.4766
1.0708	21.6533
1.0791	21.4790
1.0873	20.1969
1.0956	20.1875
1.1038	21.9056
1.1120	20.8635
1.1203	19.6464
1.1285	20.0630
1.1367	20.8864
1.1450	22.3362
1.1532	19.8228
1.1615	21.6869
1.1697	20.4791
1.1779	20.7679
1.1862	19.5321
1.1944	19.8978
1.2026	19.0444
1.2109	19.2807
1.2191	18.5214
1.2274	18.3251
1.2356	19.4813
1.2438	18.5134
1.2521	19.6880
1.2603	19.9264
1.2685	22.2171
1.2768	23.9520
1.2850	23.4604
1.2933	22.9738
1.3015	22.7611
1.3097	22.4763
1.3180	21.3039
1.3262	21.0170
1.3344	20.9843
1.3427	19.9849
1.3509	20.6716
1.3592	19.8222
1.3674	18.2340
1.3756	20.0000
1.3839	19.9973
1.3921	19.9032
1.4003	19.2453
1.4086	21.4139
1.4168	23.6997
1.4251	22.2118
1.4333	21.9059
1.4415	20.4362
1.4498	21.1883
1.4580	19.9002
1.4662	19.1106
1.4745	18.1085
1.4827	17.1269
1.4909	17.7449
1.4992	16.0397
1.5074	16.2466
1.5157	15.5192
1.5239	15.1574
1.5321	15.2657
1.5404	14.4738
1.5486	14.8383
1.5568	14.7325
1.5651	16.0648
1.5733	16.3714
1.5816	15.5278
1.5898	15.6722
1.5980	16.3699
1.6063	15.9743
1.6145	15.5783
1.6227	14.4514
1.6310	15.2347
1.6392	16.4087
1.6475	15.0000
1.6557	15.0000
1.6639	14.8938
1.6722	14.1987
1.6804	13.9698
1.6886	13.7761
1.6969	13.9348
1.7051	16.1922
1.7134	14.2752
1.7216	15.6492
1.7298	14.1579
1.7381	14.1057
1.7463	14.3235
1.7545	15.9886
1.7628	15.9818
1.7710	15.6152
1.7793	13.8194
1.7875	12.9951
1.7957	12.6231
1.8040	14.9818
1.8122	14.6153
1.8204	13.4785
1.8287	14.3378
1.8369	14.3300
1.8452	15.2441
1.8534	16.0260
1.8616	13.7736
1.8699	14.8868
1.8781	14.4153
1.8863	14.7928
1.8946	13.7620
1.9028	13.8990
1.9110	13.3695
1.9193	13.5295
1.9275	14.8908
1.9358	14.8462
1.9440	14.4709
1.9522	14.6743
1.9605	15.2995
1.9687	14.5388
1.9769	14.9542
1.9852	14.6599
1.9934	14.0000
2.0017	13.9387
2.0099	13.9500
2.0181	15.1248
2.0264	13.8986
2.0346	13.8730
2.0428	13.2922
2.0511	13.4140
2.0593	13.3090
2.0676	13.9937
2.0758	14.5408
2.0840	13.4464
2.0923	14.7244
2.1005	14.1625
2.1087	14.9527
2.1170	15.2049
2.1252	15.5868
2.1335	14.1825
2.1417	14.9975
2.1499	15.1422
2.1582	15.7012
2.1664	14.6861
2.1746	13.8327
2.1829	13.3323
2.1911	14.0473
2.1994	13.3763
2.2076	14.9289
2.2158	14.5098
2.2241	14.1877
2.2323	14.1938
2.2405	15.0826
2.2488	15.0572
2.2570	15.2576
2.2653	15.1277
2.2735	15.3187
2.2817	13.8799
2.2900	13.6025
2.2982	14.8217
2.3064	16.0557
2.3147	14.5657
2.3229	15.2921
2.3312	15.9570
2.3394	13.9397
2.3476	14.1124
2.3559	14.5814
2.3641	14.2372
2.3723	13.2065
2.3806	14.5927
2.3888	13.2044
2.3970	14.2051
2.4053	14.7942
2.4135	13.7387
2.4218	12.8572
2.4300	13.0602
2.4382	12.6087
2.4465	13.3304
2.4547	12.9093
2.4629	13.4709
2.4712	14.4470
2.4794	13.5482
2.4877	14.5200
2.4959	13.2135
2.5041	13.9946
2.5124	13.7823
2.5206	13.1869
2.5288	13.7923
2.5371	13.4961
2.5453	15.0291
2.5536	14.6394
2.5618	14.5379
2.5700	16.2199
2.5783	16.8172
2.5865	16.3716
2.5947	17.0000
2.6030	16.7128
2.6112	15.6603
2.6195	15.5046
2.6277	16.3023
2.6359	16.1780
2.6442	15.8019
2.6524	16.2878
2.6606	16.3897
2.6689	16.7742
2.6771	18.3283
2.6854	19.0163
2.6936	17.7533
2.7018	18.3848
2.7101	18.0319
2.7183	17.9802
2.7265	17.4647
2.7348	16.2694
2.7430	16.4655
2.7513	16.0612
2.7595	15.8525
2.7677	14.6242
2.7760	15.2991
2.7842	14.8626
2.7924	16.5004
2.8007	15.4536
2.8089	15.0824
2.8172	16.9253
2.8254	15.7164
2.8336	14.8852
2.8419	14.4822
2.8501	12.9711
2.8583	13.0879
2.8666	12.6894
2.8748	12.2993
2.8830	13.2313
2.8913	13.9986
2.8995	14.2248
2.9078	14.4686
2.9160	13.2161
2.9242	13.6167
2.9325	13.0000
2.9407	13.0333
2.9489	13.0375
2.9572	12.6922
2.9654	12.9025
2.9737	13.4183
2.9819	14.0000
2.9901	13.7442
2.9984	13.4398
3.0066	14.4355
3.0148	13.8407
3.0231	14.0152
3.0313	12.8943
3.0396	12.3133
3.0478	12.3228
3.0560	11.5294
3.0643	11.4602
3.0725	11.7543
3.0807	12.6310
3.0890	13.1904
3.0972	13.3273
3.1055	12.5819
3.1137	13.0603
3.1219	13.7553
3.1302	14.7317
3.1384	13.1764
3.1466	14.1209
3.1549	16.3791
3.1631	19.4731
3.1714	21.2178
3.1796	24.8503
3.1878	26.4380
3.1961	28.2287
3.2043	26.8481
3.2125	24.7467
3.2208	21.5123
3.2290	21.8971
3.2373	21.6644
3.2455	21.5060
3.2537	22.6200
3.2620	21.9820
3.2702	22.5542
3.2784	23.3940
3.2867	22.3672
3.2949	23.3740
3.3032	24.3641
3.3114	24.8016
3.3196	24.4117
3.3279	23.4672
3.3361	23.9223
3.3443	24.0330
3.3526	23.9901
3.3608	24.6824
3.3690	23.9639
3.3773	22.8402
3.3855	22.8871
3.3938	22.4837
3.4020	23.5602
3.4102	23.2675
3.4185	23.3512
3.4267	24.0336
3.4349	23.9307
3.4432	24.1033
3.4514	23.1699
3.4597	23.4860
3.4679	23.4444
3.4761	23.2551
3.4844	22.8281
3.4926	23.2831
3.5008	22.9730
3.5091	22.7523
3.5173	23.6663
3.5256	25.4922
3.5338	24.5969
3.5420	25.2727
3.5503	25.4022
3.5585	25.9104
3.5667	25.9020
3.5750	25.9328
3.5832	27.4166
3.5915	26.8584
3.5997	26.8802
3.6079	26.6236
3.6162	26.2858
3.6244	25.7727
3.6326	23.9792
3.6409	25.0543
3.6491	23.6441
3.6574	24.3618
3.6656	22.7586
3.6738	22.1536
3.6821	21.2523
3.6903	20.1121
3.6985	21.6836
3.7068	21.1609
3.7150	21.2423
3.7233	20.4736
3.7315	20.2621
3.7397	20.4464
3.7480	18.3483
3.7562	17.7221
3.7644	18.2043
3.7727	18.9952
3.7809	18.9022
3.7892	17.3066
3.7974	17.9874
3.8056	18.9704
3.8139	17.5878
3.8221	16.9894
3.8303	15.8335
3.8386	15.5047
3.8468	15.3116
3.8550	14.7081
3.8633	14.4367
3.8715	14.6018
3.8798	13.8357
3.8880	13.4529
3.8962	12.5556
0.0000	15.0000
0.0082	16.6444
0.0165	16.0000
0.0247	16.0013
0.0329	16.5765
0.0412	15.5610
0.0494	16.5437
0.0577	18.4815
0.0659	17.4863
0.0741	16.4730
0.0824	16.9081
0.0906	18.5614
0.0988	17.0085
0.1071	18.0148
0.1153	19.6400
0.1236	19.6955
0.1318	21.2869
0.1400	18.5990
0.1483	19.2665
0.1565	18.7585
0.1647	19.4562
0.1730	19.1962
0.1812	18.3973
0.1895	20.0027
0.1977	20.1545
0.2059	20.8837
0.2142	21.0656
0.2224	19.2992
0.2306	22.8703
0.2389	21.9140
0.2471	20.9683
0.2554	20.0531
0.2636	21.0550
0.2718	22.0297
0.2801	21.0018
0.2883	21.0955
0.2965	20.9746
0.3048	20.0187
0.3130	20.6014
0.3213	18.0000
0.3295	18.0000
0.3377	17.9934
0.3460	17.7565
0.3542	17.9917
0.3624	17.6963
0.3707	17.3555
0.3789	16.9781
0.3872	16.2612
0.3954	15.8057
0.4036	16.9794
0.4119	16.4054
0.4201	15.9309
0.4283	16.9604
0.4366	17.4898
0.4448	17.0185
0.4531	17.4264
0.4613	16.4872
0.4695	17.5553
0.4778	17.0245
0.4860	17.5964
0.4942	16.9850
0.5025	16.6803
0.5107	16.9864
0.5189	16.7541
0.5272	17.7436
0.5354	17.9887
0.5437	17.8217
0.5519	18.8066
0.5601	19.0872
0.5684	20.7512
0.5766	18.9507
0.5848	18.0443
0.5931	18.8603
0.6013	18.0551
0.6096	19.0500
0.6178	19.0297
0.6260	19.0127
0.6343	18.9311
0.6425	18.0000
0.6507	18.0623
0.6590	19.1575
0.6672	19.1541
0.6755	19.9494
0.6837	19.2378
0.6919	20.5155
0.7002	18.3586
0.7084	20.9394
0.7166	20.0326
0.7249	20.4581
0.7331	20.0453
0.7414	20.6561
0.7496	19.9130
0.7578	18.7696
0.7661	19.8279
0.7743	18.7631
0.7825	18.5790
0.7908	18.4494
0.7990	18.6297
0.8073	18.5106
0.8155	19.0000
0.8237	19.0000
0.8320	18.9672
0.8402	18.5213
0.8484	17.9879
0.8567	17.8491
0.8649	18.4604
0.8732	16.4741
0.8814	18.0506
0.8896	18.5873
0.8979	17.2635
0.9061	17.0000
0.9143	17.0593
0.9226	17.7186
0.9308	17.0639
0.9391	17.7056
0.9473	16.4332
0.9555	17.6656
0.9638	15.4786
0.9720	17.1572
0.9802	17.8548
0.9885	17.0846
0.9967	18.1666
1.0049	19.9971
1.0132	19.9320
1.0214	18.9163
1.0297	18.3939
1.0379	21.6838
1.0461	21.2579
1.0544	22.6972
1.0626	22.5207
1.0708	24.7009
1.0791	25.6027
1.0873	29.4808
1.0956	28.8370
1.1038	30.2135
1.1120	32.2702
1.1203	32.1076
1.1285	32.1647
1.1367	30.7892
1.1450	31.6300
1.1532	31.4495
1.1615	30.0411
1.1697	30.6228
1.1779	32.3807
1.1862	32.6906
1.1944	34.3439
1.2026	33.2596
1.2109	35.5448
1.2191	35.5527
1.2274	35.2201
1.2356	33.3756
1.2438	31.1159
1.2521	28.8228
1.2603	27.2513
1.2685	26.4633
1.2768	25.0793
1.2850	23.1814
1.2933	20.6526
1.3015	19.6976
1.3097	18.8879
1.3180	17.8679
1.3262	16.8336
1.3344	16.5894
1.3427	15.3293
1.3509	15.5084
1.3592	16.7669
1.3674	15.8475
1.3756	14.8823
1.3839	14.1246
1.3921	15.0000
1.4003	14.9943
1.4086	14.9309
1.4168	15.0083
1.4251	15.5811
1.4333	14.8939
1.4415	14.0717
1.4498	13.6945
1.4580	14.8248
1.4662	14.7770
1.4745	13.4654
1.4827	15.0337
1.4909	15.2509
1.4992	14.9603
1.5074	14.7115
1.5157	14.9542
1.5239	14.5925
1.5321	14.5278
1.5404	15.2317
1.5486	14.0000
1.5568	13.9485
1.5651	13.5391
1.5733	13.5741
1.5816	14.0406
1.5898	13.8394
1.5980	13.5066
1.6063	14.0559
1.6145	14.4166
1.6227	14.5990
1.6310	14.0620
1.6392	12.5549
1.6475	13.9010
1.6557	13.4172
1.6639	14.0391
1.6722	12.8780
1.6804	13.6102
1.6886	13.8118
1.6969	13.7368
1.7051	13.1655
1.7134	13.3020
1.7216	13.6246
1.7298	13.2825
1.7381	13.9830
1.7463	13.6518
1.7545	12.1709
1.7628	13.1567
1.7710	13.6667
1.7793	12.1080
1.7875	12.8471
1.7957	12.0147
1.8040	12.1177
1.8122	12.2297
1.8204	12.5718
1.8287	12.0287
1.8369	12.1728
1.8452	12.2441
1.8534	13.3431
1.8616	12.6574
1.8699	13.2925
1.8781	13.3740
1.8863	13.5581
1.8946	13.3281
1.9028	14.2555
1.9110	12.4995
1.9193	13.1893
1.9275	14.0178
1.9358	13.4445
1.9440	12.8337
1.9522	12.0853
1.9605	12.5218
1.9687	12.5388
1.9769	12.8309
1.9852	12.0334
1.9934	12.4346
2.0017	13.4679
2.0099	14.0000
2.0181	13.8915
2.0264	13.5672
2.0346	14.5245
2.0428	15.4017
2.0511	13.7731
2.0593	13.6910
2.0676	13.2953
2.0758	13.8100
2.0840	13.7956
2.0923	13.9176
2.1005	13.1969
2.1087	14.4081
2.1170	15.7951
2.1252	15.4077
2.1335	16.6265
2.1417	15.0025
2.1499	15.3901
2.1582	16.7794
2.1664	15.9082
2.1746	15.5361
2.1829	17.0000
2.1911	17.0271
2.1994	17.2919
2.2076	17.8474
2.2158	18.0000
2.2241	18.0441
2.2323	18.2052
2.2405	17.8611
2.2488	17.3181
2.2570	17.4232
2.2653	17.8572
2.2735	19.0443
2.2817	19.8293
2.2900	17.8159
2.2982	18.6558
2.3064	19.1085
2.3147	19.7148
2.3229	20.2953
2.3312	19.9147
2.3394	21.4301
2.3476	21.0885
2.3559	21.2171
2.3641	20.5990
2.3723	21.2480
2.3806	21.0295
2.3888	21.9965
2.3970	20.6906
2.4053	20.8308
2.4135	21.0043
2.4218	19.7928
2.4300	18.8844
2.4382	18.3168
2.4465	17.8653
2.4547	17.2800
2.4629	16.9239
2.4712	15.9013
2.4794	15.5152
2.4877	16.7974
2.4959	15.4615
2.5041	13.7858
2.5124	13.6433
2.5206	15.1310
2.5288	12.4957
2.5371	13.7964
2.5453	13.2468
2.5536	14.3978
2.5618	16.2986
2.5700	15.3648
2.5783	14.2541
2.5865	12.8496
2.5947	12.6515
2.6030	11.8135
2.6112	13.1078
2.6195	13.4035
2.6277	13.4592
2.6359	13.5428
2.6442	12.3339
2.6524	13.6548
2.6606	14.3827
2.6689	13.3197
2.6771	12.5632
2.6854	12.7908
2.6936	12.4961
2.7018	13.8842
2.7101	13.5208
2.7183	13.6490
2.7265	13.8683
2.7348	13.7848
2.7430	14.7146
2.7513	14.0365
2.7595	15.3183
2.7677	16.0895
2.7760	14.9946
2.7842	14.2382
2.7924	14.8234
2.8007	14.3068
2.8089	14.1896
2.8172	13.0470
2.8254	13.0896
2.8336	12.8852
2.8419	13.0000
2.8501	12.7825
2.8583	12.0439
2.8666	11.9516
2.8748	12.0000
2.8830	12.0050
2.8913	12.0000
2.8995	11.9942
2.9078	11.9549
2.9160	11.7170
2.9242	11.2945
2.9325	12.1402
2.9407	12.6493
2.9489	11.7088
2.9572	11.0768
2.9654	11.6488
2.9737	11.2758
2.9819	11.6769
2.9901	11.9403
2.9984	11.1833
3.0066	11.6726
3.0148	11.9194
3.0231	12.2226
3.0313	11.2593
3.0396	12.0000
3.0478	11.8479
3.0560	11.4706
3.0643	11.6605
3.0725	11.8733
3.0807	11.3654
3.0890	11.2779
3.0972	11.8050
3.1055	11.3801
3.1137	12.1910
3.1219	11.7594
3.1302	12.2397
3.1384	12.5726
3.1466	12.1483
3.1549	12.0512
3.1631	13.1955
3.1714	13.8136
3.1796	14.4804
3.1878	16.7796
3.1961	20.0968
3.2043	22.7762
3.2125	25.4031
3.2208	27.3920
3.2290	27.7745
3.2373	24.4598
3.2455	22.3592
3.2537	20.4641
3.2620	19.8466
3.2702	21.7047
3.2784	20.6992
3.2867	20.5342
3.2949	22.1584
3.3032	22.8798
3.3114	22.5838
3.3196	22.3043
3.3279	22.7722
3.3361	23.1303
3.3443	22.8231
3.3526	21.9877
3.3608	23.4019
3.3690	23.5980
3.3773	23.5327
3.3855	23.8642
3.3938	23.6223
3.4020	23.9133
3.4102	23.2918
3.4185	23.8244
3.4267	23.5910
3.4349	23.5092
3.4432	22.5529
3.4514	23.1177
3.4597	23.9574
3.4679	24.7994
3.4761	24.1501
3.4844	23.6794
3.4926	23.9069
3.5008	23.1217
3.5091	23.2681
3.5173	24.0103
3.5256	23.7938
3.5338	23.8453
3.5420	25.2920
3.5503	25.3494
3.5585	25.6089
3.5667	27.0000
3.5750	26.2525
3.5832	25.2097
3.5915	27.2091
3.5997	28.0000
3.6079	28.0907
3.6162	27.8719
3.6244	27.0711
3.6326	27.3555
3.6409	28.3115
3.6491	28.6913
3.6574	28.0020
3.6656	28.2381
3.6738	28.7098
3.6821	27.7837
3.6903	27.2840
3.6985	27.0752
3.7068	26.2130
3.7150	26.0514
3.7233	24.4736
3.7315	23.3518
3.7397	22.6621
3.7480	23.0000
3.7562	22.2624
3.7644	20.7850
3.7727	20.8961
3.7809	20.4882
3.7892	19.6758
3.7974	19.0000
3.8056	19.0000
3.8139	18.8538
3.8221	18.6837
3.8303	19.1612
3.8386	19.5047
3.8468	19.6641
3.8550	19.2335
3.8633	17.0902
3.8715	16.5980
3.8798	17.4136
3.8880	18.0752
3.8962	17.2222
0.0000	12.3333
0.0082	12.6451
0.0165	12.9986
0.0247	12.0013
0.0329	12.5776
0.0412	12.0035
0.0494	13.0042
0.0577	14.0000
0.0659	13.9944
0.0741	13.0030
0.0824	13.4412
0.0906	12.4353
0.0988	13.5905
0.1071	12.9979
0.1153	12.7244
0.1236	13.0034
0.1318	13.3539
0.1400	12.3073
0.1483	13.2826
0.1565	13.9966
0.1647	13.7844
0.1730	14.7656
0.1812	13.0155
0.1895	14.0135
0.1977	14.8407
0.2059	13.8971
0.2142	14.8518
0.2224	12.1917
0.2306	14.1275
0.2389	14.9802
0.2471	14.0110
0.2554	14.0209
0.2636	14.0535
0.2718	14.9250
0.2801	14.1204
0.2883	15.8822
0.2965	15.0914
0.3048	14.0485
0.3130	15.8272
0.3213	15.5957
0.3295	16.9718
0.3377	16.0000
0.3460	16.0000
0.3542	15.9559
0.3624	14.6548
0.3707	16.6820
0.3789	16.6761
0.3872	16.6637
0.3954	17.3820
0.4036	17.4244
0.4119	17.9850
0.4201	17.5525
0.4283	17.5284
0.4366	17.5292
0.4448	18.4684
0.4531	17.9793
0.4613	17.4652
0.4695	18.0000
0.4778	18.0082
0.4860	18.2602
0.4942	18.6592
0.5025	18.9856
0.5107	18.6141
0.5189	17.0888
0.5272	19.0121
0.5354	19.2241
0.5437	18.8066
0.5519	19.4436
0.5601	20.0853
0.5684	18.2488
0.5766	20.0426
0.5848	20.8460
0.5931	20.0430
0.6013	19.2629
0.6096	22.7482
0.6178	20.9995
0.6260	22.0000
0.6343	21.9457
0.6425	20.9491
0.6507	20.1741
0.6590	21.1529
0.6672	21.0571
0.6755	22.0216
0.6837	22.4811
0.6919	23.1684
0.7002	23.2873
0.7084	24.6667
0.7166	22.7047
0.7249	21.7759
0.7331	22.2498
0.7414	21.9240
0.7496	22.3420
0.7578	22.5345
0.7661	20.4545
0.7743	21.8550
0.7825	22.8783
0.7908	21.2450
0.7990	22.5613
0.8073	21.5106
0.8155	22.0000
0.8237	21.8200
0.8320	19.4246
0.8402	20.0807
0.8484	20.9552
0.8567	18.3614
0.8649	20.5156
0.8732	19.1276
0.8814	19.9635
0.8896	19.5639
0.8979	18.0549
0.9061	18.6793
0.9143	18.0189
0.9226	18.2814
0.9308	18.9361
0.9391	18.0817
0.9473	17.0935
0.9555	17.9798
0.9638	16.2213
0.9720	16.2534
0.9802	17.2178
0.9885	18.7597
0.9967	17.1511
1.0049	18.0014
1.0132	17.9796
1.0214	17.9651
1.0297	18.0528
1.0379	17.8558
1.0461	17.2945
1.0544	17.0000
1.0626	17.0000
1.0708	17.0159
1.0791	17.2335
1.0873	17.5133
1.0956	17.2364
1.1038	19.5031
1.1120	19.7029
1.1203	19.6172
1.1285	19.5121
1.1367	18.0677
1.1450	18.6675
1.1532	18.0987
1.1615	18.8356
1.1697	17.1320
1.1779	16.2562
1.1862	18.4679
1.1944	17.9490
1.2026	17.5182
1.2109	17.4552
1.2191	17.4334
1.2274	17.4301
1.2356	17.6748
1.2438	18.1297
1.2521	16.9299
1.2603	16.2892
1.2685	15.7829
1.2768	13.9520
1.2850	13.5703
1.2933	14.1106
1.3015	14.7534
1.3097	12.8069
1.3180	12.9415
1.3262	13.7541
1.3344	12.8858
1.3427	12.1270
1.3509	12.8624
1.3592	11.3350
1.3674	12.8522
1.3756	12.1339
1.3839	12.9942
1.3921	12.9033
1.4003	12.0000
1.4086	12.0083
1.4168	12.1901
1.4251	12.7791
1.4333	12.1226
1.4415	12.8574
1.4498	11.7419
1.4580	11.3249
1.4662	12.4172
1.4745	13.6608
1.4827	13.0000
1.4909	13.0000
1.4992	12.7435
1.5074	11.3015
1.5157	13.0880
1.5239	11.9291
1.5321	13.0863
1.5404	12.4401
1.5486	12.5595
1.5568	12.5277
1.5651	12.4236
1.5733	11.9896
1.5816	12.1353
1.5898	13.0000
1.5980	13.1367
1.6063	13.7810
1.6145	12.2998
1.6227	12.0416
1.6310	13.8605
1.6392	13.1402
1.6475	13.8171
1.6557	12.7635
1.6639	13.0701
1.6722	13.5591
1.6804	13.5696
1.6886	13.1610
1.6969	13.0000
1.7051	13.1248
1.7134	13.4916
1.7216	11.3340
1.7298	12.2269
1.7381	13.0486
1.7463	12.8506
1.7545	11.9980
1.7628	12.2991
1.7710	13.8017
1.7793	12.8999
1.7875	12.2043
1.7957	12.7800
1.8040	12.2357
1.8122	12.8821
1.8204	12.9749
1.8287	12.6890
1.8369	12.0645
1.8452	12.6979
1.8534	13.7618
1.8616	12.5712
1.8699	12.6411
1.8781	12.2041
1.8863	11.7794
1.8946	12.3000
1.9028	12.0391
1.9110	12.2301
1.9193	12.4235
1.9275	12.5368
1.9358	12.9226
1.9440	12.5073
1.9522	12.5109
1.9605	12.6221
1.9687	12.9224
1.9769	11.9025
1.9852	11.2652
1.9934	10.9612
2.0017	12.4834
2.0099	11.5567
2.0181	11.2910
2.0264	12.6356
2.0346	11.9696
2.0428	10.6723
2.0511	11.6293
2.0593	12.3379
2.0676	12.2093
2.0758	12.8349
2.0840	11.7393
2.0923	13.5875
2.1005	12.4822
2.1087	13.5312
2.1170	12.0427
2.1252	12.1873
2.1335	12.6434
2.1417	11.1942
2.1499	12.3614
2.1582	13.9535
2.1664	13.8147
2.1746	13.0187
2.1829	13.0997
2.1911	13.1333
2.1994	13.5731
2.2076	13.3415
2.2158	14.0000
2.2241	14.1903
2.2323	14.9515
2.2405	14.6384
2.2488	14.2974
2.2570	13.9947
2.2653	12.9376
2.2735	14.0706
2.2817	14.5800
2.2900	15.0148
2.2982	13.6813
2.3064	14.6294
2.3147	14.4233
2.3229	14.1987
2.3312	15.5018
2.3394	17.1223
2.3476	15.5289
2.3559	15.9544
2.3641	16.3550
2.3723	16.1755
2.3806	16.5567
2.3888	17.2635
2.3970	17.0782
2.4053	17.3967
2.4135	17.2657
2.4218	17.1933
2.4300	17.0462
2.4382	17.1584
2.4465	17.2466
2.4547	17.7364
2.4629	15.9523
2.4712	15.6245
2.4794	17.2452
2.4877	17.6637
2.4959	16.9629
2.5041	16.7912
2.5124	16.2177
2.5206	16.5543
2.5288	14.8010
2.5371	14.2872
2.5453	14.6510
2.5536	13.9538
2.5618	13.5537
2.5700	12.9491
2.5783	13.0464
2.5865	12.3571
2.5947	13.2693
2.6030	12.0668
2.6112	11.6251
2.6195	12.0629
2.6277	12.4592
2.6359	12.7745
2.6442	12.4524
2.6524	13.8566
2.6606	13.7563
2.6689	14.9060
2.6771	14.5361
2.6854	14.7261
2.6936	15.2072
2.7018	14.1153
2.7101	14.5111
2.7183	14.5836
2.7265	14.6651
2.7348	13.6831
2.7430	13.9492
2.7513	13.8883
2.7595	14.5842
2.7677	15.2490
2.7760	14.7625
2.7842	14.2382
2.7924	15.0000
2.8007	15.2396
2.8089	16.0000
2.8172	16.3879
2.8254	17.6952
2.8336	18.0542
2.8419	18.5291
2.8501	17.7009
2.8583	17.3305
2.8666	18.0484
2.8748	17.7437
2.8830	16.9745
2.8913	16.2558
2.8995	13.9942
2.9078	13.9773
2.9160	13.8008
2.9242	13.0000
2.9325	13.0000
2.9407	13.2183
2.9489	13.8457
2.9572	13.5708
2.9654	13.0557
2.9737	13.3832
2.9819	12.3819
2.9901	13.2077
2.9984	13.7617
3.0066	11.4354
3.0148	12.6709
3.0231	12.4812
3.0313	12.3253
3.0396	12.8959
3.0478	12.2607
3.0560	12.8854
3.0643	12.5189
3.0725	12.3553
3.0807	11.7364
3.0890	11.0000
3.0972	11.0000
3.1055	11.0000
3.1137	11.2664
3.1219	11.7329
3.1302	11.0978
3.1384	11.6959
3.1466	12.5825
3.1549	12.7585
3.1631	14.0000
3.1714	14.4038
3.1796	15.3237
3.1878	15.1763
3.1961	16.9065
3.2043	19.9281
3.2125	23.6377
3.2208	25.8193
3.2290	26.0568
3.2373	26.1172
3.2455	24.8894
3.2537	21.7320
3.2620	21.2773
3.2702	20.8834
3.2784	18.9147
3.2867	21.2171
3.2949	22.1584
3.3032	22.4205
3.3114	21.1984
3.3196	21.8723
3.3279	23.4874
3.3361	23.3371
3.3443	24.0287
3.3526	23.4570
3.3608	24.0383
3.3690	25.6557
3.3773	25.4862
3.3855	26.7104
3.3938	26.2903
3.4020	26.6054
3.4102	25.6611
3.4185	26.0335
3.4267	26.6561
3.4349	27.0835
3.4432	27.2198
3.4514	26.3432
3.4597	26.7374
3.4679	28.3483
3.4761	28.2381
3.4844	28.2763
3.4926	27.0561
3.5008	26.0829
3.5091	26.7480
3.5173	27.0973
3.5256	26.8594
3.5338	25.8835
3.5420	26.3278
3.5503	26.8020
3.5585	27.4467
3.5667	27.0285
3.5750	26.9977
3.5832	28.0000
3.5915	28.0435
3.5997	28.3909
3.6079	29.5569
3.6162	30.8949
3.6244	30.7236
3.6326	30.3555
3.6409	31.3148
3.6491	31.3749
3.6574	30.6609
3.6656	31.9623
3.6738	32.2660
3.6821	32.3591
3.6903	32.2770
3.6985	33.3221
3.7068	31.8358
3.7150	31.9322
3.7233	31.5708
3.7315	29.7638
3.7397	28.9879
3.7480	29.0749
3.7562	27.8790
3.7644	26.5602
3.7727	25.5685
3.7809	25.0373
3.7892	23.9344
3.7974	23.3942
3.8056	24.0973
3.8139	23.7340
3.8221	23.3057
3.8303	22.1612
3.8386	22.1763
3.8468	21.1587
3.8550	20.4115
3.8633	19.8623
3.8715	18.9994
3.8798	18.5413
3.8880	18.5697
3.8962	19.1111
0.0000	18.0000
0.0082	17.9995
0.0165	17.3784
0.0247	18.4052
0.0329	21.4284
0.0412	24.1047
0.0494	21.1418
0.0577	20.9927
0.0659	19.4891
0.0741	19.0063
0.0824	20.0032
0.0906	20.4319
0.0988	21.1793
0.1071	19.7780
0.1153	21.0655
0.1236	19.3635
0.1318	21.6942
0.1400	22.6688
0.1483	19.7393
0.1565	20.7552
0.1647	21.2297
0.1730	21.1962
0.1812	20.3818
0.1895	20.9811
0.1977	19.8649
0.2059	20.2389
0.2142	20.1335
0.2224	21.9810
0.2306	21.0033
0.2389	21.0980
0.2471	21.0113
0.2554	21.0860
0.2636	23.9676
0.2718	23.9250
0.2801	23.0725
0.2883	22.9291
0.2965	23.9716
0.3048	22.9142
0.3130	24.9552
0.3213	23.4104
0.3295	24.7987
0.3377	24.9645
0.3460	23.7861
0.3542	24.9697
0.3624	24.0474
0.3707	25.3946
0.3789	24.7266
0.3872	26.6068
0.3954	25.6310
0.4036	25.9867
0.4119	25.7633
0.4201	27.3955
0.4283	26.0194
0.4366	26.5829
0.4448	28.4935
0.4531	28.0595
0.4613	29.4998
0.4695	28.1170
0.4778	27.2417
0.4860	28.3018
0.4942	29.6018
0.5025	28.6517
0.5107	28.3395
0.5189	28.9212
0.5272	29.9461
0.5354	28.7864
0.5437	29.7647
0.5519	29.5756
0.5601	29.1898
0.5684	29.4334
0.5766	31.7319
0.5848	31.9402
0.5931	32.9905
0.6013	32.8085
0.6096	31.9083
0.6178	31.0831
0.6260	30.9598
0.6343	30.2085
0.6425	33.1297
0.6507	34.2264
0.6590	36.1237
0.6672	36.7313
0.6755	35.6402
0.6837	35.7864
0.6919	34.5155
0.7002	32.2131
0.7084	32.6198
0.7166	32.3268
0.7249	32.6836
0.7331	32.1048
0.7414	36.0316
0.7496	34.9565
0.7578	34.4080
0.7661	35.2517
0.7743	33.4550
0.7825	31.1156
0.7908	30.0712
0.7990	29.1196
0.8073	29.5106
0.8155	29.9302
0.8237	29.1435
0.8320	30.9644
0.8402	29.4698
0.8484	29.9177
0.8567	30.7801
0.8649	28.0464
0.8732	28.4996
0.8814	26.7215
0.8896	27.2566
0.8979	25.5829
0.9061	24.1346
0.9143	25.6990
0.9226	25.0963
0.9308	26.1823
0.9391	26.0000
0.9473	25.9190
0.9555	24.8582
0.9638	23.2030
0.9720	22.9926
0.9802	23.0169
0.9885	23.7088
0.9967	21.0213
1.0049	21.0859
1.0132	21.7435
1.0214	19.4156
1.0297	22.6484
1.0379	20.9924
1.0461	20.8825
1.0544	20.6505
1.0626	19.6336
1.0708	18.9243
1.0791	18.2154
1.0873	18.3366
1.0956	18.3592
1.1038	19.3635
1.1120	18.1606
1.1203	17.0667
1.1285	17.7052
1.1367	17.9366
1.1450	17.4679
1.1532	18.2932
1.1615	17.2904
1.1697	16.1161
1.1779	16.0086
1.1862	15.9929
1.1944	15.5480
1.2026	15.8069
1.2109	14.5919
1.2191	15.0000
1.2274	14.9568
1.2356	14.6927
1.2438	15.3287
1.2521	15.1071
1.2603	15.8922
1.2685	15.0757
1.2768	15.6716
1.2850	15.2302
1.2933	14.8632
1.3015	13.8964
1.3097	14.8502
1.3180	14.9457
1.3262	13.2798
1.3344	14.4689
1.3427	15.9908
1.3509	15.1897
1.3592	15.7819
1.3674	14.4219
1.3756	17.0000
1.3839	16.7583
1.3921	15.1801
1.4003	15.7858
1.4086	15.0073
1.4168	16.0909
1.4251	16.0990
1.4333	16.0000
1.4415	15.9807
1.4498	16.0698
1.4580	17.6751
1.4662	16.9313
1.4745	17.8431
1.4827	16.5480
1.4909	15.2333
1.4992	15.1542
1.5074	16.7123
1.5157	16.6891
1.5239	15.2445
1.5321	16.8617
1.5404	16.8992
1.5486	15.1775
1.5568	15.5993
1.5651	15.7970
1.5733	14.5060
1.5816	14.6707
1.5898	15.5608
1.5980	15.0196
1.6063	15.2170
1.6145	15.3316
1.6227	15.0761
1.6310	15.6865
1.6392	16.0955
1.6475	16.6036
1.6557	16.0000
1.6639	15.7875
1.6722	14.6835
1.6804	16.0000
1.6886	15.8827
1.6969	15.3115
1.7051	15.9775
1.7134	14.8894
1.7216	14.4516
1.7298	15.8081
1.7381	14.9570
1.7463	14.0300
1.7545	14.1481
1.7628	14.6971
1.7710	13.1212
1.7793	13.8036
1.7875	13.1416
1.7957	13.7653
1.8040	13.5628
1.8122	16.3146
1.8204	14.8386
1.8287	15.0723
1.8369	16.1349
1.8452	14.9668
1.8534	15.8809
1.8616	15.5029
1.8699	16.4812
1.8781	15.3143
1.8863	15.3890
1.8946	15.6420
1.9028	15.6593
1.9110	15.5350
1.9193	14.2262
1.9275	14.0915
1.9358	14.3563
1.9440	13.4077
1.9522	12.9147
1.9605	12.3105
1.9687	11.5546
1.9769	11.7456
1.9852	12.5983
1.9934	12.6202
2.0017	12.7033
2.0099	13.0000
2.0181	12.9457
2.0264	12.6356
2.0346	12.2706
2.0428	12.5548
2.0511	13.9602
2.0593	13.7588
2.0676	13.4094
2.0758	12.5346
2.0840	13.4529
2.0923	12.8612
2.1005	12.6458
2.1087	11.9394
2.1170	12.0094
2.1252	12.3884
2.1335	14.0000
2.1417	13.8083
2.1499	13.2127
2.1582	14.0105
2.1664	14.3911
2.1746	15.4193
2.1829	14.5500
2.1911	15.8826
2.1994	15.9687
2.2076	15.8474
2.2158	16.0398
2.2241	16.4359
2.2323	16.9567
2.2405	16.3293
2.2488	18.1349
2.2570	17.0000
2.2653	17.0616
2.2735	17.4686
2.2817	18.1855
2.2900	18.1593
2.2982	18.7727
2.3064	18.6672
2.3147	19.3188
2.3229	18.6904
2.3312	19.8436
2.3394	20.8451
2.3476	20.4428
2.3559	22.9129
2.3641	23.6450
2.3723	24.3826
2.3806	26.5447
2.3888	27.0655
2.3970	26.0571
2.4053	26.1183
2.4135	26.0635
2.4218	24.0923
2.4300	23.3943
2.4382	22.5495
2.4465	21.3368
2.4547	20.1236
2.4629	19.8176
2.4712	18.9013
2.4794	18.0909
2.4877	17.6434
2.4959	16.0271
2.5041	15.5570
2.5124	14.6468
2.5206	16.3204
2.5288	14.1675
2.5371	14.4822
2.5453	12.8478
2.5536	12.4138
2.5618	14.0637
2.5700	14.3272
2.5783	12.8172
2.5865	12.2358
2.5947	12.6042
2.6030	13.3540
2.6112	13.7991
2.6195	14.0000
2.6277	14.2248
2.6359	15.2986
2.6442	16.7898
2.6524	18.6346
2.6606	20.2861
2.6689	22.1412
2.6771	23.5327
2.6854	24.0357
2.6936	24.4877
2.7018	24.2694
2.7101	23.1682
2.7183	22.1262
2.7265	22.3011
2.7348	21.3169
2.7430	20.6734
2.7513	19.3946
2.7595	18.1902
2.7677	16.6576
2.7760	16.6750
2.7842	16.4306
2.7924	15.8754
2.8007	15.5688
2.8089	15.4947
2.8172	15.3879
2.8254	16.4954
2.8336	15.5519
2.8419	13.6749
2.8501	12.4332
2.8583	12.7994
2.8666	11.9673
2.8748	12.0319
2.8830	11.7584
2.8913	11.4951
2.8995	12.4631
2.9078	11.4412
2.9160	12.4006
2.9242	11.2280
2.9325	11.8894
2.9407	11.7159
2.9489	11.0174
2.9572	10.0123
2.9654	9.6971
2.9737	10.0559
2.9819	10.4352
2.9901	11.1884
2.9984	11.5313
3.0066	10.7428
3.0148	10.2579
3.0231	11.0908
3.0313	11.3728
3.0396	11.1346
3.0478	10.4600
3.0560	10.5294
3.0643	10.6017
3.0725	10.7371
3.0807	10.3943
3.0890	11.7521
3.0972	12.4277
3.1055	12.5964
3.1137	13.9750
3.1219	13.5427
3.1302	11.5377
3.1384	11.7846
3.1466	10.7733
3.1549	11.5410
3.1631	10.5483
3.1714	11.6596
3.1796	13.1653
3.1878	13.7245
3.1961	13.0968
3.2043	15.5483
3.2125	18.0591
3.2208	22.2530
3.2290	26.7259
3.2373	29.7723
3.2455	31.7552
3.2537	29.9508
3.2620	26.7408
3.2702	25.4450
3.2784	23.7116
3.2867	23.5264
3.2949	24.7181
3.3032	24.3356
3.3114	25.4162
3.3196	25.9016
3.3279	26.2847
3.3361	27.1820
3.3443	27.3660
3.3526	26.9042
3.3608	27.4633
3.3690	28.7099
3.3773	29.4313
3.3855	27.1992
3.3938	27.9563
3.4020	29.2262
3.4102	30.8038
3.4185	30.9665
3.4267	30.2204
3.4349	30.2579
3.4432	30.8168
3.4514	29.1254
3.4597	29.8048
3.4679	30.3914
3.4761	29.3459
3.4844	27.4857
3.4926	27.6884
3.5008	28.4644
3.5091	28.1044
3.5173	28.5973
3.5256	27.7790
3.5338	27.6977
3.5420	27.4408
3.5503	28.1956
3.5585	27.3883
3.5667	27.4491
3.5750	28.1134
3.5832	28.0204
3.5915	27.1527
3.5997	27.4592
3.6079	28.8948
3.6162	28.5045
3.6244	27.7493
3.6326	29.0223
3.6409	29.3115
3.6491	30.3207
3.6574	31.5595
3.6656	32.2629
3.6738	30.8705
3.6821	30.3646
3.6903	29.5187
3.6985	29.6908
3.7068	28.9320
3.7150	28.8042
3.7233	27.6463
3.7315	27.9754
3.7397	26.5090
3.7480	25.7370
3.7562	24.6612
3.7644	23.4629
3.7727	22.6772
3.7809	22.0000
3.7892	21.7519
3.7974	21.1910
3.8056	20.4482
3.8139	19.2925
3.8221	19.4594
3.8303	18.4972
3.8386	18.9834
3.8468	19.3184
3.8550	18.2907
3.8633	18.7756
3.8715	17.5367
3.8798	16.9549
3.8880	16.8832
3.8962	15.7778
0.0000	11.6667
0.0082	10.3554
0.0165	10.6253
0.0247	12.2023
0.0329	12.1553
0.0412	11.0035
0.0494	11.9961
0.0577	11.0299
0.0659	11.4919
0.0741	11.4700
0.0824	11.4489
0.0906	11.5647
0.0988	10.4130
0.1071	11.3813
0.1153	11.2729
0.1236	10.6813
0.1318	11.0000
0.1400	10.9986
0.1483	10.8156
0.1565	10.4835
0.1647	9.4844
0.1730	11.2048
0.1812	11.0000
0.1895	11.0000
0.1977	11.0024
0.2059	11.1205
0.2142	11.1005
0.2224	11.1697
0.2306	11.9814
0.2389	11.0522
0.2471	11.9890
0.2554	12.0000
0.2636	11.9556
0.2718	10.0763
0.2801	11.0461
0.2883	12.8798
0.2965	12.0254
0.3048	12.9515
0.3130	11.1679
0.3213	11.4155
0.3295	12.9436
0.3377	11.0421
0.3460	12.5313
0.3542	13.4022
0.3624	11.7146
0.3707	12.0100
0.3789	12.3592
0.3872	12.9223
0.3954	12.9582
0.4036	11.8282
0.4119	12.4459
0.4201	12.9243
0.4283	10.9970
0.4366	12.5088
0.4448	12.4099
0.4531	10.4575
0.4613	11.9955
0.4695	11.8724
0.4778	12.5841
0.4860	12.2917
0.4942	13.2864
0.5025	11.6823
0.5107	12.0465
0.5189	13.1232
0.5272	12.9670
0.5354	12.2699
0.5437	12.7496
0.5519	12.2310
0.5601	12.7883
0.5684	12.1593
0.5766	12.0949
0.5848	11.2696
0.5931	12.0920
0.6013	13.8085
0.6096	12.8509
0.6178	11.0796
0.6260	12.0532
0.6343	13.0130
0.6425	12.9782
0.6507	13.6719
0.6590	11.2093
0.6672	12.0453
0.6755	12.6999
0.6837	11.9376
0.6919	13.3069
0.7002	12.8097
0.7084	12.7750
0.7166	12.5464
0.7249	12.6980
0.7331	12.0174
0.7414	12.2805
0.7496	12.0618
0.7578	13.0054
0.7661	12.5933
0.7743	12.0000
0.7825	12.0151
0.7908	12.2720
0.7990	12.0684
0.8073	13.0363
0.8155	13.5033
0.8237	13.5154
0.8320	13.3563
0.8402	11.9596
0.8484	11.4286
0.8567	11.7076
0.8649	12.9536
0.8732	12.2500
0.8814	11.0506
0.8896	11.7689
0.8979	12.6597
0.9061	12.0367
0.9143	12.3197
0.9226	10.1405
0.9308	11.7381
0.9391	11.0662
0.9473	11.7896
0.9555	11.2034
0.9638	12.0642
0.9720	12.7393
0.9802	11.8773
0.9885	12.0846
0.9967	12.9147
1.0049	12.0856
1.0132	12.8947
1.0214	12.0800
1.0297	12.8062
1.0379	12.2378
1.0461	12.8123
1.0544	11.9098
1.0626	11.0909
1.0708	11.9243
1.0791	11.3438
1.0873	12.6171
1.0956	11.1651
1.1038	12.8091
1.1120	13.2301
1.1203	11.3419
1.1285	11.8018
1.1367	12.9027
1.1450	12.0000
1.1532	11.9187
1.1615	11.3164
1.1697	12.0694
1.1779	12.7287
1.1862	13.4038
1.1944	11.9490
1.2026	11.6702
1.2109	12.8633
1.2191	12.3882
1.2274	11.9136
1.2356	11.3030
1.2438	12.1064
1.2521	12.8228
1.2603	11.3970
1.2685	11.8915
1.2768	11.2185
1.2850	12.8616
1.2933	11.7894
1.3015	11.8252
1.3097	10.3646
1.3180	10.2840
1.3262	11.3424
1.3344	12.7728
1.3427	11.7824
1.3509	10.1801
1.3592	10.9524
1.3674	11.2600
1.3756	12.8500
1.3839	11.9965
1.3921	11.9777
1.4003	11.8745
1.4086	11.0598
1.4168	12.0992
1.4251	12.6938
1.4333	11.9955
1.4415	11.1233
1.4498	11.8981
1.4580	11.4496
1.4662	13.1663
1.4745	12.7869
1.4827	12.9326
1.4909	12.2799
1.4992	11.3491
1.5074	11.6205
1.5157	11.4235
1.5239	12.0383
1.5321	10.6552
1.5404	11.1532
1.5486	12.0292
1.5568	11.6256
1.5651	12.5665
1.5733	12.1671
1.5816	10.2149
1.5898	11.7781
1.5980	11.0196
1.6063	11.1868
1.6145	11.2199
1.6227	11.1269
1.6310	11.3887
1.6392	11.6444
1.6475	11.6455
1.6557	11.1729
1.6639	10.8601
1.6722	12.8860
1.6804	11.6462
1.6886	10.8390
1.6969	11.0000
1.7051	10.8541
1.7134	10.2572
1.7216	11.6808
1.7298	11.0234
1.7381	11.0887
1.7463	10.9700
1.7545	10.8499
1.7628	10.3003
1.7710	11.9651
1.7793	11.6151
1.7875	10.3572
1.7957	11.6116
1.8040	10.1362
1.8122	10.8605
1.8204	10.8638
1.8287	10.8722
1.8369	10.0801
1.8452	9.8200
1.8534	11.6321
1.8616	10.9569
1.8699	10.6411
1.8781	10.3740
1.8863	10.5581
1.8946	9.9119
1.9028	9.1559
1.9110	9.3280
1.9193	10.0695
1.9275	10.4634
1.9358	10.6875
1.9440	11.4114
1.9522	10.9855
1.9605	10.9762
1.9687	10.6480
1.9769	11.0296
1.9852	10.5715
1.9934	11.1207
2.0017	9.8287
2.0099	9.6223
2.0181	10.8816
2.0264	10.4658
2.0346	11.2706
2.0428	10.9427
2.0511	9.5895
2.0593	10.3090
2.0676	10.8168
2.0758	10.6610
2.0840	9.8853
2.0923	9.6841
2.1005	8.7136
2.1087	11.2144
2.1170	11.5524
2.1252	10.0055
2.1335	10.0069
2.1417	10.3725
2.1499	11.9295
2.1582	11.7117
2.1664	10.9357
2.1746	10.9813
2.1829	10.7135
2.1911	10.0000
2.1994	10.3450
2.2076	11.6585
2.2158	11.0000
2.2241	11.0000
2.2323	10.9515
2.2405	10.5856
2.2488	10.0572
2.2570	10.6438
2.2653	11.8678
2.2735	11.0263
2.2817	10.1952
2.2900	11.0000
2.2982	11.0281
2.3064	10.8628
2.3147	10.0489
2.3229	10.5946
2.3312	10.8006
2.3394	10.1076
2.3476	10.7365
2.3559	11.0155
2.3641	9.9650
2.3723	12.0472
2.3806	11.0304
2.3888	10.2031
2.3970	10.8012
2.4053	10.3750
2.4135	10.9408
2.4218	11.5995
2.4300	10.8383
2.4382	10.3670
2.4465	10.7907
2.4547	10.0000
2.4629	9.9716
2.4712	10.1940
2.4794	11.1763
2.4877	10.6931
2.4959	10.2406
2.5041	10.9801
2.5124	10.5716
2.5206	8.9896
2.5288	9.4729
2.5371	11.0351
2.5453	10.7166
2.5536	10.0000
2.5618	9.8088
2.5700	9.1494
2.5783	9.3541
2.5865	10.1786
2.5947	10.7851
2.6030	10.5933
2.6112	10.1656
2.6195	10.5583
2.6277	10.0680
2.6359	10.3242
2.6442	10.5636
2.6524	10.9174
2.6606	9.6907
2.6689	9.9086
2.6771	11.2383
2.6854	10.4238
2.6936	11.6328
2.7018	11.7689
2.7101	11.1111
2.7183	11.3312
2.7265	11.1344
2.7348	11.8064
2.7430	11.1656
2.7513	11.0000
2.7595	10.8461
2.7677	10.3263
2.7760	10.7071
2.7842	11.8291
2.7924	10.9596
2.8007	10.1145
2.8089	10.4341
2.8172	10.5373
2.8254	11.4415
2.8336	12.4371
2.8419	11.0981
2.8501	11.2438
2.8583	11.7975
2.8666	11.3263
2.8748	11.2511
2.8830	9.2825
2.8913	10.4961
2.8995	11.7170
2.9078	11.0000
2.9160	11.0167
2.9242	10.6107
2.9325	9.6398
2.9407	10.9008
2.9489	10.9611
2.9572	10.6600
2.9654	10.3512
2.9737	10.4391
2.9819	9.8703
2.9901	10.6232
2.9984	9.6809
3.0066	10.1581
3.0148	10.4884
3.0231	10.3494
3.0313	11.3728
3.0396	10.9294
3.0478	9.9093
3.0560	10.8767
3.0643	10.8206
3.0725	10.2457
3.0807	9.5039
3.0890	9.6647
3.0972	10.1646
3.1055	10.4799
3.1137	11.0000
3.1219	10.8967
3.1302	10.3926
3.1384	10.1233
3.1466	11.1649
3.1549	10.7072
3.1631	11.0751
3.1714	11.2558
3.1796	11.4423
3.1878	12.2727
3.1961	12.5052
3.2043	12.0803
3.2125	14.4466
3.2208	14.6758
3.2290	17.9798
3.2373	23.5402
3.2455	25.6408
3.2537	26.7320
3.2620	25.1869
3.2702	22.7230
3.2784	20.8578
3.2867	17.7188
3.2949	17.2616
3.3032	18.1624
3.3114	18.7361
3.3196	18.4208
3.3279	18.0453
3.3361	18.1294
3.3443	18.0581
3.3526	18.1603
3.3608	18.5751
3.3690	19.3675
3.3773	17.9083
3.3855	18.3801
3.3938	19.5268
3.4020	19.7646
3.4102	19.2675
3.4185	19.0000
3.4267	18.7068
3.4349	18.0000
3.4432	18.1370
3.4514	19.0775
3.4597	20.3530
3.4679	19.6602
3.4761	18.9688
3.4844	19.2381
3.4926	20.2556
3.5008	20.4527
3.5091	21.1563
3.5173	22.3383
3.5256	22.5379
3.5338	22.6546
3.5420	21.6281
3.5503	22.7379
3.5585	24.8236
3.5667	24.3336
3.5750	25.0543
3.5832	26.1134
3.5915	26.0435
3.5997	26.7726
3.6079	28.2261
3.6162	28.8235
3.6244	29.8153
3.6326	31.2123
3.6409	36.6011
3.6491	38.2974
3.6574	39.5699
3.6656	41.5550
3.6738	43.7651
3.6821	46.0501
3.6903	47.7822
3.6985	50.6779
3.7068	53.2765
3.7150	56.6997
3.7233	59.5172
3.7315	60.8618
3.7397	62.1330
3.7480	65.6669
3.7562	69.0000
3.7644	70.1704
3.7727	72.9952
3.7809	73.8726
3.7892	75.2592
3.7974	77.8900
3.8056	79.0218
3.8139	77.5518
3.8221	77.8569
3.8303	78.5081
3.8386	77.6788
3.8468	75.9183
3.8550	75.4127
3.8633	74.6157
3.8715	73.6049
3.8798	72.3335
3.8880	70.1757
3.8962	64.4444
0.0000	25.3333
0.0082	27.6448
0.0165	27.6232
0.0247	27.7978
0.0329	27.7386
0.0412	28.0043
0.0494	29.1401
0.0577	28.5411
0.0659	28.4920
0.0741	28.5270
0.0824	28.1036
0.0906	28.1417
0.0988	27.4130
0.1071	28.3764
0.1153	27.8304
0.1236	27.3318
0.1318	26.6977
0.1400	27.9809
0.1483	26.4624
0.1565	27.2453
0.1647	27.2482
0.1730	28.5873
0.1812	28.8197
0.1895	29.1913
0.1977	30.8383
0.2059	29.8006
0.2142	32.1299
0.2224	33.8654
0.2306	34.9274
0.2389	36.8505
0.2471	36.0749
0.2554	39.0872
0.2636	42.9669
0.2718	42.9185
0.2801	44.1647
0.2883	47.7134
0.2965	48.0731
0.3048	50.8323
0.3130	49.7513
0.3213	46.7984
0.3295	48.7258
0.3377	46.4226
0.3460	45.2360
0.3542	44.6446
0.3624	41.8851
0.3707	38.2863
0.3789	37.2377
0.3872	34.5851
0.3954	30.6051
0.4036	30.1167
0.4119	28.0000
0.4201	27.9442
0.4283	26.5060
0.4366	27.4355
0.4448	26.0205
0.4531	26.5425
0.4613	25.0614
0.4695	26.5447
0.4778	25.7848
0.4860	25.4036
0.4942	26.0029
0.5025	25.9877
0.5107	25.7724
0.5189	27.6179
0.5272	28.4091
0.5354	27.2586
0.5437	27.5608
0.5519	27.8915
0.5601	29.8015
0.5684	29.4813
0.5766	28.7029
0.5848	28.2638
0.5931	28.9110
0.6013	29.0992
0.6096	30.9056
0.6178	30.1048
0.6260	30.9940
0.6343	31.0138
0.6425	30.9200
0.6507	30.4432
0.6590	32.8809
0.6672	32.2793
0.6755	31.8227
0.6837	32.9914
0.6919	32.9300
0.7002	34.2352
0.7084	31.3076
0.7166	32.6721
0.7249	31.3020
0.7331	31.9373
0.7414	31.0000
0.7496	30.8717
0.7578	29.0852
0.7661	30.1628
0.7743	28.5725
0.7825	27.8539
0.7908	25.9091
0.7990	26.4418
0.8073	25.0328
0.8155	25.4615
0.8237	24.9321
0.8320	24.1395
0.8402	24.7329
0.8484	22.8330
0.8567	22.8337
0.8649	23.3264
0.8732	22.7504
0.8814	23.3301
0.8896	23.2566
0.8979	21.7584
0.9061	22.1860
0.9143	21.2821
0.9226	21.8764
0.9308	23.0315
0.9391	23.3761
0.9473	23.6228
0.9555	23.0093
0.9638	24.5397
0.9720	23.0666
0.9802	22.9612
0.9885	23.9924
0.9967	24.1260
1.0049	25.9985
1.0132	26.1325
1.0214	27.7554
1.0297	26.1396
1.0379	26.8385
1.0461	31.8123
1.0544	31.4159
1.0626	35.4821
1.0708	34.9024
1.0791	35.7019
1.0873	36.5010
1.0956	36.2186
1.1038	39.0964
1.1120	43.4628
1.1203	52.6709
1.1285	60.1901
1.1367	72.5533
1.1450	84.4631
1.1532	90.5315
1.1615	93.9678
1.1697	95.3453
1.1779	95.1615
1.1862	90.3383
1.1944	83.9389
1.2026	78.8480
1.2109	77.4412
1.2191	77.2515
1.2274	83.5783
1.2356	88.0804
1.2438	98.3675
1.2521	108.1814
1.2603	112.7977
1.2685	112.9511
1.2768	108.5159
1.2850	101.4606
1.2933	93.5034
1.3015	80.4434
1.3097	71.1533
1.3180	58.6279
1.3262	51.1000
1.3344	45.7052
1.3427	39.3504
1.3509	36.4468
1.3592	33.1916
1.3674	29.6904
1.3756	27.6265
1.3839	24.8878
1.3921	23.7618
1.4003	21.8859
1.4086	21.0524
1.4168	20.8209
1.4251	20.1843
1.4333	19.8654
1.4415	19.6162
1.4498	17.9644
1.4580	17.9252
1.4662	18.7502
1.4745	18.4785
1.4827	18.3251
1.4909	18.8034
1.4992	19.1736
1.5074	17.6308
1.5157	17.3531
1.5239	17.3749
1.5321	17.3968
1.5404	17.5504
1.5486	18.1755
1.5568	16.6571
1.5651	18.1107
1.5733	18.7885
1.5816	17.3775
1.5898	16.5275
1.5980	17.6169
1.6063	17.0815
1.6145	17.4984
1.6227	16.8143
1.6310	17.3411
1.6392	17.1342
1.6475	16.0000
1.6557	16.2443
1.6639	17.6762
1.6722	17.0888
1.6804	16.2934
1.6886	16.6674
1.6969	15.7609
1.7051	15.2468
1.7134	15.2752
1.7216	16.6343
1.7298	15.3516
1.7381	16.8027
1.7463	16.0053
1.7545	16.3096
1.7628	17.6878
1.7710	16.0771
1.7793	16.1443
1.7875	17.0789
1.7957	17.9042
1.8040	17.5918
1.8122	16.1334
1.8204	16.8638
1.8287	17.0000
1.8369	16.9678
1.8452	16.8089
1.8534	16.8809
1.8616	16.3868
1.8699	17.0000
1.8781	16.9495
1.8863	16.8252
1.8946	17.5499
1.9028	17.4815
1.9110	18.9688
1.9193	17.7775
1.9275	17.4634
1.9358	17.7758
1.9440	18.8337
1.9522	17.9183
1.9605	17.6785
1.9687	18.0177
1.9769	16.7618
1.9852	18.2319
1.9934	17.4856
2.0017	18.2812
2.0099	19.7216
2.0181	19.9457
2.0264	19.6356
2.0346	19.6986
2.0428	21.6634
2.0511	21.3626
2.0593	21.9639
2.0676	21.6251
2.0758	20.7371
2.0840	21.2930
2.0923	21.7999
2.1005	21.3916
2.1087	23.3966
2.1170	21.8094
2.1252	20.7934
2.1335	20.3635
2.1417	21.5947
2.1499	20.2414
2.1582	20.8048
2.1664	19.7504
2.1746	19.7254
2.1829	22.8774
2.1911	22.9097
2.1994	23.3232
2.2076	24.0000
2.2158	24.0398
2.2241	24.5242
2.2323	25.7948
2.2405	25.7223
2.2488	25.0575
2.2570	26.6755
2.2653	25.3411
2.2735	25.3457
2.2817	25.2606
2.2900	25.0148
2.2982	23.3442
2.3064	23.3058
2.3147	24.1208
2.3229	22.3958
2.3312	22.1994
2.3394	22.6772
2.3476	21.5461
2.3559	22.4186
2.3641	22.7210
2.3723	23.6449
2.3806	22.2939
2.3888	22.2009
2.3970	22.1008
2.4053	23.2135
2.4135	21.7754
2.4218	23.1346
2.4300	20.6624
2.4382	20.1584
2.4465	19.8280
2.4547	19.3007
2.4629	19.6547
2.4712	18.6997
2.4794	18.0000
2.4877	17.7872
2.4959	17.1732
2.5041	17.2884
2.5124	15.2197
2.5206	15.9673
2.5288	15.7609
2.5371	14.8450
2.5453	13.8844
2.5536	13.1652
2.5618	13.0559
2.5700	13.2331
2.5783	13.1828
2.5865	13.6284
2.5947	12.7303
2.6030	11.8687
2.6112	11.9775
2.6195	10.9371
2.6277	10.7656
2.6359	11.3048
2.6442	12.1600
2.6524	11.7991
2.6606	12.5286
2.6689	13.0000
2.6771	13.2595
2.6854	13.9438
2.6936	13.1367
2.7018	12.6939
2.7101	14.7458
2.7183	13.9392
2.7265	13.2323
2.7348	12.6831
2.7430	12.7653
2.7513	12.2354
2.7595	13.0000
2.7677	13.0050
2.7760	12.9938
2.7842	12.6501
2.7924	12.1253
2.8007	11.1824
2.8089	11.9711
2.8172	12.2217
2.8254	10.8421
2.8336	10.5087
2.8419	10.9496
2.8501	10.4621
2.8583	10.7115
2.8666	10.2779
2.8748	10.7326
2.8830	10.2570
2.8913	10.7516
2.8995	9.9942
2.9078	10.2149
2.9160	11.0000
2.9242	11.2057
2.9325	11.2770
2.9407	9.8684
2.9489	10.4831
2.9572	10.7024
2.9654	10.0557
2.9737	11.0345
2.9819	11.3097
2.9901	10.1884
2.9984	10.5313
3.0066	10.0000
3.0148	9.8270
3.0231	9.6867
3.0313	10.5612
3.0396	10.4494
3.0478	10.6921
3.0560	10.8854
3.0643	10.6605
3.0725	10.8733
3.0807	10.4982
3.0890	10.9153
3.0972	12.2902
3.1055	12.3418
3.1137	10.5092
3.1219	11.3869
3.1302	11.1695
3.1384	10.4805
3.1466	10.5384
3.1549	11.7301
3.1631	11.3458
3.1714	11.9845
3.1796	11.2976
3.1878	11.3664
3.1961	11.4117
3.2043	11.7720
3.2125	11.4617
3.2208	12.2838
3.2290	12.3087
3.2373	14.1145
3.2455	20.6495
3.2537	25.7977
3.2620	28.5513
3.2702	29.7301
3.2784	29.3255
3.2867	29.0564
3.2949	26.3532
3.3032	25.1732
3.3114	25.6146
3.3196	26.2450
3.3279	27.5008
3.3361	29.3114
3.3443	29.7102
3.3526	29.7132
3.3608	30.0083
3.3690	31.9853
3.3773	31.6073
3.3855	33.4477
3.3938	33.8614
3.4020	35.1255
3.4102	37.3306
3.4185	38.1406
3.4267	38.0461
3.4349	38.5376
3.4432	39.5143
3.4514	39.4947
3.4597	39.6418
3.4679	40.1392
3.4761	40.3144
3.4844	39.8288
3.4926	38.9843
3.5008	38.5283
3.5091	39.7801
3.5173	39.0914
3.5256	36.6629
3.5338	36.0891
3.5420	36.1901
3.5503	35.8487
3.5585	35.4836
3.5667	35.1650
3.5750	34.1287
3.5832	33.9499
3.5915	33.8148
3.5997	34.1790
3.6079	34.7893
3.6162	34.3619
3.6244	35.9302
3.6326	37.1080
3.6409	36.2751
3.6491	39.6314
3.6574	41.3480
3.6656	42.2931
3.6738	43.4153
3.6821	45.5859
3.6903	48.0387
3.6985	47.6328
3.7068	48.3137
3.7150	46.8731
3.7233	47.5046
3.7315	48.9331
3.7397	48.6317
3.7480	46.1918
3.7562	45.8276
3.7644	45.2587
3.7727	43.3592
3.7809	40.9206
3.7892	39.4757
3.7974	38.0796
3.8056	36.5884
3.8139	34.4577
3.8221	32.3757
3.8303	30.0000
3.8386	29.8403
3.8468	29.0536
3.8550	27.5633
3.8633	26.0378
3.8715	24.9994
3.8798	23.8775
3.8880	21.8081
3.8962	20.6667
0.0000	19.3333
0.0082	17.7122
0.0165	20.3783
0.0247	21.1997
0.0329	19.9988
0.0412	19.5676
0.0494	22.4667
0.0577	22.9951
0.0659	22.0057
0.0741	23.0621
0.0824	23.3446
0.0906	23.2847
0.0988	24.0000
0.1071	24.0183
0.1153	25.9901
0.1236	25.0034
0.1318	25.3688
0.1400	25.6039
0.1483	26.7081
0.1565	25.2984
0.1647	28.7485
0.1730	27.1962
0.1812	26.3973
0.1895	28.0298
0.1977	29.8238
0.2059	27.9169
0.2142	29.9889
0.2224	29.3029
0.2306	29.0933
0.2389	31.0014
0.2471	31.0223
0.2554	31.0322
0.2636	32.0233
0.2718	33.0970
0.2801	34.8441
0.2883	34.6178
0.2965	34.9970
0.3048	34.8657
0.3130	35.1591
0.3213	35.0397
0.3295	36.3396
0.3377	35.0668
0.3460	37.2475
0.3542	37.3251
0.3624	39.0091
0.3707	39.2630
0.3789	37.7090
0.3872	38.7056
0.3954	38.2619
0.4036	39.0000
0.4119	39.0150
0.4201	39.4834
0.4283	40.5105
0.4366	41.5251
0.4448	41.5306
0.4531	41.9149
0.4613	41.5392
0.4695	41.2375
0.4778	43.1681
0.4860	42.4969
0.4942	45.2911
0.5025	45.3913
0.5107	46.6277
0.5189	45.3032
0.5272	45.5370
0.5354	45.5046
0.5437	45.8233
0.5519	49.0708
0.5601	50.8189
0.5684	50.8485
0.5766	50.9932
0.5848	50.7016
0.5931	47.1462
0.6013	46.4345
0.6096	49.1496
0.6178	50.1324
0.6260	52.1071
0.6343	53.8259
0.6425	51.3570
0.6507	54.7212
0.6590	51.8354
0.6672	48.9887
0.6755	47.1247
0.6837	47.2963
0.6919	49.6831
0.7002	50.0856
0.7084	51.3416
0.7166	50.9961
0.7249	50.8675
0.7331	48.5310
0.7414	47.7779
0.7496	42.8923
0.7578	41.2987
0.7661	40.6350
0.7743	40.6238
0.7825	40.8419
0.7908	41.1783
0.7990	41.8292
0.8073	41.9753
0.8155	40.7483
0.8237	37.4110
0.8320	35.6769
0.8402	31.5998
0.8484	33.5811
0.8567	31.4969
0.8649	32.8108
0.8732	33.6753
0.8814	34.1518
0.8896	35.9260
0.8979	33.9023
0.9061	30.9021
0.9143	29.6990
0.9226	28.7632
0.9308	26.0796
0.9391	26.9197
0.9473	25.9750
0.9555	25.6858
0.9638	25.3398
0.9720	27.7523
0.9802	25.9274
0.9885	25.0826
0.9967	24.9147
1.0049	24.0860
1.0132	24.8266
1.0214	23.1637
1.0297	24.5659
1.0379	22.0048
1.0461	21.3657
1.0544	22.8820
1.0626	22.8044
1.0708	21.0575
1.0791	23.3544
1.0873	22.9070
1.0956	22.1651
1.1038	23.4108
1.1120	20.1875
1.1203	19.4753
1.1285	20.8260
1.1367	19.2240
1.1450	21.2346
1.1532	20.9013
1.1615	20.0000
1.1697	19.8999
1.1779	19.0375
1.1862	19.5877
1.1944	20.9018
1.2026	20.0855
1.2109	20.2807
1.2191	19.4484
1.2274	18.4733
1.2356	18.9355
1.2438	18.3679
1.2521	18.3460
1.2603	18.4350
1.2685	19.5695
1.2768	20.5937
1.2850	17.5884
1.2933	20.1844
1.3015	19.7851
1.3097	19.7598
1.3180	19.2104
1.3262	18.4559
1.3344	20.7583
1.3427	20.0997
1.3509	21.5560
1.3592	20.0548
1.3674	20.2246
1.3756	21.9677
1.3839	21.8874
1.3921	20.9807
1.4003	21.0472
1.4086	21.3101
1.4168	23.0689
1.4251	23.0092
1.4333	23.7758
1.4415	23.3645
1.4498	24.6977
1.4580	24.0244
1.4662	25.3608
1.4745	24.1569
1.4827	25.1983
1.4909	24.8034
1.4992	25.3813
1.5074	25.1651
1.5157	24.1755
1.5239	25.3260
1.5321	25.1831
1.5404	26.1979
1.5486	24.5730
1.5568	24.0678
1.5651	24.6674
1.5733	22.4291
1.5816	22.1196
1.5898	22.6109
1.5980	22.7656
1.6063	21.2455
1.6145	21.5547
1.6227	22.7378
1.6310	23.4330
1.6392	24.1402
1.6475	24.8439
1.6557	24.1345
1.6639	26.3187
1.6722	27.8649
1.6804	25.3538
1.6886	25.9536
1.6969	24.5958
1.7051	25.1655
1.7134	25.0627
1.7216	23.8527
1.7298	22.8754
1.7381	22.0802
1.7463	21.7854
1.7545	20.9886
1.7628	20.6912
1.7710	18.8485
1.7793	18.1522
1.7875	19.2719
1.7957	20.1716
1.8040	17.3534
1.8122	18.2884
1.8204	20.0195
1.8287	21.2556
1.8369	22.9686
1.8452	25.2799
1.8534	27.1472
1.8616	29.2706
1.8699	29.3860
1.8781	29.9429
1.8863	30.4384
1.8946	32.6580
1.9028	32.2562
1.9110	31.7940
1.9193	32.6792
1.9275	32.1156
1.9358	30.2134
1.9440	28.9004
1.9522	27.9917
1.9605	25.4434
1.9687	24.7566
1.9769	23.0691
1.9852	20.7348
1.9934	20.8272
2.0017	18.1713
2.0099	18.5497
2.0181	18.0543
2.0264	18.1911
2.0346	17.8563
2.0428	18.4146
2.0511	18.1755
2.0593	18.8599
2.0676	18.3277
2.0758	18.7021
2.0840	17.7642
2.0923	19.9579
2.1005	19.6803
2.1087	19.0473
2.1170	18.9290
2.1252	18.7493
2.1335	17.8259
2.1417	17.3785
2.1499	18.5236
2.1582	17.4053
2.1664	18.7504
2.1746	18.3721
2.1829	19.9542
2.1911	19.7923
2.1994	20.5739
2.2076	22.7185
2.2158	24.1304
2.2241	23.8564
2.2323	24.4447
2.2405	25.6061
2.2488	27.4835
2.2570	29.0793
2.2653	28.3448
2.2735	30.5658
2.2817	28.1952
2.2900	28.5716
2.2982	26.6885
2.3064	25.8915
2.3147	25.7747
2.3229	26.9018
2.3312	26.7928
2.3394	28.0452
2.3476	28.0817
2.3559	29.1559
2.3641	30.1143
2.3723	29.7357
2.3806	32.9225
2.3888	34.4074
2.3970	36.3677
2.4053	38.7265
2.4135	40.8903
2.4218	40.6134
2.4300	40.6998
2.4382	39.4329
2.4465	38.5751
2.4547	36.7685
2.4629	33.1841
2.4712	32.2768
2.4794	29.3829
2.4877	26.8709
2.4959	25.6573
2.5041	23.6132
2.5124	22.0096
2.5206	21.1230
2.5288	17.7837
2.5371	17.3803
2.5453	17.9031
2.5536	15.2576
2.5618	16.0279
2.5700	18.3460
2.5783	21.3655
2.5865	25.2267
2.5947	20.9888
2.6030	17.1313
2.6112	16.3023
2.6195	14.9754
2.6277	15.1496
2.6359	14.6290
2.6442	15.8802
2.6524	16.7991
2.6606	18.0224
2.6689	20.3154
2.6771	21.7118
2.6854	26.4637
2.6936	30.6751
2.7018	34.6169
2.7101	36.1273
2.7183	39.7476
2.7265	38.5663
2.7348	37.1184
2.7430	35.1896
2.7513	33.5064
2.7595	31.7599
2.7677	29.2124
2.7760	26.6956
2.7842	26.1374
2.7924	23.6063
2.8007	21.1703
2.8089	20.0648
2.8172	19.0830
2.8254	16.1734
2.8336	16.3572
2.8419	16.9369
2.8501	16.1843
2.8583	14.1949
2.8666	13.7705
2.8748	13.0423
2.8830	13.2570
2.8913	13.2583
2.8995	11.5078
2.9078	12.4798
2.9160	11.4991
2.9242	12.2999
2.9325	11.4462
2.9407	12.2319
2.9489	10.4780
2.9572	10.1214
2.9654	11.0000
2.9737	10.7456
2.9819	10.4486
2.9901	11.5480
2.9984	10.5602
3.0066	9.9999
3.0148	11.7421
3.0231	10.8321
3.0313	10.6321
3.0396	11.4494
3.0478	11.3878
3.0560	10.9089
3.0643	11.0000
3.0725	10.8733
3.0807	10.8925
3.0890	11.5832
3.0972	10.3825
3.1055	10.6188
3.1137	11.0250
3.1219	11.1902
3.1302	12.2668
3.1384	10.9921
3.1466	11.0263
3.1549	11.1891
3.1631	11.6020
3.1714	11.3189
3.1796	11.5321
3.1878	11.4187
3.1961	11.0000
3.2043	11.0000
3.2125	11.5094
3.2208	12.3929
3.2290	11.6270
3.2373	13.2321
3.2455	14.1593
3.2537	15.5028
3.2620	18.1120
3.2702	21.8446
3.2784	25.7437
3.2867	31.0825
3.2949	33.3016
3.3032	31.5285
3.3114	29.7668
3.3196	28.6566
3.3279	28.7740
3.3361	31.6342
3.3443	34.4033
3.3526	33.7960
3.3608	35.1336
3.3690	36.4646
3.3773	36.5701
3.3855	38.8194
3.3938	40.6762
3.4020	43.2093
3.4102	45.3936
3.4185	46.2672
3.4267	47.6371
3.4349	48.6679
3.4432	50.4521
3.4514	51.6799
3.4597	52.2640
3.4679	52.7464
3.4761	52.4305
3.4844	53.0450
3.4926	52.4912
3.5008	52.6101
3.5091	50.7560
3.5173	49.5973
3.5256	48.4774
3.5338	47.0040
3.5420	44.5069
3.5503	43.6211
3.5585	42.3827
3.5667	41.1790
3.5750	39.5111
3.5832	37.5801
3.5915	36.3855
3.5997	34.0761
3.6079	31.7518
3.6162	31.1051
3.6244	31.0168
3.6326	31.0626
3.6409	30.7275
3.6491	30.6512
3.6574	32.9407
3.6656	34.3318
3.6738	33.6857
3.6821	35.2109
3.6903	36.6758
3.6985	38.2191
3.7068	39.3692
3.7150	40.1860
3.7233	40.9648
3.7315	41.8762
3.7397	41.1410
3.7480	41.8419
3.7562	41.1751
3.7644	41.5882
3.7727	40.7609
3.7809	41.1012
3.7892	38.7414
3.7974	38.3502
3.8056	36.8132
3.8139	35.9757
3.8221	34.3460
3.8303	32.5111
3.8386	30.8295
3.8468	29.1822
3.8550	28.1208
3.8633	27.1915
3.8715	27.2029
3.8798	25.6697
3.8880	24.1933
3.8962	24.0000
0.0000	20.3333
0.0082	21.2899
0.0165	21.6244
0.0247	22.5999
0.0329	22.0024
0.0412	22.8887
0.0494	23.9376
0.0577	25.9900
0.0659	24.0245
0.0741	25.4674
0.0824	25.0951
0.0906	23.8661
0.0988	25.5923
0.1071	25.1501
0.1153	25.3707
0.1236	26.3250
0.1318	24.9976
0.1400	29.0973
0.1483	27.7151
0.1565	26.7548
0.1647	26.7077
0.1730	27.9852
0.1812	27.0407
0.1895	29.6554
0.1977	28.7032
0.2059	28.0176
0.2142	29.0147
0.2224	29.8127
0.2306	28.0933
0.2389	29.9789
0.2471	29.0103
0.2554	29.9464
0.2636	28.1092
0.2718	30.0530
0.2801	30.0240
0.2883	30.9729
0.2965	29.9056
0.3048	30.8323
0.3130	29.8185
0.3213	29.1752
0.3295	28.7928
0.3377	28.7553
0.3460	28.2731
0.3542	28.9917
0.3624	28.7054
0.3707	28.6402
0.3789	27.3383
0.3872	27.3694
0.3954	27.6568
0.4036	28.7797
0.4119	28.0555
0.4201	29.5724
0.4283	30.0441
0.4366	29.5251
0.4448	29.5140
0.4531	29.6200
0.4613	30.0789
0.4695	32.0803
0.4778	33.9509
0.4860	32.9061
0.4942	36.3831
0.5025	37.0286
0.5107	37.6113
0.5189	35.8066
0.5272	34.3431
0.5354	31.6716
0.5437	30.2504
0.5519	30.7690
0.5601	30.2290
0.5684	31.1847
0.5766	31.6826
0.5848	30.8844
0.5931	30.8191
0.6013	29.1989
0.6096	30.2961
0.6178	33.0262
0.6260	34.1061
0.6343	36.0388
0.6425	36.8548
0.6507	34.7249
0.6590	30.1847
0.6672	31.8912
0.6755	31.6132
0.6837	29.4897
0.6919	30.5238
0.7002	33.5347
0.7084	35.0872
0.7166	32.9663
0.7249	31.5563
0.7331	31.9231
0.7414	28.3249
0.7496	28.5298
0.7578	26.3378
0.7661	26.6822
0.7743	26.1731
0.7825	28.4178
0.7908	26.0770
0.7990	27.0577
0.8073	26.4531
0.8155	25.4615
0.8237	25.0340
0.8320	25.3178
0.8402	23.4561
0.8484	23.7989
0.8567	24.2481
0.8649	22.4192
0.8732	23.0262
0.8814	23.2537
0.8896	22.2839
0.8979	21.9781
0.9061	21.7160
0.9143	21.3386
0.9226	19.2641
0.9308	19.6742
0.9391	18.4172
0.9473	21.1168
0.9555	20.6040
0.9638	19.2755
0.9720	21.0740
0.9802	20.7822
0.9885	19.1671
0.9967	19.8314
1.0049	17.8298
1.0132	16.2294
1.0214	18.0037
1.0297	18.0585
1.0379	18.1547
1.0461	19.5168
1.0544	17.7367
1.0626	16.6088
1.0708	18.1734
1.0791	18.1772
1.0873	17.9070
1.0956	17.0000
1.1038	17.0698
1.1120	17.5126
1.1203	15.7714
1.1285	17.2297
1.1367	16.3777
1.1450	16.7535
1.1532	17.7045
1.1615	16.7440
1.1697	17.9853
1.1779	16.6107
1.1862	16.4348
1.1944	16.0491
1.2026	16.3789
1.2109	15.4319
1.2191	14.5516
1.2274	15.4649
1.2356	14.5187
1.2438	15.4976
1.2521	14.4161
1.2603	14.8543
1.2685	13.6375
1.2768	13.9986
1.2850	15.2833
1.2933	15.5526
1.3015	15.7216
1.3097	15.2402
1.3180	15.5834
1.3262	15.0000
1.3344	14.9854
1.3427	15.0092
1.3509	15.8103
1.3592	15.1163
1.3674	15.8830
1.3756	14.8845
1.3839	14.3597
1.3921	16.7915
1.4003	15.9887
1.4086	15.7747
1.4168	15.2700
1.4251	15.7121
1.4333	14.8497
1.4415	17.4328
1.4498	19.0987
1.4580	19.7518
1.4662	16.7621
1.4745	16.5100
1.4827	15.1816
1.4909	15.9458
1.4992	15.7073
1.5074	16.3304
1.5157	16.2291
1.5239	15.1630
1.5321	16.2065
1.5404	15.9881
1.5486	14.9550
1.5568	15.5239
1.5651	15.7696
1.5733	14.6422
1.5816	15.5046
1.5898	14.9252
1.5980	14.2527
1.6063	13.4359
1.6145	15.0850
1.6227	15.5363
1.6310	15.1195
1.6392	16.0000
1.6475	16.0000
1.6557	16.1026
1.6639	16.6401
1.6722	16.0332
1.6804	16.1798
1.6886	15.8283
1.6969	15.0999
1.7051	16.5652
1.7134	15.5155
1.7216	14.4981
1.7298	16.1489
1.7381	12.2374
1.7463	13.1142
1.7545	13.8405
1.7628	13.2991
1.7710	14.7971
1.7793	13.8398
1.7875	13.0789
1.7957	13.7653
1.8040	12.8820
1.8122	12.1240
1.8204	11.7146
1.8287	14.0019
1.8369	15.0000
1.8452	15.1220
1.8534	15.7907
1.8616	16.0731
1.8699	16.2355
1.8781	15.4750
1.8863	16.3348
1.8946	16.4581
1.9028	17.1779
1.9110	16.3672
1.9193	16.9636
1.9275	16.0000
1.9358	15.9226
1.9440	15.3446
1.9522	14.4891
1.9605	14.2995
1.9687	13.4454
1.9769	13.5210
1.9852	13.8302
1.9934	12.9590
2.0017	12.7646
2.0099	13.0000
2.0181	13.1825
2.0264	14.0000
2.0346	13.5673
2.0428	13.8212
2.0511	13.1357
2.0593	13.6910
2.0676	13.3277
2.0758	14.0287
2.0840	13.9861
2.0923	13.0985
2.1005	12.3145
2.1087	12.3475
2.1170	13.9479
2.1252	13.7934
2.1335	13.0000
2.1417	12.6360
2.1499	11.2127
2.1582	12.1846
2.1664	13.3414
2.1746	14.4826
2.1829	13.4503
2.1911	14.5889
2.1994	13.7814
2.2076	15.4133
2.2158	17.0906
2.2241	16.6686
2.2323	17.2537
2.2405	17.4672
2.2488	18.2402
2.2570	18.1931
2.2653	18.8062
2.2735	18.1945
2.2817	18.6096
2.2900	16.8041
2.2982	16.4775
2.3064	18.3615
2.3147	17.7909
2.3229	17.2897
2.3312	18.4905
2.3394	18.4301
2.3476	17.9115
2.3559	17.7829
2.3641	18.9660
2.3723	20.7047
2.3806	22.3475
2.3888	23.7978
2.3970	24.9162
2.4053	27.1727
2.4135	25.8981
2.4218	25.0923
2.4300	24.4404
2.4382	24.0835
2.4465	23.9007
2.4547	22.2679
2.4629	22.3661
2.4712	20.8124
2.4794	20.0716
2.4877	19.7725
2.4959	18.5358
2.5041	16.7912
2.5124	15.5736
2.5206	13.7779
2.5288	13.4870
2.5371	15.1416
2.5453	15.2155
2.5536	13.1954
2.5618	13.6812
2.5700	12.8130
2.5783	12.1712
2.5865	12.1931
2.5947	12.2938
2.6030	12.5792
2.6112	12.7991
2.6195	12.6147
2.6277	11.9977
2.6359	14.0468
2.6442	13.2262
2.6524	14.2869
2.6606	15.5369
2.6689	17.0047
2.6771	18.8532
2.6854	20.5133
2.6936	22.0085
2.7018	23.3836
2.7101	23.5845
2.7183	25.4164
2.7265	24.7667
2.7348	24.0000
2.7430	23.6734
2.7513	22.3334
2.7595	20.7221
2.7677	18.5753
2.7760	18.2321
2.7842	18.1036
2.7924	18.2396
2.8007	17.8297
2.8089	18.4863
2.8172	16.4433
2.8254	14.0419
2.8336	14.5629
2.8419	15.4156
2.8501	14.0263
2.8583	14.3095
2.8666	14.4781
2.8748	13.1614
2.8830	13.7175
2.8913	12.5053
2.8995	11.2481
2.9078	11.7737
2.9160	11.1005
2.9242	11.2280
2.9325	11.7218
2.9407	10.9801
2.9489	10.2898
2.9572	10.4838
2.9654	10.0502
2.9737	10.3624
2.9819	10.8199
2.9901	10.8652
2.9984	10.2090
3.0066	9.7927
3.0148	10.2442
3.0231	10.3357
3.0313	10.9291
3.0396	10.3148
3.0478	11.2321
3.0560	11.2091
3.0643	10.3983
3.0725	9.8733
3.0807	10.1581
3.0890	12.1904
3.0972	12.4976
3.1055	11.9875
3.1137	11.1674
3.1219	10.0000
3.1302	10.0978
3.1384	10.4274
3.1466	10.8613
3.1549	11.2928
3.1631	10.8045
3.1714	10.4577
3.1796	11.0000
3.1878	11.2149
3.1961	12.0832
3.2043	12.4218
3.2125	11.4471
3.2208	11.9096
3.2290	12.2763
3.2373	12.4236
3.2455	11.2349
3.2537	12.2888
3.2620	13.0112
3.2702	13.5750
3.2784	16.6953
3.2867	21.5264
3.2949	24.1073
3.3032	27.1624
3.3114	27.0827
3.3196	25.6182
3.3279	25.2598
3.3361	23.0517
3.3443	23.8913
3.3526	25.7389
3.3608	26.5655
3.3690	27.6344
3.3773	26.9613
3.3855	27.5340
3.3938	27.9147
3.4020	29.2523
3.4102	28.4165
3.4185	27.8774
3.4267	30.3706
3.4349	31.3965
3.4432	31.4938
3.4514	31.6278
3.4597	31.9876
3.4679	31.8789
3.4761	32.1898
3.4844	32.9563
3.4926	31.8651
3.5008	31.7712
3.5091	31.1118
3.5173	30.5747
3.5256	29.8086
3.5338	28.1978
3.5420	27.3554
3.5503	27.5007
3.5585	27.7511
3.5667	27.5969
3.5750	26.1287
3.5832	26.1002
3.5915	26.0196
3.5997	25.5567
3.6079	26.3087
3.6162	26.9765
3.6244	26.9457
3.6326	26.6770
3.6409	26.9286
3.6491	28.3643
3.6574	27.2901
3.6656	28.6100
3.6738	29.6572
3.6821	29.1297
3.6903	29.7583
3.6985	30.8576
3.7068	30.3578
3.7150	29.8895
3.7233	31.3848
3.7315	31.7638
3.7397	30.9094
3.7480	31.1858
3.7562	30.6786
3.7644	29.4580
3.7727	28.5523
3.7809	28.5598
3.7892	26.5687
3.7974	24.7914
3.8056	25.3869
3.8139	25.0000
3.8221	24.3656
3.8303	22.6779
3.8386	21.3526
3.8468	20.7633
3.8550	21.9668
3.8633	20.7561
3.8715	19.6682
3.8798	18.9549
3.8880	19.0014
3.8962	17.5556
0.0000	15.6667
0.0082	16.6441
0.0165	15.6249
0.0247	16.9970
0.0329	15.5861
0.0412	17.9984
0.0494	17.5353
0.0577	17.4864
0.0659	17.4975
0.0741	18.4730
0.0824	18.8869
0.0906	17.5880
0.0988	19.4077
0.1071	19.8816
0.1153	23.2137
0.1236	24.9756
0.1318	22.5779
0.1400	21.7646
0.1483	21.1052
0.1565	21.9933
0.1647	21.4639
0.1730	21.8100
0.1812	23.0087
0.1895	23.4873
0.1977	23.1448
0.2059	23.2586
0.2142	24.1937
0.2224	24.0351
0.2306	25.8539
0.2389	24.1122
0.2471	27.9244
0.2554	26.0216
0.2636	26.9676
0.2718	26.9457
0.2801	26.9479
0.2883	27.9093
0.2965	28.2782
0.3048	29.6906
0.3130	28.7309
0.3213	30.7872
0.3295	29.7821
0.3377	29.5183
0.3460	31.5278
0.3542	32.4187
0.3624	31.3347
0.3707	32.6461
0.3789	32.9966
0.3872	33.4356
0.3954	35.5842
0.4036	34.6101
0.4119	35.0000
0.4201	35.0719
0.4283	37.0194
0.4366	37.5265
0.4448	38.0641
0.4531	39.0103
0.4613	37.5697
0.4695	37.8787
0.4778	38.8094
0.4860	39.0157
0.4942	39.3559
0.5025	39.2624
0.5107	37.7446
0.5189	40.3305
0.5272	38.5202
0.5354	39.7533
0.5437	39.8787
0.5519	41.9904
0.5601	41.6532
0.5684	38.2213
0.5766	36.2971
0.5848	36.7689
0.5931	36.9743
0.6013	39.9560
0.6096	39.1418
0.6178	39.8952
0.6260	38.9535
0.6343	37.8915
0.6425	35.9471
0.6507	35.2196
0.6590	37.8489
0.6672	36.5549
0.6755	36.0650
0.6837	37.1294
0.6919	36.7823
0.7002	35.9173
0.7084	34.4931
0.7166	33.1727
0.7249	32.1779
0.7331	30.9025
0.7414	29.4770
0.7496	30.7297
0.7578	32.0000
0.7661	31.9345
0.7743	30.9338
0.7825	29.8935
0.7908	28.3535
0.7990	27.2954
0.8073	26.4159
0.8155	25.4485
0.8237	24.5915
0.8320	26.0355
0.8402	25.4472
0.8484	25.6137
0.8567	26.0000
0.8649	25.8056
0.8732	23.2015
0.8814	21.3549
0.8896	21.6927
0.8979	21.6597
0.9061	20.9429
0.9143	20.0853
0.9226	18.3604
0.9308	20.1916
0.9391	22.3532
0.9473	21.0125
0.9555	21.0507
0.9638	20.1106
0.9720	19.9299
0.9802	18.1339
0.9885	18.0788
0.9967	17.8974
1.0049	17.2601
1.0132	19.9778
1.0214	19.9191
1.0297	19.7710
1.0379	18.0936
1.0461	18.2858
1.0544	19.0000
1.0626	18.9725
1.0708	18.5458
1.0791	17.4865
1.0873	17.9906
1.0956	15.9262
1.1038	17.2937
1.1120	15.7968
1.1203	18.0000
1.1285	17.9035
1.1367	17.1311
1.1450	18.2358
1.1532	17.0987
1.1615	17.8835
1.1697	16.7710
1.1779	15.9233
1.1862	15.8901
1.1944	15.1572
1.2026	16.4153
1.2109	15.4645
1.2191	15.5979
1.2274	15.8849
1.2356	16.4363
1.2438	17.0138
1.2521	17.7157
1.2603	15.5049
1.2685	16.9672
1.2768	16.8461
1.2850	17.8593
1.2933	16.9156
1.3015	16.1910
1.3097	16.1121
1.3180	16.9807
1.3262	16.7541
1.3344	15.9004
1.3427	15.4260
1.3509	17.8199
1.3592	16.9385
1.3674	16.1217
1.3756	17.2472
1.3839	18.7547
1.3921	17.1578
1.4003	18.0141
1.4086	18.5160
1.4168	16.9890
1.4251	16.9010
1.4333	16.9670
1.4415	16.5831
1.4498	15.8880
1.4580	16.6497
1.4662	18.1667
1.4745	17.0308
1.4827	17.1983
1.4909	16.6949
1.4992	16.7959
1.5074	18.0854
1.5157	18.8662
1.5239	19.4189
1.5321	16.2407
1.5404	15.2946
1.5486	16.1033
1.5568	16.0716
1.5651	16.3777
1.5733	15.7071
1.5816	16.8647
1.5898	16.0612
1.5980	16.4870
1.6063	16.8132
1.6145	16.8864
1.6227	17.8263
1.6310	19.1395
1.6392	19.7643
1.6475	18.3545
1.6557	18.6609
1.6639	18.2176
1.6722	17.9005
1.6804	17.4002
1.6886	17.2446
1.6969	14.8790
1.7051	14.3730
1.7134	15.5155
1.7216	14.3508
1.7298	15.8655
1.7381	16.0000
1.7463	15.9842
1.7545	15.6656
1.7628	14.1652
1.7710	15.0138
1.7793	15.1406
1.7875	15.3572
1.7957	17.1967
1.8040	18.9734
1.8122	20.2946
1.8204	21.4729
1.8287	23.3110
1.8369	24.3465
1.8452	26.4710
1.8534	27.5927
1.8616	26.9318
1.8699	27.6801
1.8781	25.7200
1.8863	24.4504
1.8946	24.6178
1.9028	22.3791
1.9110	20.7789
1.9193	18.5765
1.9275	18.6281
1.9358	18.8235
1.9440	17.9818
1.9522	17.7513
1.9605	16.4434
1.9687	16.2434
1.9769	17.3519
1.9852	16.8984
1.9934	16.6799
2.0017	18.1713
2.0099	18.7795
2.0181	19.5511
2.0264	20.5636
2.0346	19.9716
2.0428	20.7947
2.0511	20.7847
2.0593	20.0072
2.0676	20.6138
2.0758	18.7183
2.0840	18.1147
2.0923	17.8421
2.1005	17.2583
2.1087	17.8463
2.1170	16.7421
2.1252	15.4242
2.1335	17.1979
2.1417	17.9842
2.1499	18.4748
2.1582	20.8393
2.1664	20.8275
2.1746	21.0698
2.1829	22.3273
2.1911	21.5082
2.1994	23.6987
2.2076	23.7763
2.2158	23.5800
2.2241	23.2440
2.2323	21.6180
2.2405	20.1917
2.2488	21.1924
2.2570	21.4126
2.2653	19.2786
2.2735	20.0978
2.2817	18.8349
2.2900	18.4524
2.2982	19.4566
2.3064	19.5301
2.3147	19.4942
2.3229	19.6138
2.3312	20.2960
2.3394	21.1847
2.3476	20.5853
2.3559	22.7045
2.3641	24.0375
2.3723	25.0761
2.3806	25.4848
2.3888	26.4074
2.3970	28.2748
2.4053	29.9557
2.4135	30.9879
2.4218	28.4037
2.4300	24.0528
2.4382	20.1082
2.4465	18.4094
2.4547	16.1564
2.4629	15.8672
2.4712	14.9111
2.4794	14.5950
2.4877	13.4653
2.4959	14.9427
2.5041	14.7350
2.5124	14.2087
2.5206	14.7700
2.5288	13.5499
2.5371	11.7128
2.5453	10.9500
2.5536	10.2345
2.5618	10.7371
2.5700	12.4069
2.5783	13.6459
2.5865	13.1786
2.5947	13.6108
2.6030	13.3927
2.6112	14.4602
2.6195	13.9501
2.6277	15.6977
2.6359	16.3524
2.6442	19.3240
2.6524	22.4597
2.6606	25.8379
2.6689	27.5422
2.6771	31.4557
2.6854	33.8954
2.6936	33.4130
2.7018	32.6551
2.7101	30.6725
2.7183	27.5349
2.7265	25.5335
2.7348	23.5725
2.7430	21.6962
2.7513	19.8870
2.7595	18.9097
2.7677	16.2774
2.7760	15.0723
2.7842	14.7026
2.7924	13.1355
2.8007	14.3068
2.8089	14.0014
2.8172	12.8770
2.8254	14.5757
2.8336	12.7163
2.8419	11.9532
2.8501	11.2175
2.8583	11.9350
2.8666	11.7390
2.8748	10.4762
2.8830	9.2416
2.8913	9.7530
2.8995	9.2482
2.9078	9.6496
2.9160	9.2495
2.9242	9.7498
2.9325	9.0000
2.9407	9.3182
2.9489	9.8041
2.9572	8.6054
2.9654	9.5995
2.9737	9.9095
2.9819	9.0617
2.9901	9.4520
2.9984	9.8167
3.0066	9.4854
3.0148	9.8270
3.0231	9.3373
3.0313	9.2851
3.0396	9.8121
3.0478	10.6957
3.0560	10.1059
3.0643	10.8616
3.0725	10.7012
3.0807	10.0057
3.0890	9.8747
3.0972	9.8125
3.1055	10.5694
3.1137	10.5426
3.1219	10.1198
3.1302	9.8284
3.1384	10.9374
3.1466	10.7292
3.1549	11.1150
3.1631	11.6020
3.1714	11.1864
3.1796	10.9364
3.1878	10.9036
3.1961	10.6954
3.2043	9.5186
3.2125	10.0000
3.2208	10.2755
3.2290	11.2763
3.2373	11.7230
3.2455	11.0164
3.2537	11.0374
3.2620	11.2989
3.2702	12.5705
3.2784	14.5891
3.2867	17.4560
3.2949	21.3943
3.3032	23.5882
3.3114	26.8517
3.3196	25.7453
3.3279	23.3185
3.3361	23.3105
3.3443	23.8871
3.3526	25.7083
3.3608	25.7929
3.3690	25.6341
3.3773	26.7018
3.3855	27.5793
3.3938	29.2903
3.4020	30.1875
3.4102	31.0956
3.4185	32.9614
3.4267	35.4917
3.4349	36.5392
3.4432	35.1083
3.4514	36.5427
3.4597	38.2626
3.4679	36.8273
3.4761	37.4194
3.4844	37.1044
3.4926	37.6608
3.5008	39.3310
3.5091	39.5880
3.5173	39.2261
3.5256	37.9844
3.5338	35.4110
3.5420	34.7796
3.5503	34.0985
3.5585	33.4665
3.5667	32.5509
3.5750	31.8866
3.5832	30.9037
3.5915	29.6691
3.5997	30.3012
3.6079	29.0000
3.6162	28.9529
3.6244	28.9251
3.6326	28.0979
3.6409	26.6514
3.6491	28.6166
3.6574	30.0104
3.6656	30.3858
3.6738	31.0812
3.6821	30.9635
3.6903	31.1205
3.6985	30.8710
3.7068	30.2763
3.7150	30.7626
3.7233	31.6152
3.7315	31.3354
3.7397	32.5773
3.7480	32.7566
3.7562	32.8276
3.7644	32.6829
3.7727	32.1249
3.7809	31.1167
3.7892	30.6103
3.7974	28.9380
3.8056	28.5751
3.8139	28.0000
3.8221	27.4997
3.8303	26.4919
3.8386	26.3450
3.8468	25.8237
3.8550	24.9289
3.8633	23.4243
3.8715	22.5341
3.8798	21.9200
3.8880	20.8819
3.8962	20.4444
0.0000	17.0000
0.0082	19.6457
0.0165	20.8668
0.0247	19.4010
0.0329	20.4219
0.0412	20.8879
0.0494	21.6084
0.0577	22.0024
0.0659	22.5025
0.0741	21.5393
0.0824	23.0024
0.0906	23.2802
0.0988	23.4112
0.1071	24.2304
0.1153	23.7315
0.1236	24.6778
0.1318	24.7054
0.1400	26.6759
0.1483	24.2884
0.1565	25.5069
0.1647	26.2156
0.1730	25.1869
0.1812	23.8352
0.1895	25.1886
0.1977	26.7201
0.2059	27.0134
0.2142	27.8063
0.2224	27.9473
0.2306	25.2965
0.2389	31.8611
0.2471	29.9892
0.2554	30.0648
0.2636	32.8817
0.2718	31.9250
0.2801	31.0743
0.2883	31.0421
0.2965	32.6497
0.3048	32.9702
0.3130	31.8633
0.3213	32.7597
0.3295	30.8268
0.3377	31.9488
0.3460	30.2804
0.3542	31.1846
0.3624	31.2946
0.3707	31.2847
0.3789	30.3488
0.3872	30.5975
0.3954	29.4367
0.4036	30.9934
0.4119	30.8213
0.4201	30.0199
0.4283	30.5112
0.4366	29.9817
0.4448	29.5445
0.4531	30.9585
0.4613	29.9655
0.4695	31.8893
0.4778	32.9428
0.4860	31.6481
0.4942	32.2366
0.5025	31.0164
0.5107	31.3859
0.5189	32.9370
0.5272	31.6360
0.5354	33.6153
0.5437	30.7826
0.5519	32.9528
0.5601	32.0479
0.5684	33.0155
0.5766	33.2681
0.5848	33.2041
0.5931	34.9475
0.6013	35.6485
0.6096	33.1418
0.6178	33.9481
0.6260	34.0582
0.6343	34.8630
0.6425	32.9844
0.6507	32.3836
0.6590	36.8333
0.6672	36.6460
0.6755	35.8391
0.6837	35.4843
0.6919	38.3863
0.7002	36.6194
0.7084	36.5409
0.7166	35.9243
0.7249	34.8221
0.7331	36.0279
0.7414	36.4644
0.7496	37.3550
0.7578	37.3635
0.7661	37.5933
0.7743	36.9487
0.7825	36.1703
0.7908	35.9615
0.7990	35.3662
0.8073	34.1648
0.8155	34.8956
0.8237	33.3776
0.8320	32.1480
0.8402	33.9303
0.8484	31.3863
0.8567	30.8534
0.8649	28.9072
0.8732	27.7727
0.8814	28.5449
0.8896	27.1054
0.8979	28.5060
0.9061	29.3587
0.9143	28.0971
0.9226	29.0794
0.9308	27.4757
0.9391	28.3524
0.9473	28.5828
0.9555	31.6858
0.9638	31.4131
0.9720	34.8446
0.9802	35.2291
0.9885	36.9962
0.9967	37.0680
1.0049	38.2605
1.0132	40.5991
1.0214	37.4570
1.0297	41.7844
1.0379	43.0133
1.0461	45.4195
1.0544	51.6544
1.0626	61.4628
1.0708	68.4862
1.0791	76.7957
1.0873	81.1069
1.0956	83.4820
1.1038	82.9365
1.1120	76.9149
1.1203	68.9794
1.1285	65.3366
1.1367	59.4115
1.1450	59.7786
1.1532	58.4956
1.1615	65.7949
1.1697	73.0872
1.1779	73.9780
1.1862	74.6709
1.1944	75.7444
1.2026	73.1637
1.2109	69.5463
1.2191	61.8215
1.2274	55.8966
1.2356	49.4948
1.2438	44.8386
1.2521	40.9206
1.2603	37.2200
1.2685	33.7078
1.2768	33.4545
1.2850	30.1384
1.2933	31.4057
1.3015	32.8964
1.3097	33.7381
1.3180	33.1906
1.3262	33.4579
1.3344	34.7595
1.3427	35.0213
1.3509	35.7785
1.3592	34.0692
1.3674	34.1926
1.3756	35.0183
1.3839	35.0070
1.3921	35.6372
1.4003	39.6160
1.4086	37.4149
1.4168	38.9201
1.4251	39.0944
1.4333	39.4124
1.4415	37.1564
1.4498	37.0543
1.4580	35.9507
1.4662	34.0130
1.4745	32.3216
1.4827	31.0337
1.4909	31.1775
1.4992	30.2438
1.5074	29.3320
1.5157	29.4312
1.5239	30.5868
1.5321	32.0000
1.5404	32.2084
1.5486	33.6920
1.5568	34.8556
1.5651	37.1064
1.5733	37.9319
1.5816	37.6714
1.5898	38.9277
1.5980	38.8305
1.6063	36.5897
1.6145	34.7842
1.6227	31.7223
1.6310	30.0443
1.6392	30.1258
1.6475	28.5465
1.6557	27.4340
1.6639	26.4276
1.6722	24.1776
1.6804	22.5336
1.6886	23.1882
1.6969	23.1422
1.7051	22.9789
1.7134	22.9313
1.7216	23.7462
1.7298	27.3767
1.7381	30.5948
1.7463	34.2988
1.7545	36.6024
1.7628	39.9987
1.7710	40.1166
1.7793	40.6230
1.7875	39.1140
1.7957	38.8894
1.8040	38.3743
1.8122	36.1709
1.8204	35.3049
1.8287	34.2250
1.8369	33.9778
1.8452	31.4574
1.8534	29.6321
1.8616	28.6384
1.8699	26.4344
1.8781	24.8393
1.8863	23.8386
1.8946	22.9540
1.9028	22.7988
1.9110	23.0000
1.9193	22.7663
1.9275	21.5546
1.9358	21.6875
1.9440	22.5777
1.9522	22.8111
1.9605	22.0348
1.9687	22.6296
1.9769	22.8050
1.9852	21.7686
1.9934	21.6202
2.0017	21.1896
2.0099	19.2298
2.0181	20.1416
2.0264	19.3644
2.0346	19.9035
2.0428	20.6199
2.0511	20.2153
2.0593	21.4129
2.0676	22.5800
2.0758	23.2817
2.0840	24.1134
2.0923	25.6670
2.1005	27.6361
2.1087	27.9036
2.1170	31.0000
2.1252	30.8292
2.1335	30.0154
2.1417	30.0377
2.1499	30.2479
2.1582	31.0360
2.1664	30.7357
2.1746	29.7694
2.1829	29.3862
2.1911	30.7498
2.1994	33.4355
2.2076	31.2244
2.2158	32.2498
2.2241	32.9022
2.2323	34.5553
2.2405	34.4912
2.2488	37.6454
2.2570	37.2219
2.2653	37.5806
2.2735	41.7871
2.2817	44.4614
2.2900	47.5081
2.2982	50.1614
2.3064	52.8555
2.3147	53.5661
2.3229	51.3145
2.3312	49.3256
2.3394	44.3054
2.3476	42.3157
2.3559	38.4410
2.3641	34.7525
2.3723	30.8421
2.3806	28.9696
2.3888	29.7279
2.3970	28.2805
2.4053	26.4475
2.4135	25.1105
2.4218	23.4933
2.4300	21.5430
2.4382	18.4595
2.4465	19.6851
2.4547	17.8764
2.4629	17.5786
2.4712	15.6010
2.4794	14.3030
2.4877	15.0397
2.4959	14.5459
2.5041	13.2287
2.5124	14.2107
2.5206	14.7739
2.5288	14.4642
2.5371	16.4206
2.5453	18.0974
2.5536	19.1891
2.5618	21.4383
2.5700	24.0008
2.5783	28.5891
2.5865	32.5062
2.5947	33.7684
2.6030	37.3013
2.6112	36.6546
2.6195	33.8497
2.6277	32.6248
2.6359	28.2035
2.6442	26.1233
2.6524	23.9774
2.6606	22.8611
2.6689	22.1296
2.6771	21.0722
2.6854	20.9311
2.6936	21.4503
2.7018	22.8826
2.7101	22.4000
2.7183	21.5547
2.7265	20.1290
2.7348	19.9547
2.7430	18.7569
2.7513	17.2829
2.7595	16.5278
2.7677	14.6037
2.7760	13.3044
2.7842	13.7590
2.7924	14.2429
2.8007	11.0000
2.8089	11.3763
2.8172	12.0747
2.8254	10.7044
2.8336	11.8485
2.8419	11.1409
2.8501	9.1886
2.8583	9.8625
2.8666	9.3420
2.8748	10.2355
2.8830	10.7430
2.8913	9.7523
2.8995	9.0465
2.9078	9.2829
2.9160	9.5998
2.9242	8.5441
2.9325	7.6398
2.9407	8.9342
2.9489	9.5421
2.9572	10.7368
2.9654	11.1532
2.9737	10.9089
2.9819	9.0617
2.9901	9.1961
2.9984	9.0732
3.0066	9.0500
3.0148	8.5903
3.0231	9.0531
3.0313	8.7948
3.0396	9.9452
3.0478	9.8765
3.0560	9.9355
3.0643	10.3859
3.0725	11.8374
3.0807	11.2383
3.0890	10.8639
3.0972	11.6399
3.1055	10.5955
3.1137	10.1325
3.1219	10.6725
3.1302	9.5346
3.1384	8.9158
3.1466	9.0081
3.1549	10.0000
3.1631	9.7294
3.1714	9.4732
3.1796	10.6213
3.1878	10.4270
3.1961	10.9480
3.2043	10.6498
3.2125	10.6157
3.2208	11.9096
3.2290	12.3047
3.2373	13.3580
3.2455	13.7815
3.2537	13.8517
3.2620	16.2679
3.2702	17.8411
3.2784	22.5367
3.2867	30.3981
3.2949	35.8148
3.3032	40.9150
3.3114	42.7494
3.3196	42.0984
3.3279	42.0453
3.3361	42.5182
3.3443	43.6340
3.3526	45.3721
3.3608	49.1092
3.3690	53.1100
3.3773	58.4151
3.3855	61.3616
3.3938	64.7312
3.4020	68.4045
3.4102	71.5751
3.4185	73.2182
3.4267	76.8683
3.4349	81.7456
3.4432	84.8475
3.4514	86.7314
3.4597	89.2161
3.4679	91.8651
3.4761	94.6686
3.4844	97.0212
3.4926	98.8637
3.5008	97.3622
3.5091	96.4200
3.5173	95.6721
3.5256	95.0803
3.5338	92.7633
3.5420	89.5537
3.5503	87.1747
3.5585	85.4778
3.5667	80.5375
3.5750	77.2644
3.5832	75.6142
3.5915	70.4050
3.5997	68.2487
3.6079	68.2180
3.6162	68.5329
3.6244	68.6202
3.6326	70.3209
3.6409	71.3188
3.6491	72.9338
3.6574	75.5575
3.6656	78.8127
3.6738	83.0553
3.6821	84.2109
3.6903	86.0296
3.6985	88.3164
3.7068	90.9595
3.7150	94.0350
3.7233	91.9908
3.7315	93.0505
3.7397	94.1668
3.7480	93.9699
3.7562	93.1028
3.7644	91.6342
3.7727	90.3814
3.7809	86.9922
3.7892	85.0170
3.7974	81.7904
3.8056	76.7837
3.8139	74.1247
3.8221	70.7324
3.8303	66.6892
3.8386	62.3490
3.8468	57.4361
3.8550	53.1923
3.8633	49.0498
3.8715	43.9419
3.8798	39.5472
3.8880	35.0035
3.8962	31.0000
