0.0000	18.6667
0.0083	19.6273
0.0167	18.9213
0.0250	18.7257
0.0333	18.1573
0.0417	18.0983
0.0500	18.2360
0.0583	18.4602
0.0667	19.1947
0.0750	18.7552
0.0833	18.4317
0.0916	18.9007
0.1000	19.3127
0.1083	19.8446
0.1166	20.6883
0.1250	20.2950
0.1333	19.3147
0.1416	18.3353
0.1500	19.0000
0.1583	18.9597
0.1666	19.0167
0.1750	19.4602
0.1833	19.5497
0.1916	19.1072
0.2000	18.8053
0.2083	19.9125
0.2166	21.1003
0.2249	20.0619
0.2333	20.4346
0.2416	19.9518
0.2499	20.5133
0.2583	20.9145
0.2666	19.3707
0.2749	19.9735
0.2833	20.3294
0.2916	20.3117
0.2999	19.7493
0.3083	20.4248
0.3166	20.5349
0.3249	21.7168
0.3333	21.1799
0.3416	23.5811
0.3499	21.7463
0.3582	21.2684
0.3666	21.3972
0.3749	21.2124
0.3832	21.1190
0.3916	21.4090
0.3999	19.5280
0.4082	20.3697
0.4166	20.1583
0.4249	20.5044
0.4332	20.6893
0.4416	21.1455
0.4499	21.2094
0.4582	20.3776
0.4666	19.8840
0.4749	20.7729
0.4832	21.4739
0.4915	21.3333
0.4999	21.4100
0.5082	20.1337
0.5165	20.2763
0.5249	21.1445
0.5332	21.2212
0.5415	20.3884
0.5499	20.9646
0.5582	20.6352
0.5665	20.6686
0.5749	22.2507
0.5832	21.9567
0.5915	20.0315
0.5999	20.1652
0.6082	20.2557
0.6165	20.7886
0.6248	21.8584
0.6332	21.5162
0.6415	21.5477
0.6498	22.4985
0.6582	23.1160
0.6665	21.6932
0.6748	22.2596
0.6832	22.1937
0.6915	22.3333
0.6998	21.9853
0.7082	22.1593
0.7165	22.8456
0.7248	23.3333
0.7332	23.1278
0.7415	23.3333
0.7498	23.4484
0.7581	22.8771
0.7665	23.7139
0.7748	22.9823
0.7831	23.3638
0.7915	24.7325
0.7998	24.1681
0.8081	25.0000
0.8165	25.5575
0.8248	23.4130
0.8331	24.3668
0.8415	25.3265
0.8498	25.3333
0.8581	24.0256
0.8665	24.7571
0.8748	25.3333
0.8831	24.0000
0.8914	23.4897
0.8998	23.0383
0.9081	24.4051
0.9164	24.4966
0.9248	23.3333
0.9331	23.7679
0.9414	23.1111
0.9498	22.9381
0.9581	23.3206
0.9664	23.7030
0.9748	24.5162
0.9831	24.6411
0.9914	24.8437
0.9998	24.1268
1.0081	23.6667
1.0164	24.5988
1.0247	25.2478
1.0331	24.6667
1.0414	23.7915
1.0497	23.3835
1.0581	24.2537
1.0664	25.6323
1.0747	24.5929
1.0831	24.9449
1.0914	24.5762
1.0997	24.0000
1.1081	24.3333
1.1164	24.6509
1.1247	24.3333
1.1331	25.0000
1.1414	25.0000
1.1497	25.0472
1.1580	24.5339
1.1664	24.1298
1.1747	25.2271
1.1830	24.6667
1.1914	25.5211
1.1997	24.2537
1.2080	24.3894
1.2164	25.2311
1.2247	24.2242
1.2330	24.4553
1.2414	25.0000
1.2497	24.5251
1.2580	25.3933
1.2664	25.8171
1.2747	26.1799
1.2830	24.7237
1.2913	23.3353
1.2997	24.2714
1.3080	25.3854
1.3163	25.1072
1.3247	24.2301
1.3330	24.9066
1.3413	25.2507
1.3497	25.2212
1.3580	25.3972
1.3663	24.6126
1.3747	22.2655
1.3830	23.8732
1.3913	26.4946
1.3997	25.5782
1.4080	25.0049
1.4163	25.3333
1.4246	25.6667
1.4330	24.9754
1.4413	25.0000
1.4496	24.8879
1.4580	24.7207
1.4663	25.4749
1.4746	24.5929
1.4830	24.7502
1.4913	25.0531
1.4996	23.5870
1.5080	24.1072
1.5163	25.3687
1.5246	24.7345
1.5330	25.0482
1.5413	25.0000
1.5496	24.6224
1.5579	24.8604
1.5663	25.8486
1.5746	24.4248
1.5829	23.6588
1.5913	22.6096
1.5996	23.6667
1.6079	24.2045
1.6163	25.0560
1.6246	24.1652
1.6329	23.8850
1.6413	23.6480
1.6496	23.6136
1.6579	23.7099
1.6663	24.2999
1.6746	23.3805
1.6829	24.3333
1.6912	24.3333
1.6996	23.3569
1.7079	24.3333
1.7162	25.0256
1.7246	25.4041
1.7329	25.1357
1.7412	24.2753
1.7496	25.7316
1.7579	26.0059
1.7662	26.2586
1.7746	25.2832
1.7829	24.8751
1.7912	24.2193
1.7996	24.8378
1.8079	24.9980
1.8162	24.3795
1.8245	24.3333
1.8329	24.4966
1.8412	23.3333
1.8495	23.6342
1.8579	24.9636
1.8662	24.2743
1.8745	23.3038
1.8829	22.3333
1.8912	22.4641
1.8995	23.8171
1.9079	23.6735
1.9162	23.7384
1.9245	23.2478
1.9329	23.2085
1.9412	23.9577
1.9495	24.9351
1.9578	23.0000
1.9662	23.3078
1.9745	23.9882
1.9828	23.6529
1.9912	23.6500
1.9995	24.5605
2.0078	23.8909
2.0162	23.8053
2.0245	23.6667
2.0328	24.5349
2.0412	24.5605
2.0495	24.5811
2.0578	24.5241
2.0662	24.3333
2.0745	23.0118
2.0828	23.2075
2.0912	22.9361
2.0995	22.0442
2.1078	22.2281
2.1161	22.8358
2.1245	23.3628
2.1328	22.5516
2.1411	21.7522
2.1495	22.8525
2.1578	22.8132
2.1661	21.1101
2.1745	21.8673
2.1828	23.0000
2.1911	22.7473
2.1995	22.2124
2.2078	22.7276
2.2161	23.8466
2.2245	23.8348
2.2328	23.5093
2.2411	22.6234
2.2494	22.0000
2.2578	22.0000
2.2661	22.0236
2.2744	22.7552
2.2828	23.5841
2.2911	22.0000
2.2994	21.1888
2.3078	22.5044
2.3161	21.8014
2.3244	22.5634
2.3328	23.5801
2.3411	24.1327
2.3494	24.0295
2.3578	23.6667
2.3661	23.1259
2.3744	22.6047
2.3827	21.8122
2.3911	23.1554
2.3994	22.1681
2.4077	22.1750
2.4161	23.2606
2.4244	22.9440
2.4327	22.9469
2.4411	22.2380
2.4494	22.0000
2.4577	22.0639
2.4661	22.0492
2.4744	22.1593
2.4827	22.4189
2.4911	22.1799
2.4994	21.8997
2.5077	22.2930
2.5160	22.6057
2.5244	22.0000
2.5327	22.6450
2.5410	23.9951
2.5494	23.3333
2.5577	21.7601
2.5660	21.7237
2.5744	23.2566
2.5827	23.1406
2.5910	22.2753
2.5994	22.5988
2.6077	21.6441
2.6160	21.0167
2.6244	21.9027
2.6327	22.3451
2.6410	22.9823
2.6493	21.3333
2.6577	21.3500
2.6660	22.0000
2.6743	21.3746
2.6827	21.5005
2.6910	21.3147
2.6993	22.5192
2.7077	21.5870
2.7160	21.7443
2.7243	22.0000
2.7327	22.1082
2.7410	22.0983
2.7493	21.5782
2.7577	22.0000
2.7660	22.7935
2.7743	21.7847
2.7826	22.1475
2.7910	20.8633
2.7993	21.0885
2.8076	19.8633
2.8160	21.3137
2.8243	21.3333
2.8326	20.0295
2.8410	20.7060
2.8493	21.3333
2.8576	20.2940
2.8660	20.8525
2.8743	21.4307
2.8826	22.2537
2.8910	21.5280
2.8993	21.2242
2.9076	20.3717
2.9159	19.8918
2.9243	20.1386
2.9326	20.3835
2.9409	21.3913
2.9493	20.1475
2.9576	19.1573
2.9659	20.8319
2.9743	21.1770
2.9826	20.7876
2.9909	21.0600
2.9993	21.2389
3.0076	20.9646
3.0159	20.5713
3.0243	20.1947
3.0326	19.3500
3.0409	21.3333
3.0492	21.0000
3.0576	19.6667
3.0659	20.3333
3.0742	19.0767
3.0826	19.7522
3.0909	21.2399
3.0992	21.5959
3.1076	21.3265
3.1159	20.9784
3.1242	19.5192
3.1326	19.4857
3.1409	18.8682
3.1492	20.2330
3.1576	20.7866
3.1659	19.9459
3.1742	19.3333
3.1825	19.5123
3.1909	19.2979
3.1992	20.1091
3.2075	19.1662
3.2159	19.5152
3.2242	19.2212
3.2325	19.0000
3.2409	20.3333
3.2492	19.8289
3.2575	20.9322
3.2659	20.3756
3.2742	21.0619
3.2825	20.8368
3.2909	20.7827
3.2992	20.6519
3.3075	21.3333
3.3158	21.6539
3.3242	21.9735
3.3325	22.2016
3.3408	23.0570
3.3492	22.8555
3.3575	21.9282
3.3658	21.5261
3.3742	21.7198
3.3825	21.0236
3.3908	20.6686
3.3992	19.6903
3.4075	19.6450
3.4158	20.9056
3.4242	20.6254
3.4325	20.7178
3.4408	21.6952
3.4491	21.3127
3.4575	21.3333
3.4658	20.5762
3.4741	19.9351
3.4825	21.4435
3.4908	20.7866
3.4991	21.4808
3.5075	20.9145
3.5158	20.1839
3.5241	19.2183
3.5325	18.6618
3.5408	19.1544
3.5491	19.2448
3.5575	19.0708
3.5658	19.8338
3.5741	20.2065
3.5824	20.1052
3.5908	20.4287
3.5991	20.4100
3.6074	20.2881
3.6158	21.0039
3.6241	20.0560
3.6324	20.0000
3.6408	20.7758
3.6491	21.9204
3.6574	21.2832
3.6658	20.3058
3.6741	20.6637
3.6824	19.7178
3.6908	20.0452
3.6991	21.2035
3.7074	19.6667
3.7157	20.1249
3.7241	21.7139
3.7324	20.6411
3.7407	20.4218
3.7491	20.0000
3.7574	20.5064
3.7657	20.8889
0.0000	19.6667
0.0083	20.3628
0.0167	21.8761
0.0250	21.0000
0.0333	19.9282
0.0417	19.5192
0.0500	19.8751
0.0583	18.7089
0.0667	18.6667
0.0750	19.6667
0.0833	18.7178
0.0916	19.9941
0.1000	19.0138
0.1083	17.4671
0.1166	17.7994
0.1250	17.4425
0.1333	18.4720
0.1416	17.9469
0.1500	17.9302
0.1583	18.5910
0.1666	19.0855
0.1750	18.9046
0.1833	18.6844
0.1916	17.7817
0.2000	19.0423
0.2083	19.5320
0.2166	19.3451
0.2249	19.4385
0.2333	19.4926
0.2416	18.5074
0.2499	18.2989
0.2583	19.1937
0.2666	19.6106
0.2749	19.2134
0.2833	19.4464
0.2916	20.1003
0.2999	20.3953
0.3083	20.1721
0.3166	20.2832
0.3249	19.4553
0.3333	19.0000
0.3416	19.7493
0.3499	20.6981
0.3582	20.3333
0.3666	20.0000
0.3749	20.0000
0.3832	18.6667
0.3916	19.2625
0.3999	19.2783
0.4082	19.5919
0.4166	19.0973
0.4249	18.4474
0.4332	18.4012
0.4416	19.6401
0.4499	21.0737
0.4582	23.0521
0.4666	23.0767
0.4749	22.2321
0.4832	20.5034
0.4915	20.6047
0.4999	21.6667
0.5082	21.6893
0.5165	20.4956
0.5249	20.3668
0.5332	21.2212
0.5415	20.6401
0.5499	20.4848
0.5582	19.3569
0.5665	19.5516
0.5749	21.1347
0.5832	21.5526
0.5915	20.6667
0.5999	21.1239
0.6082	21.7601
0.6165	21.3835
0.6248	21.0403
0.6332	22.3333
0.6415	23.6667
0.6498	22.0216
0.6582	22.9951
0.6665	23.2891
0.6748	20.9813
0.6832	21.2193
0.6915	21.9233
0.6998	21.5261
0.7082	21.8987
0.7165	22.5988
0.7248	21.2330
0.7332	22.9833
0.7415	22.2360
0.7498	22.8928
0.7581	22.9823
0.7665	23.2861
0.7748	23.4700
0.7831	22.4798
0.7915	21.9587
0.7998	22.3314
0.8081	23.7866
0.8165	23.0708
0.8248	22.2537
0.8331	22.8997
0.8415	23.5280
0.8498	23.8918
0.8581	22.8633
0.8665	21.7758
0.8748	22.3333
0.8831	22.1268
0.8914	22.2950
0.8998	22.7158
0.9081	21.7847
0.9164	21.6667
0.9248	22.0590
0.9331	22.6667
0.9414	23.0000
0.9498	22.3727
0.9581	22.0787
0.9664	21.4808
0.9748	22.9213
0.9831	22.5683
0.9914	22.0000
0.9998	22.5290
1.0081	23.0787
1.0164	23.2655
1.0247	23.0216
1.0331	22.3245
1.0414	22.9027
1.0497	22.8722
1.0581	23.2537
1.0664	23.1858
1.0747	22.2960
1.0831	22.3353
1.0914	23.4277
1.0997	26.0511
1.1081	25.9567
1.1164	24.4602
1.1247	23.6028
1.1331	23.3097
1.1414	22.8201
1.1497	23.8250
1.1580	24.0226
1.1664	23.6608
1.1747	22.0000
1.1830	22.4779
1.1914	23.0383
1.1997	23.6667
1.2080	24.0374
1.2164	23.3245
1.2247	21.6706
1.2330	23.0324
1.2414	23.3746
1.2497	22.3638
1.2580	22.5860
1.2664	23.6165
1.2747	24.0000
1.2830	23.7207
1.2913	23.0147
1.2997	22.4228
1.3080	21.1632
1.3163	22.8850
1.3247	24.0000
1.3330	23.4848
1.3413	23.4454
1.3497	23.4818
1.3580	23.7915
1.3663	24.0089
1.3747	26.4690
1.3830	27.4415
1.3913	28.1622
1.3997	27.2380
1.4080	25.7384
1.4163	24.9086
1.4246	24.2370
1.4330	23.0128
1.4413	22.3068
1.4496	23.4002
1.4580	24.4385
1.4663	23.5723
1.4746	23.0747
1.4830	22.4710
1.4913	24.0000
1.4996	23.7217
1.5080	22.3471
1.5163	22.7257
1.5246	22.9351
1.5330	23.0629
1.5413	24.3333
1.5496	24.0777
1.5579	23.2114
1.5663	23.0000
1.5746	23.0000
1.5829	23.0000
1.5913	22.7345
1.5996	22.4405
1.6079	23.2134
1.6163	22.1298
1.6246	22.7522
1.6329	22.8505
1.6413	23.1593
1.6496	23.1593
1.6579	23.2842
1.6663	24.7670
1.6746	24.1986
1.6829	22.7915
1.6912	23.2183
1.6996	23.0177
1.7079	22.4287
1.7162	23.5723
1.7246	23.5910
1.7329	24.6706
1.7412	23.1652
1.7496	23.8151
1.7579	24.8545
1.7662	23.6401
1.7746	23.0000
1.7829	23.0000
1.7912	24.3245
1.7996	24.2950
1.8079	23.3786
1.8162	22.6254
1.8245	22.2537
1.8329	22.2606
1.8412	22.2478
1.8495	23.4975
1.8579	23.0138
1.8662	22.6342
1.8745	22.4346
1.8829	22.1111
1.8912	22.6077
1.8995	22.5359
1.9079	22.1406
1.9162	21.6991
1.9245	22.5064
1.9329	22.6460
1.9412	22.7935
1.9495	23.4720
1.9578	23.6647
1.9662	23.0383
1.9745	22.8948
1.9828	22.7915
1.9912	21.9499
1.9995	23.5074
2.0078	23.6323
2.0162	23.9911
2.0245	24.4464
2.0328	24.1976
2.0412	23.9292
2.0495	23.9233
2.0578	24.5880
2.0662	24.9764
2.0745	23.6588
2.0828	23.6254
2.0912	23.4041
2.0995	23.0669
2.1078	23.0865
2.1161	23.1593
2.1245	22.5221
2.1328	23.4061
2.1411	24.0000
2.1495	24.4818
2.1578	24.0265
2.1661	22.5605
2.1745	22.5202
2.1828	23.4572
2.1911	23.1829
2.1995	22.6057
2.2078	22.1829
2.2161	21.9911
2.2245	22.7807
2.2328	22.8112
2.2411	22.8673
2.2494	22.2291
2.2578	22.3392
2.2661	21.5634
2.2744	21.1868
2.2828	21.7502
2.2911	23.3333
2.2994	22.0000
2.3078	20.5497
2.3161	20.7552
2.3244	21.5978
2.3328	21.3579
2.3411	21.0442
2.3494	21.6618
2.3578	21.3628
2.3661	21.7109
2.3744	22.6175
2.3827	20.9656
2.3911	20.0000
2.3994	21.2252
2.4077	21.3972
2.4161	21.3687
2.4244	21.3343
2.4327	21.2802
2.4411	21.1032
2.4494	21.2144
2.4577	20.3500
2.4661	20.3363
2.4744	20.5723
2.4827	20.9046
2.4911	21.3333
2.4994	20.8279
2.5077	20.1514
2.5160	20.9499
2.5244	19.7984
2.5327	20.0895
2.5410	20.4454
2.5494	19.8446
2.5577	19.6667
2.5660	19.5811
2.5744	20.1032
2.5827	21.2075
2.5910	19.3333
2.5994	19.3766
2.6077	20.1337
2.6160	20.0944
2.6244	20.6529
2.6327	19.6706
2.6410	19.6785
2.6493	20.0000
2.6577	19.3845
2.6660	20.2979
2.6743	20.2881
2.6827	20.0000
2.6910	19.8702
2.6993	20.0747
2.7077	20.4130
2.7160	20.3333
2.7243	20.9794
2.7327	21.1141
2.7410	20.0855
2.7493	20.6647
2.7577	20.7591
2.7660	19.5133
2.7743	19.9931
2.7826	19.4808
2.7910	18.9676
2.7993	19.6667
2.8076	20.5231
2.8160	19.5752
2.8243	19.8889
2.8326	19.2026
2.8410	20.1829
2.8493	20.3333
2.8576	20.0000
2.8660	20.6667
2.8743	21.0000
2.8826	19.8358
2.8910	19.0649
2.8993	17.8024
2.9076	19.0128
2.9159	19.9970
2.9243	19.9794
2.9326	20.6165
2.9409	20.2537
2.9493	18.7030
2.9576	19.3795
2.9659	20.0000
2.9743	20.1318
2.9826	19.7729
2.9909	19.3333
2.9993	18.4287
3.0076	20.0354
3.0159	20.1150
3.0243	19.9990
3.0326	18.6096
3.0409	20.3333
3.0492	19.5860
3.0576	18.8407
3.0659	19.3186
3.0742	19.0806
3.0826	19.8918
3.0909	19.8702
3.0992	19.8800
3.1076	19.7738
3.1159	21.4661
3.1242	19.0000
3.1326	18.0698
3.1409	19.3333
3.1492	19.1504
3.1576	20.0777
3.1659	20.8348
3.1742	20.3019
3.1825	18.7099
3.1909	18.6785
3.1992	19.6588
3.2075	19.9528
3.2159	19.2979
3.2242	19.0551
3.2325	19.1868
3.2409	19.1888
3.2492	18.3904
3.2575	17.8663
3.2659	18.8968
3.2742	19.3461
3.2825	19.3776
3.2909	18.6667
3.2992	18.3481
3.3075	18.7925
3.3158	19.5192
3.3242	18.8545
3.3325	19.1327
3.3408	19.5015
3.3492	19.1583
3.3575	19.0000
3.3658	18.7227
3.3742	18.8712
3.3825	19.0000
3.3908	20.3451
3.3992	18.5674
3.4075	18.9105
3.4158	18.7463
3.4242	18.2094
3.4325	18.7266
3.4408	18.3333
3.4491	19.1721
3.4575	19.8781
3.4658	19.2714
3.4741	19.0108
3.4825	18.3363
3.4908	18.6578
3.4991	18.9813
3.5075	18.3904
3.5158	19.9617
3.5241	21.2330
3.5325	20.3186
3.5408	19.4012
3.5491	19.4336
3.5575	18.3500
3.5658	18.9027
3.5741	19.3333
3.5824	19.5851
3.5908	19.5074
3.5991	18.5900
3.6074	18.8682
3.6158	18.4159
3.6241	18.6677
3.6324	18.6853
3.6408	19.5192
3.6491	18.9420
3.6574	18.2832
3.6658	18.7640
3.6741	19.6667
3.6824	19.3333
3.6908	19.3540
3.6991	18.6480
3.7074	18.0688
3.7157	18.9027
3.7241	19.9617
3.7324	20.0787
3.7407	18.7257
3.7491	20.5683
3.7574	20.5978
3.7657	19.3333
0.0000	18.6667
0.0083	20.6962
0.0167	21.7257
0.0250	23.0000
0.0333	21.2153
0.0417	23.0000
0.0500	23.0000
0.0583	22.1268
0.0667	21.0000
0.0750	21.0000
0.0833	23.8466
0.0916	22.9911
0.1000	23.9381
0.1083	21.0501
0.1166	20.0796
0.1250	20.8909
0.1333	20.0000
0.1416	18.3363
0.1500	20.8024
0.1583	21.3186
0.1666	19.0000
0.1750	18.2861
0.1833	19.6313
0.1916	18.6549
0.2000	18.6254
0.2083	18.8083
0.2166	18.0000
0.2249	19.4631
0.2333	18.9705
0.2416	19.4779
0.2499	20.4484
0.2583	20.4189
0.2666	20.2212
0.2749	19.4395
0.2833	20.6608
0.2916	18.0000
0.2999	21.7286
0.3083	20.2419
0.3166	18.4248
0.3249	20.3658
0.3333	19.1534
0.3416	20.8761
0.3499	19.2832
0.3582	20.0649
0.3666	20.9646
0.3749	21.0059
0.3832	18.0708
0.3916	21.0531
0.3999	20.0826
0.4082	20.8879
0.4166	18.0000
0.4249	20.6578
0.4332	21.0000
0.4416	22.5398
0.4499	21.0000
0.4582	22.8437
0.4666	19.3186
0.4749	21.3038
0.4832	21.8673
0.4915	21.4071
0.4999	22.0000
0.5082	19.5339
0.5165	20.0000
0.5249	20.4749
0.5332	22.1091
0.5415	21.4159
0.5499	21.3864
0.5582	21.0000
0.5665	22.0000
0.5749	20.7021
0.5832	20.5369
0.5915	20.4779
0.5999	20.4189
0.6082	20.0000
0.6165	22.0000
0.6248	21.6372
0.6332	22.0000
0.6415	21.9381
0.6498	22.9676
0.6582	21.0059
0.6665	22.0531
0.6748	24.8879
0.6832	23.9145
0.6915	22.0000
0.6998	22.1445
0.7082	23.6519
0.7165	22.6106
0.7248	22.5339
0.7332	23.0000
0.7415	24.4159
0.7498	24.0000
0.7581	24.0000
0.7665	25.0000
0.7748	24.5900
0.7831	23.4395
0.7915	23.0000
0.7998	22.9970
0.8081	24.4720
0.8165	23.4425
0.8248	24.1740
0.8331	23.7670
0.8415	24.6460
0.8498	26.0000
0.8581	24.2950
0.8665	24.7965
0.8748	26.0000
0.8831	23.4130
0.8914	25.1770
0.8998	26.8525
0.9081	25.0000
0.9164	27.1770
0.9248	25.0590
0.9331	25.0000
0.9414	25.0000
0.9498	26.9705
0.9581	25.9410
0.9664	25.0000
0.9748	26.3540
0.9831	28.0000
0.9914	27.4690
0.9998	27.0000
1.0081	27.0000
1.0164	26.7345
1.0247	26.0000
1.0331	26.3510
1.0414	27.2920
1.0497	26.6165
1.0581	27.7611
1.0664	26.5575
1.0747	27.0000
1.0831	26.4985
1.0914	25.5310
1.0997	26.4395
1.1081	26.5900
1.1164	26.3805
1.1247	26.0000
1.1331	27.0000
1.1414	26.0000
1.1497	25.5251
1.1580	26.0000
1.1664	26.4071
1.1747	28.3038
1.1830	26.0000
1.1914	26.4602
1.1997	25.1711
1.2080	26.0560
1.2164	28.9204
1.2247	26.9970
1.2330	26.9351
1.2414	25.0619
1.2497	25.0914
1.2580	26.6372
1.2664	26.0000
1.2747	26.8201
1.2830	26.2094
1.2913	26.7611
1.2997	25.5369
1.3080	25.7021
1.3163	27.3451
1.3247	26.6431
1.3330	26.0000
1.3413	25.9204
1.3497	25.4454
1.3580	25.4749
1.3663	25.0089
1.3747	24.4661
1.3830	26.5634
1.3913	26.4071
1.3997	25.7552
1.4080	25.9558
1.4163	25.9558
1.4246	24.7109
1.4330	25.0383
1.4413	24.6903
1.4496	25.0000
1.4580	24.8289
1.4663	26.1416
1.4746	23.3363
1.4830	24.9174
1.4913	23.9469
1.4996	25.9528
1.5080	25.0059
1.5163	25.9292
1.5246	23.1947
1.5330	24.9056
1.5413	25.0000
1.5496	25.1534
1.5579	24.1829
1.5663	24.7876
1.5746	26.2743
1.5829	26.1858
1.5913	24.3982
1.5996	25.3392
1.6079	24.3599
1.6163	24.6106
1.6246	24.4189
1.6329	24.5516
1.6413	23.4779
1.6496	22.4779
1.6579	24.0000
1.6663	23.8673
1.6746	23.4041
1.6829	24.6254
1.6912	23.9646
1.6996	24.3156
1.7079	24.0000
1.7162	24.7434
1.7246	24.7729
1.7329	23.8024
1.7412	25.8319
1.7496	24.0000
1.7579	23.1091
1.7662	23.9204
1.7746	23.9499
1.7829	25.9587
1.7912	23.9911
1.7996	23.0383
1.8079	24.7965
1.8162	24.8053
1.8245	24.1268
1.8329	23.1563
1.8412	21.5575
1.8495	24.3540
1.8579	22.0000
1.8662	20.8230
1.8745	23.0000
1.8829	22.3333
1.8912	24.6372
1.8995	22.3923
1.9079	22.5782
1.9162	24.0000
1.9245	22.0000
1.9329	22.0000
1.9412	22.5398
1.9495	22.1386
1.9578	22.4012
1.9662	24.6283
1.9745	23.3422
1.9828	23.3127
1.9912	22.5664
1.9995	22.5074
2.0078	21.8968
2.0162	22.1947
2.0245	22.1652
2.0328	22.1357
2.0412	23.1062
2.0495	21.0767
2.0578	23.0000
2.0662	21.9823
2.0745	21.9882
2.0828	23.0413
2.0912	22.0708
2.0995	24.4985
2.1078	23.8702
2.1161	25.6814
2.1245	25.1888
2.1328	23.6549
2.1411	24.7522
2.1495	22.2773
2.1578	23.0000
2.1661	21.3274
2.1745	21.6342
2.1828	21.6047
2.1911	23.0000
2.1995	22.0000
2.2078	22.0324
2.2161	24.0265
2.2245	24.0000
2.2328	23.1445
2.2411	23.2035
2.2494	23.0000
2.2578	22.9823
2.2661	23.3097
2.2744	22.7198
2.2828	21.5015
2.2911	21.4425
2.2994	22.6165
2.3078	21.1622
2.3161	22.2655
2.3244	20.3097
2.3328	24.7788
2.3411	21.0000
2.3494	21.9853
2.3578	20.0147
2.3661	20.0442
2.3744	20.9263
2.3827	21.3097
2.3911	21.0000
2.3994	21.1622
2.4077	22.0000
2.4161	21.0000
2.4244	20.5015
2.4327	20.5605
2.4411	21.3805
2.4494	21.3392
2.4577	20.0000
2.4661	20.3982
2.4744	22.5723
2.4827	20.4572
2.4911	21.5133
2.4994	21.5162
2.5077	21.9086
2.5160	22.4248
2.5244	20.2094
2.5327	21.9027
2.5410	21.3363
2.5494	20.6932
2.5577	21.4454
2.5660	22.0000
2.5744	21.2183
2.5827	20.3776
2.5910	21.8407
2.5994	21.7404
2.6077	22.7994
2.6160	20.1416
2.6244	20.9174
2.6327	20.9882
2.6410	20.0177
2.6493	21.0000
2.6577	20.0000
2.6660	19.3186
2.6743	20.1357
2.6827	19.1652
2.6910	21.6106
2.6993	20.2242
2.7077	18.2537
2.7160	19.2832
2.7243	20.3127
2.7327	20.3422
2.7410	21.1150
2.7493	20.8024
2.7577	20.1386
2.7660	21.0000
2.7743	21.0413
2.7826	21.0000
2.7910	20.4513
2.7993	21.5782
2.8076	21.3923
2.8160	21.0000
2.8243	22.0000
2.8326	19.6077
2.8410	21.0973
2.8493	21.7552
2.8576	22.0000
2.8660	22.8142
2.8743	24.1563
2.8826	22.1268
2.8910	24.0973
2.8993	24.1357
2.9076	25.0383
2.9159	25.9911
2.9243	23.9794
2.9326	22.1003
2.9409	25.7611
2.9493	23.0000
2.9576	24.5841
2.9659	24.1681
2.9743	23.8024
2.9826	24.0000
2.9909	25.0000
2.9993	25.4277
3.0076	26.0531
3.0159	25.0000
3.0243	22.0000
3.0326	23.7876
3.0409	22.0000
3.0492	21.0737
3.0576	22.0000
3.0659	21.0000
3.0742	21.5516
3.0826	22.4189
3.0909	22.0000
3.0992	21.0796
3.1076	20.9911
3.1159	21.6991
3.1242	22.0000
3.1326	21.0000
3.1409	22.0000
3.1492	22.8171
3.1576	21.4602
3.1659	20.1239
3.1742	22.0000
3.1825	21.1298
3.1909	20.0354
3.1992	21.9823
3.2075	21.9528
3.2159	19.0531
3.2242	21.9174
3.2325	19.8879
3.2409	21.0000
3.2492	18.8289
3.2575	20.0000
3.2659	20.5398
3.2742	18.5192
3.2825	20.0000
3.2909	17.9558
3.2992	20.0000
3.3075	21.6224
3.3158	20.1858
3.3242	20.0000
3.3325	19.4661
3.3408	21.0000
3.3492	19.9499
3.3575	20.0000
3.3658	19.4159
3.3742	19.7729
3.3825	21.2861
3.3908	20.3274
3.3992	19.0000
3.4075	21.5369
3.4158	21.2389
3.4242	20.2094
3.4325	21.1799
3.4408	20.6991
3.4491	19.2419
3.4575	20.0000
3.4658	21.0000
3.4741	20.0000
3.4825	20.0000
3.4908	21.9469
3.4991	20.8879
3.5075	21.9145
3.5158	23.5398
3.5241	21.8555
3.5325	20.3481
3.5408	20.2035
3.5491	20.4661
3.5575	20.5251
3.5658	20.7080
3.5741	19.2861
3.5824	19.9469
3.5908	19.0000
3.5991	18.4100
3.6074	20.4395
3.6158	18.5310
3.6241	19.9970
3.6324	19.0560
3.6408	19.0000
3.6491	18.0000
3.6574	18.3835
3.6658	18.0000
3.6741	19.3510
3.6824	20.4100
3.6908	19.0000
3.6991	18.7640
3.7074	20.0000
3.7157	18.3540
3.7241	18.8525
3.7324	18.0000
3.7407	19.9115
3.7491	17.0590
3.7574	18.0000
3.7657	18.0000
0.0000	48.6667
0.0083	48.6047
0.0167	47.8564
0.0250	47.1406
0.0333	47.7316
0.0417	47.3205
0.0500	47.3333
0.0583	46.0737
0.0667	47.0049
0.0750	46.6008
0.0833	45.8289
0.0916	45.6844
0.1000	46.3333
0.1083	45.5723
0.1166	43.5074
0.1250	47.1091
0.1333	45.8053
0.1416	44.6667
0.1500	44.5143
0.1583	44.8083
0.1666	44.3589
0.1750	45.3648
0.1833	46.0059
0.1916	45.3648
0.2000	46.4572
0.2083	49.0236
0.2166	49.4336
0.2249	50.4199
0.2333	51.5605
0.2416	51.2704
0.2499	52.0423
0.2583	53.3363
0.2666	53.6106
0.2749	54.3333
0.2833	54.2212
0.2916	55.5772
0.2999	57.0619
0.3083	58.7581
0.3166	59.8791
0.3249	60.6558
0.3333	61.3333
0.3416	60.5428
0.3499	62.3333
0.3582	64.2006
0.3666	61.7188
0.3749	63.4405
0.3832	65.4130
0.3916	65.7473
0.3999	68.0826
0.4082	68.8171
0.4166	69.5664
0.4249	70.2793
0.4332	72.0885
0.4416	72.9312
0.4499	73.0246
0.4582	76.2006
0.4666	78.6028
0.4749	80.3235
0.4832	82.3186
0.4915	83.7650
0.4999	85.0108
0.5082	86.1976
0.5165	90.0000
0.5249	92.9499
0.5332	93.2566
0.5415	98.2507
0.5499	99.7601
0.5582	101.1032
0.5665	104.8810
0.5749	107.0000
0.5832	109.1268
0.5915	111.9499
0.5999	118.5526
0.6082	124.5044
0.6165	127.0433
0.6248	130.5152
0.6332	133.8673
0.6415	139.1475
0.6498	143.5772
0.6582	150.0000
0.6665	158.0266
0.6748	166.0954
0.6832	173.8555
0.6915	180.8899
0.6998	186.2193
0.7082	188.8702
0.7165	190.9872
0.7248	201.7994
0.7332	216.1445
0.7415	231.0138
0.7498	245.9528
0.7581	251.7139
0.7665	253.9843
0.7748	249.4110
0.7831	241.9794
0.7915	238.7453
0.7998	240.9508
0.8081	242.0737
0.8165	250.6667
0.8248	255.0000
0.8331	255.0000
0.8415	253.9577
0.8498	253.9911
0.8581	250.3540
0.8665	245.0059
0.8748	244.3284
0.8831	240.3392
0.8914	243.6460
0.8998	251.5064
0.9081	251.4307
0.9164	253.4376
0.9248	253.9538
0.9331	248.5752
0.9414	243.7778
0.9498	220.3756
0.9581	195.4513
0.9664	184.0816
0.9748	191.0718
0.9831	209.3186
0.9914	231.1347
0.9998	237.6195
1.0081	235.9911
1.0164	224.3559
1.0247	197.6155
1.0331	165.0148
1.0414	140.6873
1.0497	128.7168
1.0581	129.9734
1.0664	138.7030
1.0747	151.8614
1.0831	162.9941
1.0914	164.2675
1.0997	155.1514
1.1081	141.4956
1.1164	124.0472
1.1247	103.8594
1.1331	89.2419
1.1414	84.4582
1.1497	85.6028
1.1580	91.0118
1.1664	99.0806
1.1747	107.6273
1.1830	109.5516
1.1914	105.7355
1.1997	95.9459
1.2080	84.7404
1.2164	73.0934
1.2247	64.5536
1.2330	61.4336
1.2414	59.8476
1.2497	63.0806
1.2580	68.6165
1.2664	73.7561
1.2747	75.5398
1.2830	74.6254
1.2913	73.1131
1.2997	68.7404
1.3080	61.5959
1.3163	55.6608
1.3247	53.2625
1.3330	50.2979
1.3413	49.0826
1.3497	51.0374
1.3580	54.0944
1.3663	56.2763
1.3747	58.7994
1.3830	58.4366
1.3913	55.4199
1.3997	52.3933
1.4080	50.5310
1.4163	47.7679
1.4246	44.2075
1.4330	43.5192
1.4413	44.3569
1.4496	44.5565
1.4580	46.1740
1.4663	47.9666
1.4746	48.4454
1.4830	49.4720
1.4913	48.7729
1.4996	47.5949
1.5080	46.8791
1.5163	45.7306
1.5246	44.1141
1.5330	42.8112
1.5413	43.4730
1.5496	43.4533
1.5579	44.1829
1.5663	45.0806
1.5746	45.3048
1.5829	45.7906
1.5913	46.0324
1.5996	46.6676
1.6079	45.0089
1.6163	44.0560
1.6246	42.8092
1.6329	41.4100
1.6413	41.5703
1.6496	42.2606
1.6579	41.9941
1.6663	41.9223
1.6746	43.3333
1.6829	44.1947
1.6912	45.6313
1.6996	47.7021
1.7079	47.7139
1.7162	48.1967
1.7246	46.8535
1.7329	45.6460
1.7412	45.1681
1.7496	43.9626
1.7579	43.5192
1.7662	44.5290
1.7746	44.0777
1.7829	44.1180
1.7912	45.6578
1.7996	45.4317
1.8079	47.4897
1.8162	49.3933
1.8245	50.9312
1.8329	52.1947
1.8412	50.4592
1.8495	48.5880
1.8579	47.3038
1.8662	46.3923
1.8745	45.3530
1.8829	47.0000
1.8912	46.1278
1.8995	47.8043
1.9079	48.4218
1.9162	48.7060
1.9245	49.4700
1.9329	48.7847
1.9412	51.0796
1.9495	53.8427
1.9578	53.3540
1.9662	52.0983
1.9745	50.9911
1.9828	50.0413
1.9912	48.6893
1.9995	47.6883
2.0078	48.8525
2.0162	48.8240
2.0245	50.5034
2.0328	53.2389
2.0412	54.2016
2.0495	55.4533
2.0578	57.4926
2.0662	58.7306
2.0745	57.8692
2.0828	56.5841
2.0912	56.7542
2.0995	56.0226
2.1078	54.0000
2.1161	53.3766
2.1245	54.2330
2.1328	51.7050
2.1411	51.3904
2.1495	51.8505
2.1578	53.2979
2.1661	55.9921
2.1745	57.6991
2.1828	62.1032
2.1911	66.9410
2.1995	71.6559
2.2078	74.8348
2.2161	77.2399
2.2245	76.5585
2.2328	75.5074
2.2411	73.2439
2.2494	71.5605
2.2578	67.3097
2.2661	65.1426
2.2744	62.3333
2.2828	58.8289
2.2911	56.5969
2.2994	54.7168
2.3078	52.3245
2.3161	50.8446
2.3244	50.1878
2.3328	50.0000
2.3411	52.1632
2.3494	51.1308
2.3578	53.3481
2.3661	54.7630
2.3744	55.6795
2.3827	58.5369
2.3911	61.0649
2.3994	60.4297
2.4077	59.7168
2.4161	60.4425
2.4244	58.2783
2.4327	57.6667
2.4411	56.6352
2.4494	56.0000
2.4577	54.6077
2.4661	52.5801
2.4744	51.2389
2.4827	49.8732
2.4911	51.0511
2.4994	51.2724
2.5077	52.1917
2.5160	51.9302
2.5244	52.3048
2.5327	53.5664
2.5410	54.4464
2.5494	55.1731
2.5577	56.7788
2.5660	57.9145
2.5744	59.1613
2.5827	63.9263
2.5910	65.3678
2.5994	68.8142
2.6077	72.9882
2.6160	75.0000
2.6244	76.1259
2.6327	79.0796
2.6410	80.3687
2.6493	81.9518
2.6577	79.5811
2.6660	79.9390
2.6743	81.7286
2.6827	83.3894
2.6910	86.3894
2.6993	87.8909
2.7077	84.6667
2.7160	84.2999
2.7243	83.6322
2.7327	82.9970
2.7410	81.0000
2.7493	77.3786
2.7577	75.5605
2.7660	73.2114
2.7743	70.8230
2.7826	72.1858
2.7910	70.4051
2.7993	67.9931
2.8076	67.0000
2.8160	67.8269
2.8243	67.0000
2.8326	70.4867
2.8410	73.6205
2.8493	77.2812
2.8576	83.3982
2.8660	92.1986
2.8743	99.8299
2.8826	105.3333
2.8910	105.9538
2.8993	105.8004
2.9076	104.1534
2.9159	103.4739
2.9243	100.5831
2.9326	98.7611
2.9409	95.6618
2.9493	92.9253
2.9576	86.4720
2.9659	81.0030
2.9743	77.2429
2.9826	74.5251
2.9909	72.0000
2.9993	67.0787
3.0076	63.0236
3.0159	61.9921
3.0243	63.8899
3.0326	64.8820
3.0409	67.6332
3.0492	77.0865
3.0576	88.2507
3.0659	105.0256
3.0742	123.8240
3.0826	140.9174
3.0909	152.5546
3.0992	157.3559
3.1076	156.3333
3.1159	148.9105
3.1242	140.7365
3.1326	134.4336
3.1409	125.9990
3.1492	119.5910
3.1576	108.6667
3.1659	99.1711
3.1742	89.9538
3.1825	80.1327
3.1909	77.1750
3.1992	77.5477
3.2075	76.1976
3.2159	73.0934
3.2242	70.0826
3.2325	65.4071
3.2409	60.3333
3.2492	55.8289
3.2575	50.9322
3.2659	48.1957
3.2742	47.1613
3.2825	46.2448
3.2909	45.3038
3.2992	44.9951
3.3075	45.0737
3.3158	45.6421
3.3242	44.0000
3.3325	42.7316
3.3408	42.4326
3.3492	44.1278
3.3575	44.7050
3.3658	45.1672
3.3742	44.7070
3.3825	44.5634
3.3908	45.5418
3.3992	44.8771
3.4075	45.2006
3.4158	44.8092
3.4242	44.4572
3.4325	43.4779
3.4408	43.3766
3.4491	42.4848
3.4575	42.3333
3.4658	40.7443
3.4741	39.9027
3.4825	40.0029
3.4908	39.3068
3.4991	38.1485
3.5075	37.4159
3.5158	37.6549
3.5241	37.2144
3.5325	37.0089
3.5408	39.2547
3.5491	42.5674
3.5575	37.9528
3.5658	34.9725
3.5741	33.6706
3.5824	33.0000
3.5908	33.6981
3.5991	33.9744
3.6074	32.7729
3.6158	32.9381
3.6241	33.5565
3.6324	33.3333
3.6408	33.5919
3.6491	35.9154
3.6574	35.8555
3.6658	36.6460
3.6741	37.1141
3.6824	38.9056
3.6908	38.2694
3.6991	38.1898
3.7074	39.4602
3.7157	39.6529
3.7241	39.1731
3.7324	39.0649
3.7407	38.6667
3.7491	38.4179
3.7574	38.1829
3.7657	35.7778
0.0000	32.8889
0.0083	33.1209
0.0167	33.4051
0.0250	32.8073
0.0333	33.1180
0.0417	32.4936
0.0500	32.0000
0.0583	34.0000
0.0667	34.2409
0.0750	33.1357
0.0833	33.1622
0.0916	32.8859
0.1000	32.9371
0.1083	32.5723
0.1166	32.2537
0.1250	32.3736
0.1333	32.9263
0.1416	33.8319
0.1500	34.8024
0.1583	34.4395
0.1666	34.6411
0.1750	33.6824
0.1833	34.3156
0.1916	35.0000
0.2000	35.6667
0.2083	35.3333
0.2166	35.5998
0.2249	35.3766
0.2333	36.7345
0.2416	36.7670
0.2499	35.2183
0.2583	36.2478
0.2666	36.6303
0.2749	35.4621
0.2833	36.1091
0.2916	35.7886
0.2999	35.3953
0.3083	36.0914
0.3166	37.4238
0.3249	37.6667
0.3333	37.8289
0.3416	38.3618
0.3499	38.9538
0.3582	39.7345
0.3666	40.2458
0.3749	39.0059
0.3832	37.6431
0.3916	38.4267
0.3999	38.8328
0.4082	39.4454
0.4166	39.6529
0.4249	40.7296
0.4332	41.2448
0.4416	40.5742
0.4499	40.8387
0.4582	40.3628
0.4666	40.6863
0.4749	40.9902
0.4832	41.5929
0.4915	40.6175
0.4999	40.5978
0.5082	40.4661
0.5165	41.3333
0.5249	41.2694
0.5332	42.1858
0.5415	42.7493
0.5499	40.8004
0.5582	39.9292
0.5665	40.6726
0.5749	40.3333
0.5832	38.9322
0.5915	39.3795
0.5999	40.9430
0.6082	40.1534
0.6165	39.5162
0.6248	39.1209
0.6332	39.2330
0.6415	39.4110
0.6498	39.1790
0.6582	37.4484
0.6665	37.3333
0.6748	37.2409
0.6832	35.9971
0.6915	37.0000
0.6998	36.9813
0.7082	36.3717
0.7165	36.6667
0.7248	36.8997
0.7332	36.3569
0.7415	35.4297
0.7498	36.3530
0.7581	35.6726
0.7665	35.0315
0.7748	34.8977
0.7831	34.3333
0.7915	34.5310
0.7998	33.5565
0.8081	33.6667
0.8165	34.1495
0.8248	33.7463
0.8331	33.6224
0.8415	33.4376
0.8498	32.8859
0.8581	32.2094
0.8665	31.4690
0.8748	31.2920
0.8831	31.7935
0.8914	31.6598
0.8998	31.4936
0.9081	30.1829
0.9164	30.4218
0.9248	30.6667
0.9331	30.6962
0.9414	30.0000
0.9498	30.5654
0.9581	30.0324
0.9664	29.9931
0.9748	30.3589
0.9831	29.8289
0.9914	28.5939
0.9998	29.9577
1.0081	30.4307
1.0164	29.4238
1.0247	29.6794
1.0331	30.0000
1.0414	30.6598
1.0497	30.2999
1.0581	29.9204
1.0664	29.3697
1.0747	28.9538
1.0831	28.3894
1.0914	29.2675
1.0997	28.0757
1.1081	27.9233
1.1164	27.9046
1.1247	28.5615
1.1331	28.7699
1.1414	28.7080
1.1497	28.2694
1.1580	27.7109
1.1664	27.1790
1.1747	27.6667
1.1830	26.7257
1.1914	27.1032
1.1997	26.8063
1.2080	26.6490
1.2164	27.3333
1.2247	26.7827
1.2330	25.9322
1.2414	25.6047
1.2497	26.3333
1.2580	26.9292
1.2664	26.4553
1.2747	27.2822
1.2830	26.7080
1.2913	26.0944
1.2997	26.7748
1.3080	29.0708
1.3163	30.0118
1.3247	29.9607
1.3330	28.6667
1.3413	28.0826
1.3497	29.2960
1.3580	28.4307
1.3663	26.5526
1.3747	25.7325
1.3830	25.6401
1.3913	26.2468
1.3997	25.9479
1.4080	25.6814
1.4163	25.2173
1.4246	25.4149
1.4330	26.4071
1.4413	26.9577
1.4496	27.4012
1.4580	26.4985
1.4663	26.3668
1.4746	27.2212
1.4830	27.3068
1.4913	26.2576
1.4996	26.3333
1.5080	26.2242
1.5163	26.0000
1.5246	26.1790
1.5330	25.2537
1.5413	27.3176
1.5496	28.0934
1.5579	27.4838
1.5663	27.7473
1.5746	26.0610
1.5829	24.5192
1.5913	24.7532
1.5996	26.3353
1.6079	26.9558
1.6163	26.3707
1.6246	28.0000
1.6329	27.1917
1.6413	26.3373
1.6496	26.3481
1.6579	26.9381
1.6663	27.0777
1.6746	26.5084
1.6829	26.9587
1.6912	28.2262
1.6996	28.2517
1.7079	28.5546
1.7162	28.3933
1.7246	28.1209
1.7329	27.3953
1.7412	27.3353
1.7496	26.8427
1.7579	27.3009
1.7662	27.8043
1.7746	27.2557
1.7829	27.2360
1.7912	26.8741
1.7996	27.5300
1.8079	27.1563
1.8162	26.4120
1.8245	24.8732
1.8329	25.5103
1.8412	25.2842
1.8495	25.7060
1.8579	26.0295
1.8662	27.2940
1.8745	28.0098
1.8829	28.6667
1.8912	28.3038
1.8995	27.2743
1.9079	26.9115
1.9162	26.8820
1.9245	26.8525
1.9329	25.9204
1.9412	26.1849
1.9495	27.0000
1.9578	27.4012
1.9662	25.4533
1.9745	25.7571
1.9828	26.1180
1.9912	27.1780
1.9995	26.7247
2.0078	26.3333
2.0162	26.1573
2.0245	26.0020
2.0328	25.3127
2.0412	25.6264
2.0495	24.9400
2.0578	25.0472
2.0662	24.4503
2.0745	25.3333
2.0828	24.3894
2.0912	24.8250
2.0995	24.6667
2.1078	24.9941
2.1161	25.8260
2.1245	24.9558
2.1328	24.9351
2.1411	25.6667
2.1495	24.6853
2.1578	25.3422
2.1661	25.9970
2.1745	25.9459
2.1828	25.2507
2.1911	25.0305
2.1995	24.4543
2.2078	24.2507
2.2161	25.4533
2.2245	25.1937
2.2328	24.5723
2.2411	25.5123
2.2494	25.3333
2.2578	25.0000
2.2661	24.3805
2.2744	24.8712
2.2828	23.3333
2.2911	22.8151
2.2994	24.0167
2.3078	24.8319
2.3161	25.4012
2.3244	25.5211
2.3328	24.3451
2.3411	24.5851
2.3494	25.0000
2.3578	24.1504
2.3661	23.9479
2.3744	24.1731
2.3827	24.2301
2.3911	25.1327
2.3994	25.1052
2.4077	23.1416
2.4161	23.5575
2.4244	25.3884
2.4327	25.3333
2.4411	26.9685
2.4494	28.0000
2.4577	28.6549
2.4661	31.0216
2.4744	32.7611
2.4827	33.7080
2.4911	34.0000
2.4994	35.3333
2.5077	36.9086
2.5160	35.5969
2.5244	35.0905
2.5327	33.5015
2.5410	32.6608
2.5494	31.3864
2.5577	30.7788
2.5660	31.6126
2.5744	31.7011
2.5827	32.5074
2.5910	32.6519
2.5994	33.4631
2.6077	32.5782
2.6160	31.4110
2.6244	32.5418
2.6327	31.9764
2.6410	30.7021
2.6493	30.4277
2.6577	28.0089
2.6660	27.8633
2.6743	28.4031
2.6827	28.1652
2.6910	26.8515
2.6993	27.1878
2.7077	26.6401
2.7160	26.0167
2.7243	25.3196
2.7327	25.0030
2.7410	24.3972
2.7493	25.9095
2.7577	24.9676
2.7660	23.4602
2.7743	23.1563
2.7826	23.8525
2.7910	25.1180
2.7993	25.3471
2.8076	24.5752
2.8160	23.1731
2.8243	23.1111
2.8326	24.0000
2.8410	23.7257
2.8493	23.6303
2.8576	22.9145
2.8660	23.8525
2.8743	23.8368
2.8826	24.2065
2.8910	24.5693
2.8993	25.3972
2.9076	24.6283
2.9159	24.2281
2.9243	25.8958
2.9326	24.9056
2.9409	23.6716
2.9493	23.4484
2.9576	23.3894
2.9659	24.5536
2.9743	24.8643
2.9826	25.5959
2.9909	25.3333
2.9993	25.6037
3.0076	26.6667
3.0159	25.0118
3.0243	23.4435
3.0326	24.9764
3.0409	25.9331
3.0492	25.9135
3.0576	27.2802
3.0659	27.2075
3.0742	27.5939
3.0826	29.1681
3.0909	30.5742
3.0992	30.5910
3.1076	30.5516
3.1159	31.9676
3.1242	32.3255
3.1326	34.0914
3.1409	35.7276
3.1492	38.6775
3.1576	40.6667
3.1659	45.0570
3.1742	50.6667
3.1825	60.6637
3.1909	68.0708
3.1992	69.2262
3.2075	64.9528
3.2159	57.2399
3.2242	51.6647
3.2325	47.4454
3.2409	45.8722
3.2492	46.3963
3.2575	46.8230
3.2659	47.4258
3.2742	46.4946
3.2825	46.6077
3.2909	45.6814
3.2992	45.0098
3.3075	45.0442
3.3158	46.9754
3.3242	45.8968
3.3325	46.0236
3.3408	45.3963
3.3492	45.4749
3.3575	44.7404
3.3658	44.4179
3.3742	44.1868
3.3825	45.3805
3.3908	45.1013
3.3992	43.9646
3.4075	43.0649
3.4158	42.9518
3.4242	42.3904
3.4325	41.6667
3.4408	40.5054
3.4491	40.7276
3.4575	41.0501
3.4658	41.1396
3.4741	40.0000
3.4825	40.0029
3.4908	39.8977
3.4991	39.2409
3.5075	37.9971
3.5158	36.6244
3.5241	36.6037
3.5325	37.9617
3.5408	37.3638
3.5491	35.4661
3.5575	34.3333
3.5658	33.3746
3.5741	33.6785
3.5824	32.6431
3.5908	31.9843
3.5991	32.1023
3.6074	33.4749
3.6158	33.2881
3.6241	32.2783
3.6324	32.1298
3.6408	32.7414
3.6491	33.0000
3.6574	33.8555
3.6658	34.9794
3.6741	35.7630
3.6824	35.7906
3.6908	37.6667
3.6991	38.5693
3.7074	39.1534
3.7157	39.8161
3.7241	41.0256
3.7324	41.9794
3.7407	41.9272
3.7491	40.3461
3.7574	38.9705
3.7657	39.7778
0.0000	25.1111
0.0083	24.9705
0.0167	24.4641
0.0250	25.6824
0.0333	26.0000
0.0417	25.0000
0.0500	24.8161
0.0583	25.6401
0.0667	26.2871
0.0750	26.8004
0.0833	26.5811
0.0916	26.1318
0.1000	27.1042
0.1083	26.2832
0.1166	26.0049
0.1250	27.1091
0.1333	26.6667
0.1416	27.3884
0.1500	27.9095
0.1583	26.1770
0.1666	26.3589
0.1750	26.3805
0.1833	26.6785
0.1916	28.3255
0.2000	28.9587
0.2083	28.2625
0.2166	27.2999
0.2249	26.5064
0.2333	27.5457
0.2416	28.0629
0.2499	27.8545
0.2583	27.2507
0.2666	27.4818
0.2749	27.8977
0.2833	27.5575
0.2916	27.1219
0.2999	27.2635
0.3083	28.4749
0.3166	27.9086
0.3249	27.1504
0.3333	29.3245
0.3416	28.8191
0.3499	28.3815
0.3582	28.4661
0.3666	28.9646
0.3749	28.2144
0.3832	27.8968
0.3916	29.1465
0.3999	30.0816
0.4082	29.5929
0.4166	27.7306
0.4249	27.5585
0.4332	28.5339
0.4416	28.8279
0.4499	28.2350
0.4582	27.3776
0.4666	28.3333
0.4749	28.9754
0.4832	28.9263
0.4915	28.2350
0.4999	29.2301
0.5082	28.7109
0.5165	28.6126
0.5249	28.0138
0.5332	29.5575
0.5415	28.1662
0.5499	27.6667
0.5582	28.0000
0.5665	28.6667
0.5749	28.7542
0.5832	28.3304
0.5915	27.4277
0.5999	26.9430
0.6082	27.6578
0.6165	29.0108
0.6248	29.1819
0.6332	27.7670
0.6415	27.4730
0.6498	26.9676
0.6582	28.6696
0.6665	28.7424
0.6748	27.6106
0.6832	27.7493
0.6915	28.0000
0.6998	28.2517
0.7082	28.1062
0.7165	27.4199
0.7248	28.3668
0.7332	28.9056
0.7415	28.3058
0.7498	27.3333
0.7581	27.6608
0.7665	28.6195
0.7748	27.0767
0.7831	27.4749
0.7915	27.5595
0.7998	27.7768
0.8081	26.9263
0.8165	27.3333
0.8248	27.7463
0.8331	27.7168
0.8415	27.4376
0.8498	26.8859
0.8581	26.6283
0.8665	26.1996
0.8748	26.8614
0.8831	27.4336
0.8914	27.4897
0.8998	28.5064
0.9081	28.2684
0.9164	27.9479
0.9248	27.0718
0.9331	26.8791
0.9414	27.8889
0.9498	28.8859
0.9581	28.7581
0.9664	28.9931
0.9748	29.0718
0.9831	31.0000
0.9914	32.6667
0.9998	34.7463
1.0081	35.7729
1.0164	35.9095
1.0247	35.9361
1.0331	35.3274
1.0414	34.9794
1.0497	34.3668
1.0581	31.5457
1.0664	30.9213
1.0747	31.7591
1.0831	32.4425
1.0914	32.7365
1.0997	32.5605
1.1081	33.9823
1.1164	33.3324
1.1247	33.1052
1.1331	33.9882
1.1414	31.4169
1.1497	30.0000
1.1580	29.6224
1.1664	29.4631
1.1747	28.1691
1.1830	27.1298
1.1914	27.0344
1.1997	25.0541
1.2080	24.1121
1.2164	24.9331
1.2247	24.6637
1.2330	24.8968
1.2414	24.7620
1.2497	23.6667
1.2580	24.4041
1.2664	24.8781
1.2747	24.1799
1.2830	23.3746
1.2913	23.6981
1.2997	24.5801
1.3080	24.3333
1.3163	24.6647
1.3247	25.6116
1.3330	25.2448
1.3413	24.3058
1.3497	24.0747
1.3580	24.6195
1.3663	23.8378
1.3747	24.0659
1.3830	22.7699
1.3913	23.1603
1.3997	22.7630
1.4080	23.4690
1.4163	23.5211
1.4246	22.1632
1.4330	23.0501
1.4413	23.2301
1.4496	23.3107
1.4580	23.8319
1.4663	23.2999
1.4746	22.2242
1.4830	22.7758
1.4913	23.2045
1.4996	23.2861
1.5080	22.6667
1.5163	23.2340
1.5246	23.9105
1.5330	23.8407
1.5413	24.0698
1.5496	24.8466
1.5579	25.0501
1.5663	24.8387
1.5746	23.6667
1.5829	23.6047
1.5913	24.6018
1.5996	23.0020
1.6079	22.0354
1.6163	22.6853
1.6246	23.6096
1.6329	23.2950
1.6413	22.3333
1.6496	22.5506
1.6579	22.4012
1.6663	22.2330
1.6746	23.2458
1.6829	23.6254
1.6912	23.4523
1.6996	23.0993
1.7079	23.0000
1.7162	23.7866
1.7246	23.0000
1.7329	23.1357
1.7412	22.8338
1.7496	23.1760
1.7579	23.8525
1.7662	23.3333
1.7746	23.6667
1.7829	23.3333
1.7912	22.7837
1.7996	23.1750
1.8079	23.4690
1.8162	22.5093
1.8245	22.0000
1.8329	22.6667
1.8412	21.8633
1.8495	21.6667
1.8579	21.9705
1.8662	22.0393
1.8745	22.0098
1.8829	22.0000
1.8912	23.3137
1.8995	23.2940
1.9079	21.6667
1.9162	22.2547
1.9245	22.3825
1.9329	22.6077
1.9412	21.7355
1.9495	21.5880
1.9578	21.9115
1.9662	22.8633
1.9745	22.6578
1.9828	22.5900
1.9912	22.1003
1.9995	22.4926
2.0078	23.2566
2.0162	23.4720
2.0245	23.1691
2.0328	23.6460
2.0412	23.8791
2.0495	23.0000
2.0578	23.5398
2.0662	24.8653
2.0745	24.2380
2.0828	24.5693
2.0912	24.6500
2.0995	23.8673
2.1078	24.1239
2.1161	24.2753
2.1245	24.8112
2.1328	24.9617
2.1411	24.8574
2.1495	24.9253
2.1578	23.6578
2.1661	24.9980
2.1745	25.9784
2.1828	26.6667
2.1911	25.7886
2.1995	25.1613
2.2078	26.8496
2.2161	27.3333
2.2245	27.7365
2.2328	27.1740
2.2411	26.9105
2.2494	26.6028
2.2578	27.2301
2.2661	27.6903
2.2744	27.9243
2.2828	27.0560
2.2911	25.8151
2.2994	25.8584
2.3078	25.3304
2.3161	23.7119
2.3244	24.0846
2.3328	23.6785
2.3411	23.7109
2.3494	23.3333
2.3578	22.5162
2.3661	22.0521
2.3744	21.8269
2.3827	22.5900
2.3911	22.1996
2.3994	21.1622
2.4077	22.0973
2.4161	22.3333
2.4244	20.7493
2.4327	20.0177
2.4411	21.3333
2.4494	23.3255
2.4577	22.0000
2.4661	21.6883
2.4744	21.3963
2.4827	21.2065
2.4911	22.4356
2.4994	24.0895
2.5077	23.6667
2.5160	23.5860
2.5244	23.0619
2.5327	22.6342
2.5410	22.6608
2.5494	24.6667
2.5577	24.9440
2.5660	24.5811
2.5744	25.8161
2.5827	27.8407
2.5910	29.5074
2.5994	31.1475
2.6077	30.3215
2.6160	30.4041
2.6244	30.9164
2.6327	30.7699
2.6410	30.6844
2.6493	30.9046
2.6577	29.6667
2.6660	27.8181
2.6743	26.3992
2.6827	25.8879
2.6910	25.1947
2.6993	23.9213
2.7077	25.1593
2.7160	24.6834
2.7243	23.9862
2.7327	24.6519
2.7410	22.9361
2.7493	22.0226
2.7577	23.3009
2.7660	22.6244
2.7743	21.1249
2.7826	20.4572
2.7910	21.4769
2.7993	20.1632
2.8076	19.4572
2.8160	20.3333
2.8243	19.7778
2.8326	20.8791
2.8410	20.9410
2.8493	21.2448
2.8576	20.8820
2.8660	20.5192
2.8743	21.1563
2.8826	19.4602
2.8910	20.1436
2.8993	20.7325
2.9076	20.4572
2.9159	19.6755
2.9243	20.9371
2.9326	21.2891
2.9409	21.8260
2.9493	22.8446
2.9576	21.0737
2.9659	20.0000
2.9743	21.4238
2.9826	21.8938
2.9909	22.6155
2.9993	23.6352
3.0076	23.9705
3.0159	24.0000
3.0243	23.9449
3.0326	23.8584
3.0409	24.0000
3.0492	25.1170
3.0576	25.7345
3.0659	26.6037
3.0742	26.8545
3.0826	27.5841
3.0909	29.7030
3.0992	33.5379
3.1076	36.5516
3.1159	39.5123
3.1242	43.2714
3.1326	48.1917
3.1409	54.6057
3.1492	64.6883
3.1576	77.8289
3.1659	94.8476
3.1742	114.1445
3.1825	131.2006
3.1909	136.2979
3.1992	120.7620
3.2075	94.3097
3.2159	72.5477
3.2242	59.9174
3.2325	54.2596
3.2409	51.9223
3.2492	52.2252
3.2575	52.5575
3.2659	51.4602
3.2742	49.0737
3.2825	48.6372
3.2909	49.6470
3.2992	49.9803
3.3075	48.6077
3.3158	49.7542
3.3242	48.2645
3.3325	46.2006
3.3408	46.4503
3.3492	47.7581
3.3575	45.3717
3.3658	44.3324
3.3742	44.5202
3.3825	45.5398
3.3908	44.8810
3.3992	45.1750
3.4075	45.0708
3.4158	43.4759
3.4242	42.6667
3.4325	42.8378
3.4408	42.6775
3.4491	41.8181
3.4575	41.8083
3.4658	41.3333
3.4741	39.3088
3.4825	39.4484
3.4908	41.5910
3.4991	42.4454
3.5075	42.1740
3.5158	41.7512
3.5241	40.6667
3.5325	39.4926
3.5408	38.3766
3.5491	39.3333
3.5575	39.1917
3.5658	37.5703
3.5741	36.3097
3.5824	36.0177
3.5908	35.3963
3.5991	35.5900
3.6074	35.2625
3.6158	35.0000
3.6241	35.8928
3.6324	35.1475
3.6408	33.7355
3.6491	33.7463
3.6574	33.1445
3.6658	32.6873
3.6741	32.6755
3.6824	34.5900
3.6908	34.4651
3.6991	35.0462
3.7074	37.0737
3.7157	38.2989
3.7241	38.8781
3.7324	39.6342
3.7407	40.0521
3.7491	39.6922
3.7574	38.0914
3.7657	36.6667
0.0000	25.4444
0.0083	25.0000
0.0167	25.1436
0.0250	25.2291
0.0333	24.4513
0.0417	24.7178
0.0500	25.3402
0.0583	25.2065
0.0667	25.6667
0.0750	27.0659
0.0833	27.4572
0.0916	26.6755
0.1000	25.6873
0.1083	25.3333
0.1166	24.5870
0.1250	25.9253
0.1333	25.7316
0.1416	25.0551
0.1500	25.2714
0.1583	25.7021
0.1666	25.8722
0.1750	25.9685
0.1833	26.6549
0.1916	25.6509
0.2000	26.2370
0.2083	27.5015
0.2166	25.2665
0.2249	24.7532
0.2333	26.3864
0.2416	26.3333
0.2499	26.1455
0.2583	26.0826
0.2666	25.5182
0.2749	25.7689
0.2833	25.3333
0.2916	26.0895
0.2999	26.3412
0.3083	26.0501
0.3166	26.6057
0.3249	26.6450
0.3333	26.8201
0.3416	26.3618
0.3499	26.1445
0.3582	26.5988
0.3666	27.7542
0.3749	26.7738
0.3832	26.6667
0.3916	27.3736
0.3999	27.0000
0.4082	27.3687
0.4166	26.9086
0.4249	26.0541
0.4332	26.5339
0.4416	27.4946
0.4499	26.8142
0.4582	26.0885
0.4666	26.6618
0.4749	27.6372
0.4832	27.8820
0.4915	25.4071
0.4999	24.3097
0.5082	26.0442
0.5165	27.3963
0.5249	26.0000
0.5332	26.1829
0.5415	26.4179
0.5499	26.7601
0.5582	26.3333
0.5665	25.7856
0.5749	26.8250
0.5832	26.7316
0.5915	27.0944
0.5999	26.4287
0.6082	26.3156
0.6165	25.8279
0.6248	25.5152
0.6332	25.0914
0.6415	26.7906
0.6498	27.0000
0.6582	26.6696
0.6665	25.5379
0.6748	25.3697
0.6832	25.1652
0.6915	24.4789
0.6998	24.8555
0.7082	25.7198
0.7165	26.5801
0.7248	26.3668
0.7332	27.3097
0.7415	26.6529
0.7498	27.3255
0.7581	27.3333
0.7665	28.3333
0.7748	27.6155
0.7831	25.7021
0.7915	25.1357
0.7998	25.5015
0.8081	25.5929
0.8165	26.7758
0.8248	26.0846
0.8331	25.0885
0.8415	25.1878
0.8498	25.3245
0.8581	25.7522
0.8665	25.4690
0.8748	25.4769
0.8831	25.7935
0.8914	26.3471
0.8998	26.4425
0.9081	25.7522
0.9164	24.4739
0.9248	26.0000
0.9331	26.1504
0.9414	25.6667
0.9498	25.6667
0.9581	25.4248
0.9664	24.9184
0.9748	25.5949
0.9831	25.3333
0.9914	25.6667
0.9998	25.4179
1.0081	25.0324
1.0164	25.0000
1.0247	24.3589
1.0331	24.6814
1.0414	25.6460
1.0497	24.6834
1.0581	25.3068
1.0664	25.3697
1.0747	26.9538
1.0831	26.0560
1.0914	27.2055
1.0997	25.7276
1.1081	24.6578
1.1164	25.5713
1.1247	25.5084
1.1331	25.5870
1.1414	27.0000
1.1497	26.3904
1.1580	26.4779
1.1664	26.3088
1.1747	26.3284
1.1830	27.1593
1.1914	27.0118
1.1997	27.0000
1.2080	26.1121
1.2164	26.4798
1.2247	26.3333
1.2330	25.3333
1.2414	26.0285
1.2497	25.6559
1.2580	26.4041
1.2664	25.7886
1.2747	25.7178
1.2830	25.4985
1.2913	25.7925
1.2997	26.6450
1.3080	26.9882
1.3163	26.9921
1.3247	25.6588
1.3330	25.7375
1.3413	25.4435
1.3497	26.5202
1.3580	26.6165
1.3663	26.7807
1.3747	28.0659
1.3830	28.5398
1.3913	28.4808
1.3997	27.9479
1.4080	27.8938
1.4163	27.5654
1.4246	27.8810
1.4330	28.5929
1.4413	28.2301
1.4496	28.0905
1.4580	28.0059
1.4663	28.0000
1.4746	28.2970
1.4830	28.4159
1.4913	28.7955
1.4996	28.5241
1.5080	29.4602
1.5163	29.3687
1.5246	28.8210
1.5330	27.9056
1.5413	27.6667
1.5496	28.2468
1.5579	28.1829
1.5663	27.9194
1.5746	28.5752
1.5829	30.2301
1.5913	30.3117
1.5996	30.6647
1.6079	29.6578
1.6163	27.7788
1.6246	29.6382
1.6329	31.3599
1.6413	30.5221
1.6496	31.1013
1.6579	31.7286
1.6663	31.1003
1.6746	32.2458
1.6829	31.3894
1.6912	30.6431
1.6996	30.6667
1.7079	31.2861
1.7162	32.3766
1.7246	31.5605
1.7329	31.6667
1.7412	32.3304
1.7496	32.5467
1.7579	32.1858
1.7662	31.1740
1.7746	30.1278
1.7829	30.5693
1.7912	31.9007
1.7996	30.7266
1.8079	29.9322
1.8162	30.4720
1.8245	30.2065
1.8329	29.5693
1.8412	30.8033
1.8495	30.4700
1.8579	28.6962
1.8662	28.7650
1.8745	29.0197
1.8829	30.3333
1.8912	30.3333
1.8995	30.0197
1.9079	28.8437
1.9162	28.7060
1.9245	28.6775
1.9329	27.5693
1.9412	27.0000
1.9495	26.1386
1.9578	26.2861
1.9662	26.4700
1.9745	26.7837
1.9828	25.8614
1.9912	24.8220
1.9995	24.4710
2.0078	24.5192
2.0162	25.1573
2.0245	25.1672
2.0328	24.7286
2.0412	24.6008
2.0495	24.1632
2.0578	24.4454
2.0662	24.8830
2.0745	24.7856
2.0828	23.9587
2.0912	23.8417
2.0995	23.8446
2.1078	22.9941
2.1161	23.0000
2.1245	24.2852
2.1328	23.5516
2.1411	22.9715
2.1495	24.2212
2.1578	23.6401
2.1661	23.6627
2.1745	22.6667
2.1828	22.0206
2.1911	23.2724
2.1995	22.7070
2.2078	23.3835
2.2161	23.3333
2.2245	23.0000
2.2328	21.6667
2.2411	22.5123
2.2494	22.8299
2.2578	22.2183
2.2661	22.8574
2.2744	22.4090
2.2828	21.8879
2.2911	22.7030
2.2994	22.9833
2.3078	22.6667
2.3161	22.1554
2.3244	22.4602
2.3328	21.5929
2.3411	21.8299
2.3494	22.3333
2.3578	20.9853
2.3661	21.6224
2.3744	22.2596
2.3827	23.1032
2.3911	24.1318
2.3994	24.0482
2.4077	23.3805
2.4161	24.2212
2.4244	24.8899
2.4327	25.6844
2.4411	27.3097
2.4494	30.6529
2.4577	31.9646
2.4661	34.0865
2.4744	35.6667
2.4827	38.0413
2.4911	38.3845
2.4994	35.8781
2.5077	36.2625
2.5160	37.5054
2.5244	37.2429
2.5327	36.7994
2.5410	34.8840
2.5494	33.7866
2.5577	32.3894
2.5660	32.7207
2.5744	31.7011
2.5827	30.6519
2.5910	30.5172
2.5994	31.2773
2.6077	30.6549
2.6160	29.6667
2.6244	28.0413
2.6327	26.6785
2.6410	26.7719
2.6493	26.5241
2.6577	26.0855
2.6660	25.3333
2.6743	25.1318
2.6827	24.1652
2.6910	24.0000
2.6993	23.9636
2.7077	23.9735
2.7160	23.3668
2.7243	23.6873
2.7327	23.9882
2.7410	23.2950
2.7493	23.5988
2.7577	23.2360
2.7660	23.4553
2.7743	22.8751
2.7826	22.3097
2.7910	22.2153
2.7993	21.7414
2.8076	22.6991
2.8160	22.6962
2.8243	22.3333
2.8326	23.0000
2.8410	23.2743
2.8493	23.7188
2.8576	23.7640
2.8660	22.8909
2.8743	22.8230
2.8826	23.3068
2.8910	23.2360
2.8993	23.4651
2.9076	24.2950
2.9159	24.4474
2.9243	24.1042
2.9326	24.6667
2.9409	25.0000
2.9493	25.1495
2.9576	25.0649
2.9659	25.0000
2.9743	25.9715
2.9826	27.3835
2.9909	26.6667
2.9993	26.6824
3.0076	25.6785
3.0159	25.6785
3.0243	26.0688
3.0326	28.7139
3.0409	30.0669
3.0492	29.3766
3.0576	28.7876
3.0659	29.1259
3.0742	30.3333
3.0826	31.5841
3.0909	33.5182
3.0992	35.7463
3.1076	37.8820
3.1159	39.3009
3.1242	44.5349
3.1326	53.6667
3.1409	64.5752
3.1492	79.4838
3.1576	95.2891
3.1659	101.9046
3.1742	95.1426
3.1825	80.9292
3.1909	68.1583
3.1992	60.3392
3.2075	57.6431
3.2159	55.4926
3.2242	55.5821
3.2325	52.9617
3.2409	52.2055
3.2492	50.8918
3.2575	49.2448
3.2659	49.4946
3.2742	49.1858
3.2825	47.6667
3.2909	47.7011
3.2992	49.9656
3.3075	50.1711
3.3158	49.1367
3.3242	47.5978
3.3325	47.1770
3.3408	46.6578
3.3492	44.5113
3.3575	45.4454
3.3658	44.7493
3.3742	43.5202
3.3825	43.8171
3.3908	43.9823
3.3992	43.4730
3.4075	41.7345
3.4158	40.2370
3.4242	40.0285
3.4325	40.6755
3.4408	39.6667
3.4491	39.7886
3.4575	39.0501
3.4658	37.0619
3.4741	35.5202
3.4825	35.8879
3.4908	36.5379
3.4991	36.1849
3.5075	34.5015
3.5158	33.7817
3.5241	32.8555
3.5325	34.2419
3.5408	33.2901
3.5491	33.3333
3.5575	32.0708
3.5658	32.3058
3.5741	32.3255
3.5824	31.3746
3.5908	32.4120
3.5991	33.6922
3.6074	34.0000
3.6158	35.3333
3.6241	35.0029
3.6324	37.0826
3.6408	37.5113
3.6491	37.6618
3.6574	37.1445
3.6658	37.3540
3.6741	37.4297
3.6824	38.2478
3.6908	40.5349
3.6991	40.7640
3.7074	42.2065
3.7157	42.0000
3.7241	42.1347
3.7324	42.1180
3.7407	43.1563
3.7491	43.1563
3.7574	40.0619
3.7657	38.6667
0.0000	24.1111
0.0083	24.6667
0.0167	24.0718
0.0250	24.2448
0.0333	23.5811
0.0417	22.3461
0.0500	23.6735
0.0583	24.8466
0.0667	24.0462
0.0750	23.7306
0.0833	23.1239
0.0916	23.1229
0.1000	24.6460
0.1083	25.1947
0.1166	25.2488
0.1250	25.3736
0.1333	26.3333
0.1416	27.7217
0.1500	27.6500
0.1583	30.3687
0.1666	30.1278
0.1750	30.3805
0.1833	29.0118
0.1916	27.3137
0.2000	26.3196
0.2083	25.3569
0.2166	23.6667
0.2249	23.7532
0.2333	23.1445
0.2416	24.1259
0.2499	24.7817
0.2583	23.7493
0.2666	25.7591
0.2749	27.6667
0.2833	26.8909
0.2916	25.2114
0.2999	25.6745
0.3083	25.7670
0.3166	25.1209
0.3249	24.3441
0.3333	25.3068
0.3416	27.5526
0.3499	30.6647
0.3582	30.1976
0.3666	26.8771
0.3749	26.7797
0.3832	25.8171
0.3916	25.3461
0.3999	25.3333
0.4082	25.4454
0.4166	24.6667
0.4249	24.7207
0.4332	26.0678
0.4416	25.5634
0.4499	24.9017
0.4582	24.3333
0.4666	24.0246
0.4749	24.6618
0.4832	24.9558
0.4915	24.3088
0.4999	25.3333
0.5082	25.1563
0.5165	25.6667
0.5249	25.6529
0.5332	25.2950
0.5415	25.5831
0.5499	25.5329
0.5582	24.4602
0.5665	24.6667
0.5749	24.8250
0.5832	25.1976
0.5915	25.9056
0.5999	25.0000
0.6082	24.8289
0.6165	24.6775
0.6248	24.2429
0.6332	25.3835
0.6415	25.7365
0.6498	25.6342
0.6582	26.3304
0.6665	25.8220
0.6748	24.6667
0.6832	24.4130
0.6915	24.8122
0.6998	25.4149
0.7082	25.3333
0.7165	25.5369
0.7248	25.9331
0.7332	25.3333
0.7415	23.7217
0.7498	23.6903
0.7581	24.0354
0.7665	26.7296
0.7748	31.2566
0.7831	42.5044
0.7915	44.0334
0.7998	37.7768
0.8081	32.3805
0.8165	29.2645
0.8248	26.3382
0.8331	25.7611
0.8415	26.0000
0.8498	25.5615
0.8581	26.4572
0.8665	25.7984
0.8748	25.8053
0.8831	25.6136
0.8914	25.8230
0.8998	25.9744
0.9081	25.3009
0.9164	25.1042
0.9248	24.6667
0.9331	24.7876
0.9414	24.5556
0.9498	24.2448
0.9581	25.0000
0.9664	26.0000
0.9748	26.4513
0.9831	25.6667
0.9914	25.1563
0.9998	26.2065
1.0081	24.9351
1.0164	24.6667
1.0247	25.0256
1.0331	23.0206
1.0414	23.3677
1.0497	24.6332
1.0581	25.0000
1.0664	25.1091
1.0747	25.0462
1.0831	24.8879
1.0914	24.8024
1.0997	24.5605
1.1081	24.6667
1.1164	24.2380
1.1247	23.0875
1.1331	23.7935
1.1414	23.3756
1.1497	23.3265
1.1580	23.1888
1.1664	23.3088
1.1747	22.8358
1.1830	23.8702
1.1914	23.4828
1.1997	22.9459
1.2080	24.7404
1.2164	26.5467
1.2247	26.5595
1.2330	25.4661
1.2414	24.8191
1.2497	23.7473
1.2580	24.2625
1.2664	23.7276
1.2747	22.4867
1.2830	22.6254
1.2913	23.5723
1.2997	23.9351
1.3080	22.6785
1.3163	22.6686
1.3247	22.9921
1.3330	22.9469
1.3413	22.3058
1.3497	23.0344
1.3580	23.0501
1.3663	22.8289
1.3747	22.4002
1.3830	23.2566
1.3913	23.7404
1.3997	22.9558
1.4080	21.7876
1.4163	22.4346
1.4246	21.5034
1.4330	21.0619
1.4413	22.6667
1.4496	23.1554
1.4580	22.6696
1.4663	22.5084
1.4746	21.8151
1.4830	21.8053
1.4913	21.1819
1.4996	21.8092
1.5080	21.4425
1.5163	21.4680
1.5246	21.7316
1.5330	22.0796
1.5413	21.4031
1.5496	20.0265
1.5579	20.4838
1.5663	21.5860
1.5746	21.9086
1.5829	21.3127
1.5913	21.6667
1.5996	21.3353
1.6079	21.6755
1.6163	21.3333
1.6246	21.6096
1.6329	22.5516
1.6413	21.6185
1.6496	21.6667
1.6579	22.0000
1.6663	22.1554
1.6746	21.1042
1.6829	20.8614
1.6912	21.0000
1.6996	21.2340
1.7079	21.6342
1.7162	21.7866
1.7246	21.8938
1.7329	22.7080
1.7412	22.3343
1.7496	21.3333
1.7579	21.3717
1.7662	21.0796
1.7746	21.5890
1.7829	23.5280
1.7912	21.9184
1.7996	20.3500
1.8079	21.4012
1.8162	21.1386
1.8245	20.7355
1.8329	20.5103
1.8412	21.9017
1.8495	22.2547
1.8579	22.5487
1.8662	22.9213
1.8745	22.9508
1.8829	23.0000
1.8912	21.6568
1.8995	21.6273
1.9079	21.3038
1.9162	20.3333
1.9245	21.2350
1.9329	21.3923
1.9412	21.0688
1.9495	21.5093
1.9578	20.4425
1.9662	19.9617
1.9745	20.4503
1.9828	20.6873
1.9912	20.3559
1.9995	20.7463
2.0078	20.6283
2.0162	20.1200
2.0245	20.0010
2.0328	20.0000
2.0412	20.0000
2.0495	20.3933
2.0578	19.9528
2.0662	19.8830
2.0745	19.7620
2.0828	20.0560
2.0912	20.2625
2.0995	20.8997
2.1078	20.0059
2.1161	21.2321
2.1245	20.8112
2.1328	20.1150
2.1411	20.6382
2.1495	20.9440
2.1578	19.0442
2.1661	20.6618
2.1745	20.0108
2.1828	20.2507
2.1911	19.5143
2.1995	19.5457
2.2078	20.0501
2.2161	19.5133
2.2245	19.8761
2.2328	20.5870
2.2411	20.9105
2.2494	20.5320
2.2578	21.0059
2.2661	19.5713
2.2744	20.2576
2.2828	19.9440
2.2911	20.7788
2.2994	20.1082
2.3078	19.8378
2.3161	19.6441
2.3244	20.1032
2.3328	19.4690
2.3411	19.8299
2.3494	19.6667
2.3578	19.7434
2.3661	19.7630
2.3744	19.7404
2.3827	19.5634
2.3911	20.3333
2.3994	21.0570
2.4077	20.9528
2.4161	20.9626
2.4244	19.6667
2.4327	21.0708
2.4411	22.0472
2.4494	23.9941
2.4577	23.0236
2.4661	23.3333
2.4744	24.6352
2.4827	24.4159
2.4911	23.3845
2.4994	23.1219
2.5077	23.7375
2.5160	24.6667
2.5244	23.8476
2.5327	23.7670
2.5410	24.0000
2.5494	24.4267
2.5577	27.5723
2.5660	38.1131
2.5744	58.8938
2.5827	65.4159
2.5910	48.3894
2.5994	30.6490
2.6077	23.2891
2.6160	21.4612
2.6244	20.4169
2.6327	19.1268
2.6410	20.0000
2.6493	20.7139
2.6577	21.4100
2.6660	20.5300
2.6743	21.2635
2.6827	21.2212
2.6910	20.9538
2.6993	20.3333
2.7077	20.6136
2.7160	20.3166
2.7243	19.3471
2.7327	19.0089
2.7410	19.6794
2.7493	19.9095
2.7577	19.8053
2.7660	20.0000
2.7743	19.5939
2.7826	19.7906
2.7910	20.1436
2.7993	19.7414
2.8076	20.1504
2.8160	20.5949
2.8243	20.4444
2.8326	20.1209
2.8410	20.4051
2.8493	20.8594
2.8576	20.3333
2.8660	19.3333
2.8743	19.3265
2.8826	19.8201
2.8910	20.0000
2.8993	20.1318
2.9076	21.3422
2.9159	20.4474
2.9243	21.0000
2.9326	20.8614
2.9409	20.3333
2.9493	20.5919
2.9576	20.8053
2.9659	21.9479
2.9743	21.5310
2.9826	21.9499
2.9909	22.7689
2.9993	21.7925
3.0076	23.0236
3.0159	23.3215
3.0243	23.0000
3.0326	21.8083
3.0409	23.7001
3.0492	23.7965
3.0576	23.3186
3.0659	24.7109
3.0742	25.8122
3.0826	27.0030
3.0909	27.8151
3.0992	28.6136
3.1076	30.7788
3.1159	33.0324
3.1242	37.7906
3.1326	46.0501
3.1409	57.0305
3.1492	65.9892
3.1576	69.4867
3.1659	66.3333
3.1742	58.3835
3.1825	50.2035
3.1909	47.2104
3.1992	46.9882
3.2075	45.4366
3.2159	44.1868
3.2242	43.3353
3.2325	43.8525
3.2409	45.0639
3.2492	44.0993
3.2575	41.4867
3.2659	41.3333
3.2742	41.8525
3.2825	41.3923
3.2909	41.7109
3.2992	41.3530
3.3075	41.6667
3.3158	42.0246
3.3242	41.3677
3.3325	40.9115
3.3408	42.0629
3.3492	43.2832
3.3575	41.4808
3.3658	42.1672
3.3742	41.6667
3.3825	41.2065
3.3908	42.4464
3.3992	42.8250
3.4075	42.6667
3.4158	42.1908
3.4242	41.3904
3.4325	42.0354
3.4408	41.4838
3.4491	39.3638
3.4575	37.6077
3.4658	36.7286
3.4741	35.1219
3.4825	34.5546
3.4908	33.1023
3.4991	32.3894
3.5075	32.3392
3.5158	31.5939
3.5241	31.0629
3.5325	32.1209
3.5408	31.7532
3.5491	31.0000
3.5575	30.3097
3.5658	32.5841
3.5741	31.9882
3.5824	32.3274
3.5908	31.6824
3.5991	31.0767
3.6074	33.1062
3.6158	32.4071
3.6241	33.8869
3.6324	35.2596
3.6408	37.0000
3.6491	36.4130
3.6574	36.4720
3.6658	36.5211
3.6741	37.4651
3.6824	38.9528
3.6908	39.9361
3.6991	41.7178
3.7074	41.8466
3.7157	41.5103
3.7241	42.1986
3.7324	40.5811
3.7407	39.0885
3.7491	37.1898
3.7574	35.6372
3.7657	32.2222
0.0000	27.3333
0.0083	27.5752
0.0167	28.2616
0.0250	28.8073
0.0333	28.6991
0.0417	29.8269
0.0500	32.5103
0.0583	31.1799
0.0667	30.5644
0.0750	31.5329
0.0833	32.1622
0.0916	35.6578
0.1000	34.6667
0.1083	33.3835
0.1166	33.9902
0.1250	32.9253
0.1333	32.7316
0.1416	33.1101
0.1500	33.4405
0.1583	33.1563
0.1666	32.4100
0.1750	33.3963
0.1833	33.9941
0.1916	35.3412
0.2000	36.5978
0.2083	35.0708
0.2166	35.5674
0.2249	36.8397
0.2333	37.8260
0.2416	39.1445
0.2499	38.6667
0.2583	39.0796
0.2666	41.1849
0.2749	41.0757
0.2833	39.5575
0.2916	39.0000
0.2999	38.4572
0.3083	39.5251
0.3166	39.4248
0.3249	39.0324
0.3333	39.3156
0.3416	38.5428
0.3499	38.9036
0.3582	40.3982
0.3666	42.5084
0.3749	41.9882
0.3832	41.5398
0.3916	40.2271
0.3999	40.6676
0.4082	42.1121
0.4166	41.4110
0.4249	42.5133
0.4332	45.0678
0.4416	45.0924
0.4499	43.5438
0.4582	41.6814
0.4666	41.0147
0.4749	39.6863
0.4832	40.4513
0.4915	42.9754
0.4999	42.8043
0.5082	44.1327
0.5165	43.9911
0.5249	42.6529
0.5332	40.5162
0.5415	39.4179
0.5499	38.6942
0.5582	40.2301
0.5665	40.1013
0.5749	40.1229
0.5832	41.4661
0.5915	39.8073
0.5999	39.4956
0.6082	39.3156
0.6165	37.3658
0.6248	35.1819
0.6332	33.7581
0.6415	34.0619
0.6498	34.5447
0.6582	34.0029
0.6665	35.2045
0.6748	35.7030
0.6832	35.3304
0.6915	33.7394
0.6998	32.5851
0.7082	32.0000
0.7165	31.8702
0.7248	30.7001
0.7332	29.4985
0.7415	30.3471
0.7498	31.6627
0.7581	31.9823
0.7665	33.2232
0.7748	33.1544
0.7831	30.7876
0.7915	29.8191
0.7998	29.3884
0.8081	28.5280
0.8165	28.4425
0.8248	28.3333
0.8331	27.4277
0.8415	27.0000
0.8498	28.1052
0.8581	27.6195
0.8665	26.9322
0.8748	27.6618
0.8831	28.0796
0.8914	27.6667
0.8998	26.5064
0.9081	26.6667
0.9164	27.0000
0.9248	29.4051
0.9331	30.8791
0.9414	30.7778
0.9498	29.7679
0.9581	27.2743
0.9664	26.7345
0.9748	27.0973
0.9831	26.6431
0.9914	26.0000
0.9998	25.3756
1.0081	26.3009
1.0164	25.6893
1.0247	25.0639
1.0331	25.6549
1.0414	25.3471
1.0497	24.4169
1.0581	25.4395
1.0664	25.5152
1.0747	25.7591
1.0831	24.7788
1.0914	25.3992
1.0997	25.1819
1.1081	24.7434
1.1164	23.9528
1.1247	25.2104
1.1331	25.3333
1.1414	25.0000
1.1497	25.2694
1.1580	24.4779
1.1664	25.9508
1.1747	25.6519
1.1830	26.0000
1.1914	26.4484
1.1997	26.5270
1.2080	27.2773
1.2164	26.3068
1.2247	25.4494
1.2330	26.0649
1.2414	26.4572
1.2497	26.6775
1.2580	26.7876
1.2664	26.5162
1.2747	26.1023
1.2830	25.4985
1.2913	24.5221
1.2997	24.7532
1.3080	26.3215
1.3163	26.9941
1.3247	25.6903
1.3330	26.2979
1.3413	26.9449
1.3497	27.5919
1.3580	27.0973
1.3663	26.2193
1.3747	26.3992
1.3830	26.6932
1.3913	25.4071
1.3997	25.8515
1.4080	27.0295
1.4163	27.1308
1.4246	27.2075
1.4330	27.4572
1.4413	27.8545
1.4496	26.9322
1.4580	27.4956
1.4663	27.6500
1.4746	26.5546
1.4830	25.9440
1.4913	25.6667
1.4996	25.6431
1.5080	23.6608
1.5163	23.4612
1.5246	23.9351
1.5330	24.3481
1.5413	23.3874
1.5496	22.6332
1.5579	22.7168
1.5663	22.7984
1.5746	22.8781
1.5829	22.3540
1.5913	22.0108
1.5996	23.3294
1.6079	23.9558
1.6163	22.6667
1.6246	22.0855
1.6329	22.7817
1.6413	23.0482
1.6496	23.1160
1.6579	22.6726
1.6663	23.8446
1.6746	23.9833
1.6829	23.9027
1.6912	22.2144
1.6996	22.6844
1.7079	23.9528
1.7162	23.2734
1.7246	22.5860
1.7329	22.7817
1.7412	22.0000
1.7496	21.1947
1.7579	21.7050
1.7662	22.0000
1.7746	22.9223
1.7829	22.4513
1.7912	21.3156
1.7996	22.3717
1.8079	22.7139
1.8162	22.1386
1.8245	23.1377
1.8329	22.6077
1.8412	21.5300
1.8495	22.4120
1.8579	22.8230
1.8662	21.6470
1.8745	22.3432
1.8829	22.3333
1.8912	22.0295
1.8995	23.3137
1.9079	22.5192
1.9162	21.3333
1.9245	22.4808
1.9329	23.0590
1.9412	23.9204
1.9495	25.1160
1.9578	24.4897
1.9662	25.1367
1.9745	25.8918
1.9828	27.0973
1.9912	26.7945
1.9995	27.0796
2.0078	26.8525
2.0162	27.5093
2.0245	28.0020
2.0328	28.6460
2.0412	29.3333
2.0495	28.6500
2.0578	27.6667
2.0662	27.7837
2.0745	28.8810
2.0828	29.7640
2.0912	29.8584
2.0995	31.4336
2.1078	30.9322
2.1161	31.3913
2.1245	32.3776
2.1328	32.8850
2.1411	35.4956
2.1495	36.1652
2.1578	37.9734
2.1661	37.6637
2.1745	38.3117
2.1828	38.2714
2.1911	37.7866
2.1995	36.1209
2.2078	35.9174
2.2161	36.0600
2.2245	35.7207
2.2328	34.1888
2.2411	31.1544
2.2494	29.5320
2.2578	29.7758
2.2661	27.7620
2.2744	27.4317
2.2828	25.2507
2.2911	24.3697
2.2994	24.1750
2.3078	23.6637
2.3161	22.4887
2.3244	23.0423
2.3328	21.5929
2.3411	20.8741
2.3494	21.0000
2.3578	20.5752
2.3661	20.6146
2.3744	20.9135
2.3827	21.5133
2.3911	22.2006
2.3994	23.2193
2.4077	23.4277
2.4161	25.8161
2.4244	29.5290
2.4327	31.6136
2.4411	33.9685
2.4494	36.3294
2.4577	37.0590
2.4661	36.9784
2.4744	38.0816
2.4827	36.2920
2.4911	34.0246
2.4994	33.9715
2.5077	34.0708
2.5160	32.1613
2.5244	29.9381
2.5327	29.1003
2.5410	27.8869
2.5494	27.7335
2.5577	27.5369
2.5660	25.4189
2.5744	23.7817
2.5827	24.1445
2.5910	24.1790
2.5994	23.0000
2.6077	22.5221
2.6160	21.5320
2.6244	20.9174
2.6327	20.3215
2.6410	20.4208
2.6493	20.8574
2.6577	19.8378
2.6660	18.9243
2.6743	19.3373
2.6827	19.7758
2.6910	19.1947
2.6993	17.1091
2.7077	17.4395
2.7160	18.0501
2.7243	18.0069
2.7327	18.6578
2.7410	18.2566
2.7493	19.2429
2.7577	18.5044
2.7660	17.9154
2.7743	19.0206
2.7826	18.4808
2.7910	19.1898
2.7993	19.0885
2.8076	21.3923
2.8160	20.4346
2.8243	19.3333
2.8326	19.2743
2.8410	18.5487
2.8493	18.5418
2.8576	17.7847
2.8660	18.5064
2.8743	17.9862
2.8826	18.1799
2.8910	18.4769
2.8993	18.6686
2.9076	18.4956
2.9159	18.3422
2.9243	18.1042
2.9326	19.3333
2.9409	18.4975
2.9493	17.4081
2.9576	17.6018
2.9659	17.3884
2.9743	17.8024
2.9826	17.5811
2.9909	18.3589
2.9993	18.9843
3.0076	18.3569
3.0159	18.6627
3.0243	18.3471
3.0326	18.1652
3.0409	20.0334
3.0492	20.2901
3.0576	20.0000
3.0659	21.2075
3.0742	22.2183
3.0826	23.4985
3.0909	25.5182
3.0992	28.5113
3.1076	33.8968
3.1159	45.1219
3.1242	59.3412
3.1326	69.2006
3.1409	70.2429
3.1492	62.8712
3.1576	55.1003
3.1659	49.0285
3.1742	45.4779
3.1825	46.7316
3.1909	49.1750
3.1992	46.8869
3.2075	45.9764
3.2159	46.4671
3.2242	46.5015
3.2325	45.7758
3.2409	46.3333
3.2492	43.2704
3.2575	44.3776
3.2659	44.7011
3.2742	45.3088
3.2825	45.2301
3.2909	44.2989
3.2992	44.6470
3.3075	45.0147
3.3158	44.5054
3.3242	43.6431
3.3325	42.3776
3.3408	43.0629
3.3492	43.0777
3.3575	42.1121
3.3658	40.9174
3.3742	40.8535
3.3825	41.4130
3.3908	41.4523
3.3992	42.4562
3.4075	42.4690
3.4158	41.3815
3.4242	41.6667
3.4325	40.6490
3.4408	41.0433
3.4491	39.2124
3.4575	37.4336
3.4658	36.6824
3.4741	35.9351
3.4825	34.7729
3.4908	35.6667
3.4991	35.1288
3.5075	32.6667
3.5158	33.4907
3.5241	33.4779
3.5325	33.3481
3.5408	30.7965
3.5491	30.5005
3.5575	30.9292
3.5658	31.0551
3.5741	31.6627
3.5824	32.0177
3.5908	32.6824
3.5991	32.4356
3.6074	33.4041
3.6158	33.4238
3.6241	33.7217
3.6324	34.0000
3.6408	34.2989
3.6491	34.8358
3.6574	34.8112
3.6658	35.8122
3.6741	36.3156
3.6824	37.6667
3.6908	38.1337
3.6991	36.9538
3.7074	37.7935
3.7157	37.1701
3.7241	35.8397
3.7324	34.2802
3.7407	30.9322
3.7491	28.9744
3.7574	27.5752
3.7657	24.3333
0.0000	54.0000
0.0083	55.0000
0.0167	54.4641
0.0250	54.3854
0.0333	55.4513
0.0417	55.9872
0.0500	54.9656
0.0583	56.1534
0.0667	58.0924
0.0750	57.5329
0.0833	58.7522
0.0916	61.4297
0.1000	61.9164
0.1083	63.0501
0.1166	63.9154
0.1250	65.5634
0.1333	69.2596
0.1416	71.5015
0.1500	73.0167
0.1583	75.0147
0.1666	75.7188
0.1750	76.6667
0.1833	76.3805
0.1916	80.0079
0.2000	81.9862
0.2083	83.9528
0.2166	84.9666
0.2249	85.1731
0.2333	86.6519
0.2416	86.8368
0.2499	87.2606
0.2583	89.0030
0.2666	89.1681
0.2749	90.5152
0.2833	92.8850
0.2916	91.2763
0.2999	91.1160
0.3083	91.7168
0.3166	92.7266
0.3249	95.4621
0.3333	96.8732
0.3416	97.4759
0.3499	99.2389
0.3582	100.0000
0.3666	99.9292
0.3749	101.9941
0.3832	105.2065
0.3916	109.6136
0.3999	115.2507
0.4082	122.3363
0.4166	125.5526
0.4249	124.9371
0.4332	124.9764
0.4416	130.4710
0.4499	136.7788
0.4582	149.5339
0.4666	162.2842
0.4749	177.3628
0.4832	182.4218
0.4915	185.3825
0.4999	184.4022
0.5082	176.8201
0.5165	178.2793
0.5249	183.0639
0.5332	191.7758
0.5415	209.8358
0.5499	224.6411
0.5582	233.2153
0.5665	232.3510
0.5749	224.9125
0.5832	209.3392
0.5915	191.7168
0.5999	181.0000
0.6082	181.8378
0.6165	189.5703
0.6248	205.7896
0.6332	218.1504
0.6415	223.6352
0.6498	218.8859
0.6582	205.5457
0.6665	185.4887
0.6748	164.4818
0.6832	147.5811
0.6915	138.5821
0.6998	138.6922
0.7082	144.3333
0.7165	151.9872
0.7248	156.6342
0.7332	158.5693
0.7415	155.0551
0.7498	145.6863
0.7581	133.3215
0.7665	116.9371
0.7748	102.4100
0.7831	96.5959
0.7915	92.5762
0.7998	91.5506
0.8081	94.6578
0.8165	99.4828
0.8248	102.0895
0.8331	100.3776
0.8415	98.8958
0.8498	92.6755
0.8581	84.7522
0.8665	76.8643
0.8748	71.0000
0.8831	66.7935
0.8914	65.8437
0.8998	65.6667
0.9081	66.0855
0.9164	66.7552
0.9248	68.0718
0.9331	67.9115
0.9414	65.8889
0.9498	63.6667
0.9581	62.3333
0.9664	59.1701
0.9748	56.0718
0.9831	54.2714
0.9914	51.9479
0.9998	49.8358
1.0081	50.3982
1.0164	50.9548
1.0247	50.3461
1.0331	50.6755
1.0414	51.0138
1.0497	52.2498
1.0581	50.3068
1.0664	47.1819
1.0747	45.5182
1.0831	46.2773
1.0914	45.7325
1.0997	46.4090
1.1081	45.6667
1.1164	45.7611
1.1247	44.6844
1.1331	45.7699
1.1414	45.7915
1.1497	47.2625
1.1580	47.0000
1.1664	45.5369
1.1747	45.6716
1.1830	46.0000
1.1914	45.3333
1.1997	43.8378
1.2080	45.2035
1.2164	45.3736
1.2247	43.6696
1.2330	43.4661
1.2414	43.3668
1.2497	43.9194
1.2580	44.4543
1.2664	45.3009
1.2747	43.5379
1.2830	43.4572
1.2913	43.4592
1.2997	42.3766
1.3080	40.7611
1.3163	40.6745
1.3247	39.7139
1.3330	40.3864
1.3413	40.9449
1.3497	40.8879
1.3580	40.4749
1.3663	40.6667
1.3747	40.9312
1.3830	41.5162
1.3913	40.9135
1.3997	40.1927
1.4080	39.0914
1.4163	39.5654
1.4246	40.5782
1.4330	38.6785
1.4413	39.9154
1.4496	39.3107
1.4580	38.4956
1.4663	36.8751
1.4746	36.3333
1.4830	35.6372
1.4913	37.4621
1.4996	37.5005
1.5080	37.8909
1.5163	37.6313
1.5246	37.9351
1.5330	38.2389
1.5413	38.3176
1.5496	37.0600
1.5579	37.1327
1.5663	36.4651
1.5746	35.8476
1.5829	34.6667
1.5913	35.3225
1.5996	38.6578
1.6079	37.3687
1.6163	36.0934
1.6246	37.9715
1.6329	37.6283
1.6413	37.8594
1.6496	38.7827
1.6579	39.8024
1.6663	40.8997
1.6746	42.5959
1.6829	41.9587
1.6912	41.5595
1.6996	40.5497
1.7079	39.7463
1.7162	39.8633
1.7246	39.7070
1.7329	39.8850
1.7412	39.6686
1.7496	39.7866
1.7579	42.0383
1.7662	44.2321
1.7746	45.3609
1.7829	47.4926
1.7912	49.8830
1.7996	49.4916
1.8079	48.9322
1.8162	49.5093
1.8245	50.9892
1.8329	51.3333
1.8412	49.8142
1.8495	48.6087
1.8579	48.1475
1.8662	48.6077
1.8745	48.3137
1.8829	47.3333
1.8912	47.0590
1.8995	49.0393
1.9079	50.4897
1.9162	52.2940
1.9245	55.5192
1.9329	57.4720
1.9412	59.7355
1.9495	61.6667
1.9578	63.7345
1.9662	64.7266
1.9745	66.9911
1.9828	68.7080
1.9912	68.8948
1.9995	70.6667
2.0078	70.9676
2.0162	69.8800
2.0245	68.4995
2.0328	68.3540
2.0412	68.4798
2.0495	68.1367
2.0578	69.1740
2.0662	69.2694
2.0745	68.5359
2.0828	67.3481
2.0912	67.5959
2.0995	68.5113
2.1078	70.1298
2.1161	72.8260
2.1245	73.1888
2.1328	73.7050
2.1411	73.6470
2.1495	74.4267
2.1578	74.3333
2.1661	70.6618
2.1745	65.7532
2.1828	64.0826
2.1911	63.1504
2.1995	58.2124
2.2078	54.5664
2.2161	50.9666
2.2245	48.4031
2.2328	45.2537
2.2411	43.1544
2.2494	41.6382
2.2578	39.6844
2.2661	37.6431
2.2744	34.5910
2.2828	33.0266
2.2911	31.8545
2.2994	30.7915
2.3078	29.1711
2.3161	28.4887
2.3244	27.4789
2.3328	26.6047
2.3411	26.7925
2.3494	25.2026
2.3578	26.1504
2.3661	26.5703
2.3744	26.0865
2.3827	27.1799
2.3911	29.2665
2.3994	30.5526
2.4077	32.9528
2.4161	34.0747
2.4244	35.3058
2.4327	36.6490
2.4411	35.6824
2.4494	35.6647
2.4577	34.6313
2.4661	34.0216
2.4744	34.6981
2.4827	34.3333
2.4911	32.6667
2.4994	30.7886
2.5077	30.4543
2.5160	30.5162
2.5244	30.8191
2.5327	30.3333
2.5410	30.6726
2.5494	30.3068
2.5577	28.9617
2.5660	27.4415
2.5744	27.5978
2.5827	27.0295
2.5910	25.1544
2.5994	24.8210
2.6077	24.6224
2.6160	24.6735
2.6244	25.0836
2.6327	23.7699
2.6410	22.5792
2.6493	22.3333
2.6577	22.4277
2.6660	22.9695
2.6743	22.2675
2.6827	21.9440
2.6910	22.0924
2.6993	22.7030
2.7077	22.3333
2.7160	23.3333
2.7243	22.6667
2.7327	22.0118
2.7410	22.0128
2.7493	22.0452
2.7577	20.8289
2.7660	22.0000
2.7743	23.6146
2.7826	22.6667
2.7910	22.1436
2.7993	22.2448
2.8076	22.5752
2.8160	21.7679
2.8243	22.8889
2.8326	23.6372
2.8410	23.0590
2.8493	22.6667
2.8576	22.1180
2.8660	22.3333
2.8743	22.1632
2.8826	22.6667
2.8910	22.7129
2.8993	22.9980
2.9076	23.2566
2.9159	22.8771
2.9243	23.5624
2.9326	22.3776
2.9409	22.0049
2.9493	22.2242
2.9576	22.3245
2.9659	22.7768
2.9743	23.8476
2.9826	25.3333
2.9909	26.6411
2.9993	25.7611
3.0076	28.4336
3.0159	29.3255
3.0243	30.9725
3.0326	32.0236
3.0409	35.8997
3.0492	39.3333
3.0576	45.2802
3.0659	51.5221
3.0742	58.3943
3.0826	71.1681
3.0909	91.0924
3.0992	119.3864
3.1076	154.1268
3.1159	192.5280
3.1242	218.5270
3.1326	214.4336
3.1409	183.6382
3.1492	143.6352
3.1576	114.8850
3.1659	102.0098
3.1742	98.7611
3.1825	98.1327
3.1909	96.9125
3.1992	98.3392
3.2075	97.5634
3.2159	98.5329
3.2242	98.9990
3.2325	98.8555
3.2409	97.4248
3.2492	99.6667
3.2575	100.9557
3.2659	97.8387
3.2742	95.5546
3.2825	95.7699
3.2909	94.6470
3.2992	92.6126
3.3075	91.9263
3.3158	88.0000
3.3242	84.1377
3.3325	81.9793
3.3408	80.1799
3.3492	75.8722
3.3575	72.0000
3.3658	68.3353
3.3742	65.3333
3.3825	64.3805
3.3908	62.1072
3.3992	59.2458
3.4075	59.8614
3.4158	59.3815
3.4242	58.1524
3.4325	56.3156
3.4408	56.5054
3.4491	56.3943
3.4575	55.3835
3.4658	54.4730
3.4741	54.5772
3.4825	55.7758
3.4908	55.6667
3.4991	55.7591
3.5075	56.9971
3.5158	57.8122
3.5241	58.1632
3.5325	57.4543
3.5408	58.8269
3.5491	58.0669
3.5575	56.9528
3.5658	56.3333
3.5741	55.9803
3.5824	54.6726
3.5908	59.7797
3.5991	64.0796
3.6074	55.0501
3.6158	50.9833
3.6241	50.6637
3.6324	49.7227
3.6408	48.7817
3.6491	48.4975
3.6574	48.7227
3.6658	47.5831
3.6741	46.1406
3.6824	45.7817
3.6908	44.0698
3.6991	41.3845
3.7074	38.8732
3.7157	36.0206
3.7241	31.6539
3.7324	28.6018
3.7407	27.6667
3.7491	24.7974
3.7574	22.5133
3.7657	22.0000
0.0000	26.0000
0.0083	26.7847
0.0167	26.2743
0.0250	26.0206
0.0333	26.3540
0.0417	26.0000
0.0500	26.6873
0.0583	25.0000
0.0667	25.0000
0.0750	25.8643
0.0833	26.9233
0.0916	27.9735
0.1000	26.0206
0.1083	25.9499
0.1166	26.0000
0.1250	28.8909
0.1333	27.0000
0.1416	26.1681
0.1500	27.4071
0.1583	28.3186
0.1666	26.5133
0.1750	27.0000
0.1833	28.6844
0.1916	26.6549
0.2000	26.3746
0.2083	28.1917
0.2166	27.0000
0.2249	29.0000
0.2333	27.5074
0.2416	29.0000
0.2499	29.6549
0.2583	30.8378
0.2666	27.5575
0.2749	29.0000
0.2833	30.3392
0.2916	28.3009
0.2999	28.7286
0.3083	32.2743
0.3166	30.7876
0.3249	29.6342
0.3333	29.0000
0.3416	30.2478
0.3499	29.1888
0.3582	32.0000
0.3666	31.8584
0.3749	32.9823
0.3832	32.0236
0.3916	31.9469
0.3999	31.9174
0.4082	32.0000
0.4166	33.0000
0.4249	33.8289
0.4332	32.0000
0.4416	32.2301
0.4499	33.7404
0.4582	33.2891
0.4666	33.3186
0.4749	34.6519
0.4832	33.7552
0.4915	34.0000
0.4999	32.4366
0.5082	34.5339
0.5165	36.4956
0.5249	35.0501
0.5332	35.0000
0.5415	35.1681
0.5499	35.2271
0.5582	34.2861
0.5665	33.9823
0.5749	35.7021
0.5832	34.7316
0.5915	37.2832
0.5999	36.4189
0.6082	37.5398
0.6165	37.0000
0.6248	35.8791
0.6332	36.0000
0.6415	34.9381
0.6498	35.8378
0.6582	37.9971
0.6665	37.9469
0.6748	36.0560
0.6832	38.0000
0.6915	36.2301
0.6998	36.7109
0.7082	35.8260
0.7165	35.2035
0.7248	34.0000
0.7332	33.4749
0.7415	33.5841
0.7498	33.0000
0.7581	36.5959
0.7665	44.5752
0.7748	44.7699
0.7831	40.1976
0.7915	36.3451
0.7998	31.9970
0.8081	30.9440
0.8165	31.0000
0.8248	30.4130
0.8331	31.2330
0.8415	30.2920
0.8498	33.3245
0.8581	30.8850
0.8665	31.7345
0.8748	32.8201
0.8831	29.6195
0.8914	30.1770
0.8998	29.8525
0.9081	29.8820
0.9164	30.2655
0.9248	29.1180
0.9331	27.0885
0.9414	28.0000
0.9498	29.0295
0.9581	29.9410
0.9664	30.8230
0.9748	29.0000
0.9831	30.7050
0.9914	27.8230
0.9998	27.7935
1.0081	26.7640
1.0164	28.7345
1.0247	26.5900
1.0331	26.6755
1.0414	27.7080
1.0497	28.2330
1.0581	26.8260
1.0664	27.5575
1.0747	28.4720
1.0831	28.0000
1.0914	27.4690
1.0997	26.1209
1.1081	25.2301
1.1164	26.6195
1.1247	28.6490
1.1331	32.7139
1.1414	30.4159
1.1497	29.2124
1.1580	27.0000
1.1664	26.0000
1.1747	27.4779
1.1830	25.8555
1.1914	26.0000
1.1997	26.8289
1.2080	25.0560
1.2164	27.9735
1.2247	25.0118
1.2330	24.0649
1.2414	25.9381
1.2497	27.0000
1.2580	25.1209
1.2664	24.4513
1.2747	24.3599
1.2830	26.0000
1.2913	25.2389
1.2997	26.0000
1.3080	26.5959
1.3163	25.6549
1.3247	25.0708
1.3330	26.0000
1.3413	25.8319
1.3497	27.0000
1.3580	25.4749
1.3663	27.0089
1.3747	25.5339
1.3830	27.0000
1.3913	27.5929
1.3997	26.6224
1.4080	25.6962
1.4163	25.6814
1.4246	27.2891
1.4330	27.0000
1.4413	27.2301
1.4496	27.5988
1.4580	27.1711
1.4663	27.1416
1.4746	26.0000
1.4830	26.2478
1.4913	27.9469
1.4996	28.0000
1.5080	28.0000
1.5163	24.1416
1.5246	26.9351
1.5330	26.0000
1.5413	26.3717
1.5496	27.3068
1.5579	26.6342
1.5663	27.5752
1.5746	26.5162
1.5829	26.9145
1.5913	26.6991
1.5996	24.6696
1.6079	26.7198
1.6163	26.3894
1.6246	26.5811
1.6329	26.8968
1.6413	25.0000
1.6496	27.0147
1.6579	25.0000
1.6663	25.4336
1.6746	26.1917
1.6829	26.3746
1.6912	25.3451
1.6996	25.0000
1.7079	27.0000
1.7162	26.0000
1.7246	25.0000
1.7329	26.8024
1.7412	27.8319
1.7496	26.0000
1.7579	28.0000
1.7662	26.0000
1.7746	26.0501
1.7829	27.0000
1.7912	27.0089
1.7996	27.0000
1.8079	27.0000
1.8162	26.0000
1.8245	27.0000
1.8329	27.3127
1.8412	28.0000
1.8495	25.7847
1.8579	28.7552
1.8662	28.2743
1.8745	26.6077
1.8829	28.3333
1.8912	27.3628
1.8995	28.3923
1.9079	28.4218
1.9162	30.0000
1.9245	27.5575
1.9329	31.0206
1.9412	29.4602
1.9495	30.2920
1.9578	30.7965
1.9662	30.2566
1.9745	30.0000
1.9828	28.3127
1.9912	29.0000
1.9995	29.2389
2.0078	28.7758
2.0162	29.6106
2.0245	27.1652
2.0328	27.1357
2.0412	26.2124
2.0495	27.9233
2.0578	27.9056
2.0662	29.9646
2.0745	28.0000
2.0828	27.0826
2.0912	28.9292
2.0995	28.1003
2.1078	29.6106
2.1161	28.8407
2.1245	29.6224
2.1328	29.7817
2.1411	27.7522
2.1495	27.2773
2.1578	27.3068
2.1661	28.6637
2.1745	27.0973
2.1828	27.6047
2.1911	28.0000
2.1995	27.4543
2.2078	28.4838
2.2161	28.4867
2.2245	28.5428
2.2328	28.4277
2.2411	30.2035
2.2494	30.3687
2.2578	30.0000
2.2661	31.3805
2.2744	32.0000
2.2828	33.0000
2.2911	31.6637
2.2994	30.8083
2.3078	30.4867
2.3161	29.5310
2.3244	29.2065
2.3328	28.0737
2.3411	28.0442
2.3494	27.0295
2.3578	25.0000
2.3661	24.0442
2.3744	25.0737
2.3827	24.7935
2.3911	24.4690
2.3994	24.0000
2.4077	23.5752
2.4161	24.0000
2.4244	24.2507
2.4327	23.0000
2.4411	23.6903
2.4494	24.0000
2.4577	23.0000
2.4661	23.2035
2.4744	24.1445
2.4827	25.0855
2.4911	23.0000
2.4994	23.9676
2.5077	23.4543
2.5160	24.2743
2.5244	25.3953
2.5327	25.3658
2.5410	26.6637
2.5494	28.6932
2.5577	26.5546
2.5660	30.2566
2.5744	31.5634
2.5827	30.8112
2.5910	29.0000
2.5994	29.8702
2.6077	27.1003
2.6160	26.9292
2.6244	29.9174
2.6327	25.0000
2.6410	25.0000
2.6493	23.9528
2.6577	22.9233
2.6660	23.2124
2.6743	24.0000
2.6827	22.8348
2.6910	21.5841
2.6993	24.7758
2.7077	23.5074
2.7160	23.4336
2.7243	24.6254
2.7327	23.3422
2.7410	24.2566
2.7493	26.5988
2.7577	24.5693
2.7660	24.9204
2.7743	24.4897
2.7826	22.9617
2.7910	23.4513
2.7993	23.0000
2.8076	23.7847
2.8160	24.0000
2.8243	24.0000
2.8326	23.0000
2.8410	24.2743
2.8493	23.2448
2.8576	23.4307
2.8660	23.0000
2.8743	21.3127
2.8826	24.7463
2.8910	23.8053
2.8993	24.0678
2.9076	22.1150
2.9159	23.9911
2.9243	25.9794
2.9326	23.0501
2.9409	25.0000
2.9493	24.0000
2.9576	24.0000
2.9659	25.0000
2.9743	27.4071
2.9826	25.5457
2.9909	22.0000
2.9993	22.7139
3.0076	23.3156
3.0159	22.6903
3.0243	20.4985
3.0326	21.4041
3.0409	22.5664
3.0492	24.4631
3.0576	22.0147
3.0659	22.4779
3.0742	22.5516
3.0826	23.4189
3.0909	20.3894
3.0992	22.7198
3.1076	24.0000
3.1159	24.9027
3.1242	25.0855
3.1326	24.7581
3.1409	25.5752
3.1492	25.0000
3.1576	26.0000
3.1659	26.1239
3.1742	29.0000
3.1825	28.0000
3.1909	28.0708
3.1992	30.0118
3.2075	33.0236
3.2159	37.0531
3.2242	38.0826
3.2325	46.0000
3.2409	55.7080
3.2492	73.1711
3.2575	94.0000
3.2659	107.4602
3.2742	101.7404
3.2825	81.2655
3.2909	61.6372
3.2992	51.6519
3.3075	48.3776
3.3158	45.4071
3.3242	45.1268
3.3325	42.9322
3.3408	43.5044
3.3492	41.5251
3.3575	40.8909
3.3658	42.0000
3.3742	40.8407
3.3825	39.3569
3.3908	39.0000
3.3992	38.8938
3.4075	40.2684
3.4158	41.0000
3.4242	40.0000
3.4325	42.0000
3.4408	40.6991
3.4491	40.3628
3.4575	39.0914
3.4658	38.1239
3.4741	39.0000
3.4825	39.9971
3.4908	41.0000
3.4991	40.0560
3.5075	42.0000
3.5158	43.1150
3.5241	41.0000
3.5325	42.1740
3.5408	41.2035
3.5491	43.5339
3.5575	42.0501
3.5658	41.7080
3.5741	41.0000
3.5824	41.7021
3.5908	42.3805
3.5991	41.0000
3.6074	41.0000
3.6158	42.0619
3.6241	43.0029
3.6324	42.4720
3.6408	43.4425
3.6491	44.0000
3.6574	44.5339
3.6658	41.7699
3.6741	42.6755
3.6824	42.2950
3.6908	45.6726
3.6991	42.0000
3.7074	42.2065
3.7157	42.1150
3.7241	40.7050
3.7324	39.1180
3.7407	40.9115
3.7491	41.9410
3.7574	40.0295
3.7657	42.0000
0.0000	23.3333
0.0083	22.6962
0.0167	23.7257
0.0250	23.2448
0.0333	23.2153
0.0417	23.6283
0.0500	21.3127
0.0583	23.0000
0.0667	22.9027
0.0750	22.0000
0.0833	22.0767
0.0916	23.9911
0.1000	23.0000
0.1083	23.0000
0.1166	23.9204
0.1250	23.8909
0.1333	24.7227
0.1416	24.3363
0.1500	24.6047
0.1583	23.7729
0.1666	23.0000
0.1750	25.4277
0.1833	23.6844
0.1916	25.6549
0.2000	25.3746
0.2083	25.8083
0.2166	23.8673
0.2249	25.3894
0.2333	27.0000
0.2416	24.0000
0.2499	24.5516
0.2583	26.4189
0.2666	26.0000
0.2749	26.0000
0.2833	26.6608
0.2916	25.9027
0.2999	29.0000
0.3083	27.0000
0.3166	27.0000
0.3249	28.8171
0.3333	30.2330
0.3416	28.1239
0.3499	25.9056
0.3582	28.0000
0.3666	24.0708
0.3749	25.0059
0.3832	27.9528
0.3916	26.8407
0.3999	25.0826
0.4082	26.0000
0.4166	25.7168
0.4249	25.1711
0.4332	23.6018
0.4416	25.7699
0.4499	25.7404
0.4582	26.0000
0.4666	24.0000
0.4749	24.0442
0.4832	23.6224
0.4915	25.4071
0.4999	24.8732
0.5082	23.0678
0.5165	27.4956
0.5249	26.0000
0.5332	24.5546
0.5415	24.5841
0.5499	25.0000
0.5582	24.7139
0.5665	24.6549
0.5749	23.8938
0.5832	24.0000
0.5915	23.5221
0.5999	23.4189
0.6082	25.0000
0.6165	25.6991
0.6248	24.1209
0.6332	22.2743
0.6415	23.9381
0.6498	24.0324
0.6582	24.9941
0.6665	24.0265
0.6748	25.0000
0.6832	23.1711
0.6915	25.1150
0.6998	24.1445
0.7082	25.1740
0.7165	22.8142
0.7248	25.5339
0.7332	23.4749
0.7415	22.0000
0.7498	23.3215
0.7581	24.0000
0.7665	24.0000
0.7748	23.4100
0.7831	23.8791
0.7915	24.0000
0.7998	23.0000
0.8081	22.5280
0.8165	22.5575
0.8248	22.8260
0.8331	23.6165
0.8415	23.6460
0.8498	23.0000
0.8581	23.0000
0.8665	22.7345
0.8748	22.4720
0.8831	24.0000
0.8914	23.0000
0.8998	24.0000
0.9081	23.7640
0.9164	23.0885
0.9248	22.0000
0.9331	24.0295
0.9414	24.0000
0.9498	23.9410
0.9581	23.9410
0.9664	22.0885
0.9748	23.1180
0.9831	23.0000
0.9914	22.3540
0.9998	23.7935
1.0081	25.7640
1.0164	25.2655
1.0247	26.8850
1.0331	26.0000
1.0414	26.0000
1.0497	24.3835
1.0581	23.8260
1.0664	24.4425
1.0747	22.0560
1.0831	22.9970
1.0914	23.4690
1.0997	22.5605
1.1081	24.0000
1.1164	25.0000
1.1247	24.3510
1.1331	24.6431
1.1414	24.0000
1.1497	24.0000
1.1580	23.4661
1.1664	23.0000
1.1747	24.1740
1.1830	21.7109
1.1914	21.3451
1.1997	25.5723
1.2080	20.9440
1.2164	22.0531
1.2247	23.0030
1.2330	21.1622
1.2414	21.0619
1.2497	21.0914
1.2580	21.3628
1.2664	21.8496
1.2747	21.1799
1.2830	21.0000
1.2913	22.0442
1.2997	21.7316
1.3080	22.0000
1.3163	24.0000
1.3247	26.0708
1.3330	27.6136
1.3413	25.2478
1.3497	23.8909
1.3580	22.4248
1.3663	21.0000
1.3747	21.4661
1.3830	20.8732
1.3913	22.0000
1.3997	19.6224
1.4080	21.6519
1.4163	21.3628
1.4246	20.2891
1.4330	20.7404
1.4413	22.5398
1.4496	22.7994
1.4580	22.8289
1.4663	22.7168
1.4746	19.0000
1.4830	20.0000
1.4913	21.8407
1.4996	21.9764
1.5080	20.9941
1.5163	21.0354
1.5246	22.0649
1.5330	19.1888
1.5413	21.8761
1.5496	19.1534
1.5579	21.8171
1.5663	20.0000
1.5746	20.0000
1.5829	21.7286
1.5913	20.6018
1.5996	20.3304
1.6079	21.0000
1.6163	21.7788
1.6246	19.0000
1.6329	21.1032
1.6413	20.5221
1.6496	21.0000
1.6579	20.0000
1.6663	21.4336
1.6746	21.4041
1.6829	21.6254
1.6912	22.6549
1.6996	22.6313
1.7079	23.4277
1.7162	21.0000
1.7246	22.5457
1.7329	20.1976
1.7412	21.5044
1.7496	21.1386
1.7579	21.8909
1.7662	19.1593
1.7746	20.0501
1.7829	21.0206
1.7912	21.0000
1.7996	20.9617
1.8079	20.8643
1.8162	20.8053
1.8245	20.8732
1.8329	19.1563
1.8412	21.4425
1.8495	20.4307
1.8579	19.2448
1.8662	21.0000
1.8745	18.3038
1.8829	20.6667
1.8912	20.3628
1.8995	19.3923
1.9079	19.8437
1.9162	20.0000
1.9245	20.4808
1.9329	20.0206
1.9412	20.5398
1.9495	20.1386
1.9578	20.5988
1.9662	20.6283
1.9745	20.0000
1.9828	21.7493
1.9912	18.8496
1.9995	19.2537
2.0078	21.0000
2.0162	20.6106
2.0245	20.3304
2.0328	20.7286
2.0412	20.8938
2.0495	20.8466
2.0578	20.9056
2.0662	21.9646
2.0745	20.0236
2.0828	20.9174
2.0912	19.9292
2.0995	21.8997
2.1078	20.7404
2.1161	21.6814
2.1245	21.0000
2.1328	21.7817
2.1411	20.7434
2.1495	20.0000
2.1578	22.0796
2.1661	21.6637
2.1745	21.0000
2.1828	23.0000
2.1911	20.2743
2.1995	21.5457
2.2078	22.0000
2.2161	21.4867
2.2245	22.0855
2.2328	21.0000
2.2411	23.2035
2.2494	21.6313
2.2578	22.3215
2.2661	23.0708
2.2744	20.5605
2.2828	20.7522
2.2911	19.4425
2.2994	22.0000
2.3078	21.8378
2.3161	20.2655
2.3244	21.7935
2.3328	20.2212
2.3411	21.9558
2.3494	20.0000
2.3578	20.0295
2.3661	21.9558
2.3744	21.0737
2.3827	18.3097
2.3911	19.8673
2.3994	20.6755
2.4077	20.8083
2.4161	17.8850
2.4244	18.5015
2.4327	20.0000
2.4411	20.0000
2.4494	19.6785
2.4577	21.6313
2.4661	22.6018
2.4744	24.8555
2.4827	25.5428
2.4911	26.0000
2.4994	26.4838
2.5077	28.6372
2.5160	29.5752
2.5244	31.0000
2.5327	31.6342
2.5410	30.6726
2.5494	30.0000
2.5577	28.7227
2.5660	29.2478
2.5744	29.2183
2.5827	28.6224
2.5910	25.1593
2.5994	25.2596
2.6077	25.1003
2.6160	25.0708
2.6244	28.9587
2.6327	26.9764
2.6410	25.9469
2.6493	24.0944
2.6577	22.0767
2.6660	21.2124
2.6743	22.1357
2.6827	20.3304
2.6910	22.0000
2.6993	20.7758
2.7077	20.0000
2.7160	21.0000
2.7243	21.3746
2.7327	19.0000
2.7410	17.6283
2.7493	19.7965
2.7577	18.2920
2.7660	18.9204
2.7743	19.4897
2.7826	18.5192
2.7910	18.4513
2.7993	19.0000
2.8076	18.8230
2.8160	17.7257
2.8243	18.6667
2.8326	19.3038
2.8410	18.2743
2.8493	20.0206
2.8576	19.5693
2.8660	19.0000
2.8743	19.6873
2.8826	18.0000
2.8910	20.8053
2.8993	18.1357
2.9076	17.1150
2.9159	22.0000
2.9243	18.0000
2.9326	17.0501
2.9409	19.0000
2.9493	19.0000
2.9576	19.8614
2.9659	18.8319
2.9743	20.0000
2.9826	19.7729
2.9909	21.2566
2.9993	20.0000
3.0076	18.0000
3.0159	18.0000
3.0243	18.6254
3.0326	19.4041
3.0409	19.4336
3.0492	19.0000
3.0576	17.5074
3.0659	19.9558
3.0742	20.1032
3.0826	20.8378
3.0909	20.6106
3.0992	18.7198
3.1076	20.3392
3.1159	19.0000
3.1242	19.2714
3.1326	20.2419
3.1409	21.3628
3.1492	20.8171
3.1576	19.8466
3.1659	19.8761
3.1742	20.2832
3.1825	21.9351
3.1909	20.0708
3.1992	21.0059
3.2075	22.9764
3.2159	24.1062
3.2242	26.9174
3.2325	29.0000
3.2409	37.0000
3.2492	46.1711
3.2575	51.8024
3.2659	55.0000
3.2742	48.4808
3.2825	43.7109
3.2909	40.0000
3.2992	41.0000
3.3075	40.6224
3.3158	40.1858
3.3242	41.0000
3.3325	42.0678
3.3408	43.5133
3.3492	42.0000
3.3575	41.5546
3.3658	41.5841
3.3742	40.3864
3.3825	41.6431
3.3908	39.0000
3.3992	40.4041
3.4075	40.7316
3.4158	46.8496
3.4242	43.1622
3.4325	43.6401
3.4408	40.3009
3.4491	38.1209
3.4575	40.0914
3.4658	42.8142
3.4741	39.9351
3.4825	38.0059
3.4908	40.9469
3.4991	40.8879
3.5075	39.2566
3.5158	40.3451
3.5241	40.7109
3.5325	36.8702
3.5408	37.7965
3.5491	36.4661
3.5575	37.4749
3.5658	37.7080
3.5741	38.0000
3.5824	37.0000
3.5908	36.2389
3.5991	36.8201
3.6074	36.0000
3.6158	35.5310
3.6241	33.9971
3.6324	33.0000
3.6408	32.3274
3.6491	31.4130
3.6574	31.2330
3.6658	32.0619
3.6741	34.5959
3.6824	34.5900
3.6908	35.9381
3.6991	30.2360
3.7074	32.5870
3.7157	31.3540
3.7241	35.5900
3.7324	37.4720
3.7407	35.0885
3.7491	34.0590
3.7574	38.0295
3.7657	36.0000
0.0000	35.6667
0.0083	35.0000
0.0167	36.0000
0.0250	35.0000
0.0333	35.7847
0.0417	35.8142
0.0500	36.5310
0.0583	36.2537
0.0667	36.9027
0.0750	37.0000
0.0833	37.9233
0.0916	37.9911
0.1000	38.9794
0.1083	40.1003
0.1166	40.3186
0.1250	39.3274
0.1333	43.8614
0.1416	44.5044
0.1500	49.6047
0.1583	48.2271
0.1666	49.7434
0.1750	52.8584
0.1833	56.0531
0.1916	57.6549
0.2000	56.6254
0.2083	59.1917
0.2166	57.8673
0.2249	57.4631
0.2333	56.5074
0.2416	52.4779
0.2499	50.4484
0.2583	49.2566
0.2666	47.0000
0.2749	43.6401
0.2833	44.0000
0.2916	41.3009
0.2999	38.1858
0.3083	38.5162
0.3166	39.3628
0.3249	35.8171
0.3333	37.0000
0.3416	36.8761
0.3499	37.9056
0.3582	36.1947
0.3666	38.9292
0.3749	37.0000
0.3832	38.9764
0.3916	38.9469
0.3999	40.7522
0.4082	39.1121
0.4166	40.1416
0.4249	40.1711
0.4332	39.6018
0.4416	39.4602
0.4499	42.0000
0.4582	41.4218
0.4666	42.6814
0.4749	42.6519
0.4832	46.2448
0.4915	44.0000
0.4999	46.8732
0.5082	48.5339
0.5165	50.5044
0.5249	54.0000
0.5332	51.5546
0.5415	55.0000
0.5499	55.3864
0.5582	57.7139
0.5665	61.6726
0.5749	61.5959
0.5832	63.5369
0.5915	62.9558
0.5999	66.2094
0.6082	64.0796
0.6165	66.0000
0.6248	67.8791
0.6332	65.1829
0.6415	66.7522
0.6498	65.9027
0.6582	63.9971
0.6665	61.9734
0.6748	62.9440
0.6832	59.0855
0.6915	59.0000
0.6998	57.5664
0.7082	54.5221
0.7165	52.5929
0.7248	54.5339
0.7332	52.2625
0.7415	53.1239
0.7498	51.2861
0.7581	53.0000
0.7665	57.5221
0.7748	56.5900
0.7831	56.1209
0.7915	53.8761
0.7998	52.5015
0.8081	52.4159
0.8165	52.0000
0.8248	51.5870
0.8331	55.2330
0.8415	52.7699
0.8498	50.2979
0.8581	52.7050
0.8665	55.2035
0.8748	53.4720
0.8831	56.7935
0.8914	58.3540
0.8998	58.8525
0.9081	59.7640
0.9164	60.7345
0.9248	63.9410
0.9331	63.9705
0.9414	72.0000
0.9498	74.0885
0.9581	86.9410
0.9664	99.6460
0.9748	111.8820
0.9831	121.7050
0.9914	130.0000
0.9998	135.2065
1.0081	136.2360
1.0164	124.8584
1.0247	116.8201
1.0331	108.3776
1.0414	104.3540
1.0497	104.6165
1.0581	112.2389
1.0664	120.2124
1.0747	129.7758
1.0831	143.0059
1.0914	143.0000
1.0997	147.1209
1.1081	140.8201
1.1164	126.0000
1.1247	105.7021
1.1331	88.6431
1.1414	75.4159
1.1497	63.9499
1.1580	53.9322
1.1664	51.6106
1.1747	49.0000
1.1830	46.2891
1.1914	45.2301
1.1997	45.1711
1.2080	45.9440
1.2164	45.0000
1.2247	45.0029
1.2330	45.0649
1.2414	44.1239
1.2497	44.0000
1.2580	45.1209
1.2664	45.3009
1.2747	44.5398
1.2830	47.2094
1.2913	47.2389
1.2997	48.0737
1.3080	47.7021
1.3163	48.6372
1.3247	50.0708
1.3330	47.4543
1.3413	48.8319
1.3497	52.5634
1.3580	49.8997
1.3663	44.0089
1.3747	44.0000
1.3830	45.1829
1.3913	43.4071
1.3997	44.3776
1.4080	40.6962
1.4163	45.0442
1.4246	41.7109
1.4330	38.7404
1.4413	39.5398
1.4496	38.0000
1.4580	40.6578
1.4663	39.0000
1.4746	38.1121
1.4830	38.1652
1.4913	38.0531
1.4996	39.9292
1.5080	39.0000
1.5163	39.1416
1.5246	40.8053
1.5330	40.0944
1.5413	39.0000
1.5496	38.4602
1.5579	38.8171
1.5663	42.7876
1.5746	40.2419
1.5829	41.4572
1.5913	41.3982
1.5996	40.3304
1.6079	41.3599
1.6163	39.5575
1.6246	39.4189
1.6329	39.8968
1.6413	38.4336
1.6496	41.0000
1.6579	42.6106
1.6663	43.6991
1.6746	43.0000
1.6829	42.0000
1.6912	41.6903
1.6996	41.6844
1.7079	43.0000
1.7162	41.7434
1.7246	41.4543
1.7329	42.3953
1.7412	44.0000
1.7496	44.5841
1.7579	43.7817
1.7662	44.8407
1.7746	45.7994
1.7829	45.9794
1.7912	47.0000
1.7996	46.9233
1.8079	49.0678
1.8162	49.9027
1.8245	49.1268
1.8329	51.1563
1.8412	50.8142
1.8495	50.2153
1.8579	49.0000
1.8662	48.2743
1.8745	47.3923
1.8829	46.3333
1.8912	44.7257
1.8995	46.2153
1.9079	44.1563
1.9162	43.5487
1.9245	43.0000
1.9329	45.0000
1.9412	43.9204
1.9495	45.4307
1.9578	45.5988
1.9662	50.0000
1.9745	47.6844
1.9828	48.9381
1.9912	49.8496
1.9995	52.7463
2.0078	54.3274
2.0162	53.0000
2.0245	54.3304
2.0328	54.1357
2.0412	55.8938
2.0495	56.0767
2.0578	56.9528
2.0662	57.0708
2.0745	58.0354
2.0828	58.1239
2.0912	59.0708
2.0995	61.8997
2.1078	61.2596
2.1161	64.0000
2.1245	68.0000
2.1328	68.5634
2.1411	70.4956
2.1495	74.7227
2.1578	77.3864
2.1661	79.3274
2.1745	79.4631
2.1828	82.0000
2.1911	80.1239
2.1995	83.9086
2.2078	83.5162
2.2161	83.4867
2.2245	81.5428
2.2328	77.4277
2.2411	79.3982
2.2494	75.3687
2.2578	69.6785
2.2661	63.8584
2.2744	63.7198
2.2828	59.2537
2.2911	55.5575
2.2994	50.3835
2.3078	47.8378
2.3161	42.2655
2.3244	38.4130
2.3328	37.1475
2.3411	35.0885
2.3494	34.0295
2.3578	33.9705
2.3661	33.9558
2.3744	30.2950
2.3827	30.7935
2.3911	30.0000
2.3994	31.8378
2.4077	31.0000
2.4161	31.3363
2.4244	30.7493
2.4327	30.8407
2.4411	28.0000
2.4494	27.6785
2.4577	29.2625
2.4661	28.7965
2.4744	29.0000
2.4827	29.5428
2.4911	29.4867
2.4994	31.4838
2.5077	30.4543
2.5160	32.5752
2.5244	34.6047
2.5327	35.0000
2.5410	35.3363
2.5494	38.6932
2.5577	38.7227
2.5660	42.0000
2.5744	41.7817
2.5827	45.3776
2.5910	45.1593
2.5994	45.2596
2.6077	46.1003
2.6160	44.0000
2.6244	42.9587
2.6327	42.9882
2.6410	37.0177
2.6493	38.8584
2.6577	35.8466
2.6660	32.7876
2.6743	33.7286
2.6827	31.8348
2.6910	28.3894
2.6993	30.5516
2.7077	29.5074
2.7160	30.4336
2.7243	29.0619
2.7327	28.0000
2.7410	27.8850
2.7493	25.2035
2.7577	27.0000
2.7660	26.6195
2.7743	24.9794
2.7826	24.5575
2.7910	24.4513
2.7993	23.4218
2.8076	23.3923
2.8160	22.0000
2.8243	24.0000
2.8326	23.0000
2.8410	24.9027
2.8493	23.2448
2.8576	23.7847
2.8660	22.5575
2.8743	22.8437
2.8826	23.0000
2.8910	23.9027
2.8993	21.2035
2.9076	22.1150
2.9159	23.0177
2.9243	24.0206
2.9326	22.8997
2.9409	24.0796
2.9493	23.7817
2.9576	24.0000
2.9659	24.0000
2.9743	24.0000
2.9826	23.5457
2.9909	24.2566
2.9993	22.5723
3.0076	25.3687
3.0159	24.0000
3.0243	25.6254
3.0326	25.4041
3.0409	25.8673
3.0492	25.5369
3.0576	25.9853
3.0659	26.5221
3.0742	26.0000
3.0826	27.0000
3.0909	27.0000
3.0992	27.6401
3.1076	27.3304
3.1159	27.6018
3.1242	29.0000
3.1326	30.4838
3.1409	31.2124
3.1492	36.1829
3.1576	37.4602
3.1659	42.8761
3.1742	45.9056
3.1825	52.9351
3.1909	58.9292
3.1992	66.9941
3.2075	77.0472
3.2159	93.0000
3.2242	103.5870
3.2325	100.5516
3.2409	88.0000
3.2492	76.0000
3.2575	71.5988
3.2659	68.7699
3.2742	65.7404
3.2825	67.2891
3.2909	68.0000
3.2992	69.3038
3.3075	69.7552
3.3158	72.1858
3.3242	69.4366
3.3325	70.1357
3.3408	70.9911
3.3492	68.5752
3.3575	67.6637
3.3658	67.4159
3.3742	67.3864
3.3825	64.7847
3.3908	64.6549
3.3992	64.5959
3.4075	62.8053
3.4158	61.2389
3.4242	61.0000
3.4325	59.3599
3.4408	57.0000
3.4491	54.1209
3.4575	51.9086
3.4658	50.0619
3.4741	49.0000
3.4825	47.9941
3.4908	48.9204
3.4991	44.0560
3.5075	41.2566
3.5158	43.2301
3.5241	42.0000
3.5325	40.3481
3.5408	40.7965
3.5491	39.5339
3.5575	39.2625
3.5658	40.7080
3.5741	38.6431
3.5824	38.3510
3.5908	37.5221
3.5991	40.1799
3.6074	38.0000
3.6158	36.4690
3.6241	39.0029
3.6324	38.0560
3.6408	39.8850
3.6491	38.4130
3.6574	38.3835
3.6658	40.3540
3.6741	41.0000
3.6824	42.0000
3.6908	41.0000
3.6991	40.0000
3.7074	40.4130
3.7157	40.0000
3.7241	40.7050
3.7324	38.1180
3.7407	39.6460
3.7491	38.1770
3.7574	38.8230
3.7657	35.0000
0.0000	23.0000
0.0083	22.3038
0.0167	23.2743
0.0250	23.2655
0.0333	23.7847
0.0417	22.1858
0.0500	22.8437
0.0583	23.7463
0.0667	24.0000
0.0750	24.7286
0.0833	24.0000
0.0916	24.9911
0.1000	27.9794
0.1083	26.9499
0.1166	26.9204
0.1250	25.0000
0.1333	26.1386
0.1416	28.0000
0.1500	26.8024
0.1583	25.2271
0.1666	25.2566
0.1750	25.2861
0.1833	26.0000
0.1916	27.6903
0.2000	27.0000
0.2083	27.8083
0.2166	27.8673
0.2249	27.5369
0.2333	28.0000
0.2416	27.4779
0.2499	25.8968
0.2583	25.4189
0.2666	26.3894
0.2749	25.7198
0.2833	25.3392
0.2916	25.0000
0.2999	25.9145
0.3083	26.0000
0.3166	28.0000
0.3249	26.1829
0.3333	23.1534
0.3416	26.4956
0.3499	27.0000
0.3582	27.8702
0.3666	27.8938
0.3749	27.0000
0.3832	27.9764
0.3916	27.9469
0.3999	28.0000
0.4082	28.1121
0.4166	27.1416
0.4249	28.1711
0.4332	29.7994
0.4416	28.0000
0.4499	28.0000
0.4582	29.0000
0.4666	28.6814
0.4749	29.6519
0.4832	29.2448
0.4915	30.4071
0.4999	28.8732
0.5082	30.0000
0.5165	29.9911
0.5249	29.0000
0.5332	31.4454
0.5415	31.8319
0.5499	29.6136
0.5582	32.6431
0.5665	31.3451
0.5749	32.0000
0.5832	35.4631
0.5915	33.0000
0.5999	31.1622
0.6082	32.0000
0.6165	32.0000
0.6248	32.8791
0.6332	33.9086
0.6415	30.3717
0.6498	31.0324
0.6582	32.9971
0.6665	32.0000
0.6748	34.8319
0.6832	34.0000
0.6915	31.0000
0.6998	34.5664
0.7082	32.0000
0.7165	33.0000
0.7248	33.3009
0.7332	33.5251
0.7415	34.4159
0.7498	35.3215
0.7581	34.3510
0.7665	34.7611
0.7748	34.4100
0.7831	34.5605
0.7915	34.4690
0.7998	34.4985
0.8081	34.4720
0.8165	34.4425
0.8248	34.5870
0.8331	34.3835
0.8415	34.7080
0.8498	34.3245
0.8581	37.2950
0.8665	35.0000
0.8748	35.7080
0.8831	33.7935
0.8914	35.0000
0.8998	35.1475
0.9081	37.8820
0.9164	36.1770
0.9248	39.0000
0.9331	38.0590
0.9414	40.0000
0.9498	37.0885
0.9581	36.1770
0.9664	35.1770
0.9748	35.2360
0.9831	34.8525
0.9914	36.0000
0.9998	36.5870
1.0081	37.7080
1.0164	38.7965
1.0247	41.2950
1.0331	41.3245
1.0414	40.7080
1.0497	40.3835
1.0581	38.5870
1.0664	37.0000
1.0747	37.0560
1.0831	37.5015
1.0914	34.4690
1.0997	35.0000
1.1081	36.8201
1.1164	40.0000
1.1247	43.0000
1.1331	45.6431
1.1414	50.8319
1.1497	52.7876
1.1580	53.4661
1.1664	49.4071
1.1747	44.5221
1.1830	44.0000
1.1914	38.8850
1.1997	37.0000
1.2080	35.9440
1.2164	33.0000
1.2247	34.9941
1.2330	35.1298
1.2414	38.0619
1.2497	43.0000
1.2580	43.0000
1.2664	44.5487
1.2747	43.8201
1.2830	42.5811
1.2913	39.0000
1.2997	35.7316
1.3080	32.4041
1.3163	30.6726
1.3247	29.6431
1.3330	29.2271
1.3413	29.0000
1.3497	29.3363
1.3580	30.9499
1.3663	28.5133
1.3747	29.1357
1.3830	28.4366
1.3913	28.0000
1.3997	28.3776
1.4080	30.3481
1.4163	29.0000
1.4246	30.7109
1.4330	27.5192
1.4413	27.2301
1.4496	25.2006
1.4580	26.1711
1.4663	25.8584
1.4746	27.0000
1.4830	23.1652
1.4913	27.9469
1.4996	25.0944
1.5080	25.0059
1.5163	25.0000
1.5246	25.8702
1.5330	25.0944
1.5413	26.1239
1.5496	26.1534
1.5579	28.8171
1.5663	28.0000
1.5746	31.2419
1.5829	28.5428
1.5913	27.6018
1.5996	28.6608
1.6079	26.3599
1.6163	28.0000
1.6246	26.8378
1.6329	29.0000
1.6413	29.0442
1.6496	28.5074
1.6579	29.3894
1.6663	27.8673
1.6746	27.5959
1.6829	28.6254
1.6912	26.0000
1.6996	26.6313
1.7079	26.0000
1.7162	26.2566
1.7246	26.0000
1.7329	25.3953
1.7412	26.1681
1.7496	26.1386
1.7579	25.1091
1.7662	25.0796
1.7746	25.0501
1.7829	26.9587
1.7912	24.0000
1.7996	23.0383
1.8079	23.2035
1.8162	23.0000
1.8245	24.1268
1.8329	24.0000
1.8412	24.8142
1.8495	23.0000
1.8579	23.0000
1.8662	23.2743
1.8745	24.6962
1.8829	23.3333
1.8912	24.6372
1.8995	23.7847
1.9079	22.6873
1.9162	23.4513
1.9245	25.9617
1.9329	22.4690
1.9412	24.0000
1.9495	24.8614
1.9578	24.4012
1.9662	24.6283
1.9745	23.6844
1.9828	23.0000
1.9912	25.7168
1.9995	25.4926
2.0078	23.2242
2.0162	24.8053
2.0245	26.8348
2.0328	24.5428
2.0412	26.8938
2.0495	27.0000
2.0578	26.0000
2.0662	27.0000
2.0745	27.0118
2.0828	26.0826
2.0912	28.1416
2.0995	28.7994
2.1078	26.0000
2.1161	27.0000
2.1245	27.8112
2.1328	26.7817
2.1411	27.2566
2.1495	24.7227
2.1578	24.3068
2.1661	24.6726
2.1745	25.0000
2.1828	25.0000
2.1911	26.0000
2.1995	24.5457
2.2078	24.4838
2.2161	24.5133
2.2245	24.5428
2.2328	25.0000
2.2411	24.0000
2.2494	25.6313
2.2578	23.0177
2.2661	24.3805
2.2744	28.8791
2.2828	30.2478
2.2911	25.5575
2.2994	26.0000
2.3078	28.1622
2.3161	26.2655
2.3244	28.2065
2.3328	32.9263
2.3411	32.9115
2.3494	31.0442
2.3578	33.0147
2.3661	34.8673
2.3744	32.0000
2.3827	31.2065
2.3911	30.5310
2.3994	32.0000
2.4077	33.3835
2.4161	33.7788
2.4244	36.4985
2.4327	37.8407
2.4411	39.6903
2.4494	41.3392
2.4577	42.6313
2.4661	44.2035
2.4744	40.4277
2.4827	39.5428
2.4911	38.5133
2.4994	36.0324
2.5077	34.3628
2.5160	35.2743
2.5244	33.3953
2.5327	33.0000
2.5410	34.6637
2.5494	34.3068
2.5577	33.5546
2.5660	32.7434
2.5744	31.2183
2.5827	29.3776
2.5910	27.4779
2.5994	27.3894
2.6077	26.2006
2.6160	25.0000
2.6244	25.0000
2.6327	24.9882
2.6410	23.0000
2.6493	23.9528
2.6577	23.0000
2.6660	23.8938
2.6743	23.0000
2.6827	22.1652
2.6910	24.0000
2.6993	21.2242
2.7077	22.7463
2.7160	21.7168
2.7243	21.0000
2.7327	21.6844
2.7410	20.3717
2.7493	20.0000
2.7577	20.5693
2.7660	20.4602
2.7743	20.4690
2.7826	20.4425
2.7910	20.0000
2.7993	20.0000
2.8076	20.0000
2.8160	21.0000
2.8243	20.0000
2.8326	20.6962
2.8410	20.7257
2.8493	20.7552
2.8576	20.7847
2.8660	19.3717
2.8743	22.8437
2.8826	20.8732
2.8910	21.0000
2.8993	20.9322
2.9076	19.0767
2.9159	20.0177
2.9243	20.0000
2.9326	21.8997
2.9409	21.0796
2.9493	21.7817
2.9576	21.4159
2.9659	22.6637
2.9743	22.0000
2.9826	21.2271
2.9909	24.2301
2.9993	21.8584
3.0076	20.6844
3.0159	22.3451
3.0243	23.4985
3.0326	22.8083
3.0409	22.8673
3.0492	22.5369
3.0576	22.9853
3.0659	22.9115
3.0742	23.5516
3.0826	24.1622
3.0909	24.5575
3.0992	24.9204
3.1076	26.6696
3.1159	27.0000
3.1242	27.7286
3.1326	29.2419
3.1409	34.1504
3.1492	33.1829
3.1576	33.1534
3.1659	38.1239
3.1742	41.0000
3.1825	49.0649
3.1909	62.8584
3.1992	71.0118
3.2075	76.0472
3.2159	70.0531
3.2242	64.5870
3.2325	58.0000
3.2409	53.0000
3.2492	51.8289
3.2575	53.1976
3.2659	49.5398
3.2742	48.7788
3.2825	50.7109
3.2909	46.9558
3.2992	47.3481
3.3075	48.0000
3.3158	47.1858
3.3242	44.5634
3.3325	43.9322
3.3408	40.9911
3.3492	40.9499
3.3575	40.5546
3.3658	39.7522
3.3742	38.8407
3.3825	39.0000
3.3908	38.0000
3.3992	38.4041
3.4075	37.5369
3.4158	34.7168
3.4242	37.5811
3.4325	34.3599
3.4408	36.5487
3.4491	36.2419
3.4575	37.0000
3.4658	36.9381
3.4741	36.0000
3.4825	36.0059
3.4908	37.0000
3.4991	36.0000
3.5075	36.9145
3.5158	35.1150
3.5241	34.1445
3.5325	34.8260
3.5408	34.2035
3.5491	38.7670
3.5575	33.5251
3.5658	34.2920
3.5741	36.6785
3.5824	34.2979
3.5908	33.6195
3.5991	34.7699
3.6074	32.1209
3.6158	35.1239
3.6241	35.0000
3.6324	33.5280
3.6408	34.6726
3.6491	34.4130
3.6574	35.6165
3.6658	37.0000
3.6741	39.3510
3.6824	37.0000
3.6908	36.7345
3.6991	34.4720
3.7074	36.0000
3.7157	35.6460
3.7241	35.1475
3.7324	33.8820
3.7407	34.0000
3.7491	31.2360
3.7574	31.9705
3.7657	28.0000