0.0000	28.6667
0.0084	27.0000
0.0168	26.3594
0.0253	27.3724
0.0337	30.0000
0.0421	29.2030
0.0505	28.4115
0.0590	29.5754
0.0674	30.4376
0.0758	29.6480
0.0842	29.4637
0.0927	27.5233
0.1011	29.5307
0.1095	29.0056
0.1179	28.5158
0.1264	29.5289
0.1348	29.5419
0.1432	30.0000
0.1516	27.8641
0.1601	30.8380
0.1685	29.4060
0.1769	30.4283
0.1853	30.0000
0.1938	30.6331
0.2022	29.0000
0.2106	29.3408
0.2190	28.3277
0.2275	30.6853
0.2359	30.6034
0.2443	30.1341
0.2527	30.0000
0.2612	28.7374
0.2696	32.2514
0.2780	30.2365
0.2864	30.2235
0.2949	31.7896
0.3033	31.4078
0.3117	30.0000
0.3201	30.1713
0.3286	32.8417
0.3370	32.5642
0.3454	30.1322
0.3538	31.7616
0.3623	32.7877
0.3707	31.9069
0.3791	33.0000
0.3875	31.0000
0.3960	29.9460
0.4044	39.7542
0.4128	39.0279
0.4212	40.0149
0.4297	38.0037
0.4381	33.0223
0.4465	33.0000
0.4549	33.9628
0.4634	34.0000
0.4718	33.0633
0.4802	33.9236
0.4886	34.0894
0.4971	33.8976
0.5055	33.2309
0.5139	34.7430
0.5223	34.0000
0.5308	32.0000
0.5392	34.8324
0.5476	33.3613
0.5560	34.5810
0.5645	35.4134
0.5729	34.0000
0.5813	33.4655
0.5897	35.0168
0.5982	33.5531
0.6066	36.1844
0.6150	36.8547
0.6234	36.2980
0.6319	34.6220
0.6403	35.3240
0.6487	35.6741
0.6571	37.7002
0.6656	40.0894
0.6740	40.6238
0.6824	39.2216
0.6908	39.1955
0.6993	37.7542
0.7077	38.5717
0.7161	38.0000
0.7245	37.0912
0.7330	37.5978
0.7414	38.0000
0.7498	36.0000
0.7582	37.4935
0.7667	35.5587
0.7751	36.5978
0.7835	35.4544
0.7919	38.0000
0.8004	36.4283
0.8088	36.2458
0.8172	37.2067
0.8256	38.3892
0.8341	36.6238
0.8425	34.7263
0.8509	38.0000
0.8593	36.3371
0.8678	36.3520
0.8762	36.0000
0.8846	37.2980
0.8930	37.2849
0.9015	36.7281
0.9099	36.4823
0.9183	35.2626
0.9267	35.4655
0.9352	36.5605
0.9436	35.6201
0.9520	38.6127
0.9604	36.3613
0.9689	35.3352
0.9773	37.6909
0.9857	37.7169
0.9941	36.7430
1.0026	37.0000
1.0110	35.7952
1.0194	37.9106
1.0278	37.7710
1.0363	37.9367
1.0447	37.8492
1.0531	36.0745
1.0615	35.0242
1.0700	37.0112
1.0784	39.9944
1.0868	37.9702
1.0952	37.0000
1.1037	37.8361
1.1121	38.8920
1.1205	36.1341
1.1289	38.7598
1.1374	37.0931
1.1458	36.8939
1.1542	36.8808
1.1626	37.8678
1.1711	38.8547
1.1795	37.8417
1.1879	38.0000
1.1963	39.6313
1.2048	38.3948
1.2132	39.1583
1.2216	37.2235
1.2300	37.1825
1.2385	38.4991
1.2469	38.2626
1.2553	38.8268
1.2637	39.0000
1.2722	39.0950
1.2806	37.6853
1.2890	38.3277
1.2974	40.3408
1.3059	39.0615
1.3143	39.7337
1.3227	38.6201
1.3311	38.6071
1.3395	38.4060
1.3480	40.1620
1.3564	39.4320
1.3648	39.3352
1.3732	39.9162
1.3817	39.9423
1.3901	37.5158
1.3985	38.0056
1.4069	41.0205
1.4154	41.0000
1.4238	39.3911
1.4322	37.0000
1.4406	37.8752
1.4491	38.2737
1.4575	39.7654
1.4659	37.3985
1.4743	38.6145
1.4828	37.6276
1.4912	39.3594
1.4996	37.0391
1.5080	37.3333
1.5165	36.3203
1.5249	38.0000
1.5333	37.5885
1.5417	36.2812
1.5502	39.1955
1.5586	37.4898
1.5670	36.7579
1.5754	38.5419
1.5839	36.2160
1.5923	37.7970
1.6007	36.3799
1.6091	35.3538
1.6176	37.1806
1.6260	36.0000
1.6344	35.7244
1.6428	34.6238
1.6513	36.8883
1.6597	38.8026
1.6681	35.9143
1.6765	37.0000
1.6850	36.0596
1.6934	36.0931
1.7018	35.1006
1.7102	36.9795
1.7187	35.0223
1.7271	35.0056
1.7355	36.9441
1.7439	35.0633
1.7524	37.0447
1.7608	36.0577
1.7692	37.0000
1.7776	35.0838
1.7861	35.9032
1.7945	34.2197
1.8029	34.7542
1.8113	36.8641
1.8198	37.7020
1.8282	34.3240
1.8366	35.1750
1.8450	37.6238
1.8535	37.0000
1.8619	35.7858
1.8703	37.2272
1.8787	35.4804
1.8872	36.2533
1.8956	36.2663
1.9040	35.2793
1.9124	35.7076
1.9209	36.3054
1.9293	35.0000
1.9377	35.6629
1.9461	35.0000
1.9546	36.0000
1.9630	35.3706
1.9714	36.0000
1.9798	33.6034
1.9883	36.2290
1.9967	37.3091
2.0051	35.6927
2.0135	34.5512
2.0220	35.4618
2.0304	33.5251
2.0388	34.0000
2.0472	34.4991
2.0557	36.5140
2.0641	35.0540
2.0725	34.5400
2.0809	34.1061
2.0894	36.5661
2.0978	34.0000
2.1062	36.0000
2.1146	35.7896
2.1231	35.0000
2.1315	34.2626
2.1399	35.0000
2.1483	33.9721
2.1568	36.0000
2.1652	32.3166
2.1736	35.6965
2.1820	34.4190
2.1905	33.5549
2.1989	34.6778
2.2073	33.2514
2.2157	36.2384
2.2242	33.9013
2.2326	34.4246
2.2410	34.1993
2.2494	32.1862
2.2579	33.4804
2.2663	35.3594
2.2747	33.8529
2.2831	33.5363
2.2916	34.5158
2.3000	34.8920
2.3084	34.9050
2.3168	34.1639
2.3253	34.9311
2.3337	32.1676
2.3421	36.8715
2.3505	35.0000
2.3590	33.0335
2.3674	33.0037
2.3758	34.0093
2.3842	34.0000
2.3927	33.0000
2.4011	31.1937
2.4095	33.0615
2.4179	35.9255
2.4264	35.0000
2.4348	31.0000
2.4432	35.0000
2.4516	34.7467
2.4601	33.1397
2.4685	34.8473
2.4769	31.8343
2.4853	32.1788
2.4938	31.3836
2.5022	33.6145
2.5106	30.2179
2.5190	32.7691
2.5275	33.0000
2.5359	32.2570
2.5443	30.0801
2.5527	32.1322
2.5612	33.4078
2.5696	33.3091
2.5780	33.0000
2.5864	33.9944
2.5949	33.0000
2.6033	32.3613
2.6117	34.7486
2.6201	34.3873
2.6285	31.5996
2.6370	33.9330
2.6454	33.4264
2.6538	32.4395
2.6622	32.0000
2.6707	34.3966
2.6791	32.0000
2.6875	32.9832
2.6959	32.0093
2.7044	32.5177
2.7128	33.4693
2.7212	31.9125
2.7296	32.4432
2.7381	31.5698
2.7465	31.8343
2.7549	33.5959
2.7633	32.3911
2.7718	33.4879
2.7802	33.0000
2.7886	33.3520
2.7970	32.0000
2.8055	34.0223
2.8139	33.3743
2.8223	32.8994
2.8307	32.8603
2.8392	32.0000
2.8476	33.0000
2.8560	32.0000
2.8644	32.0000
2.8729	31.4432
2.8813	31.4171
2.8897	32.1955
2.8981	31.1825
2.9066	31.3389
2.9150	31.0000
2.9234	32.7132
2.9318	31.2607
2.9403	32.0000
2.9487	32.6871
2.9571	31.1825
2.9655	31.0000
2.9740	31.8696
2.9824	32.0521
2.9908	32.9609
2.9992	31.9739
3.0077	31.0261
3.0161	33.0000
0.0000	31.3333
0.0084	32.0000
0.0168	32.3594
0.0253	32.7449
0.0337	30.6145
0.0421	31.7970
0.0505	33.0000
0.0590	31.5754
0.0674	31.8752
0.0758	33.0000
0.0842	32.4637
0.0927	31.4767
0.1011	32.4898
0.1095	32.5028
0.1179	31.0317
0.1264	32.5289
0.1348	33.6257
0.1432	31.1099
0.1516	31.4320
0.1601	32.0000
0.1685	32.4060
0.1769	31.0000
0.1853	32.7598
0.1938	33.8994
0.2022	32.2924
0.2106	32.6816
0.2190	33.6723
0.2275	33.0559
0.2359	32.6983
0.2443	35.8454
0.2527	33.0000
0.2612	34.9497
0.2696	35.7505
0.2780	35.2905
0.2864	32.6704
0.2949	35.3687
0.3033	34.8026
0.3117	35.1844
0.3201	34.4860
0.3286	38.5251
0.3370	35.7095
0.3454	36.8678
0.3538	36.2384
0.3623	38.6816
0.3707	35.0931
0.3791	35.9199
0.3875	37.0000
0.3960	37.0000
0.4044	36.0000
0.4128	35.0279
0.4212	35.0149
0.4297	37.9981
0.4381	38.0223
0.4465	37.0968
0.4549	38.9628
0.4634	37.1508
0.4718	36.1266
0.4802	36.0764
0.4886	34.3575
0.4971	37.1024
0.5055	36.0000
0.5139	35.3855
0.5223	35.2831
0.5308	35.0000
0.5392	37.6648
0.5476	35.8194
0.5560	34.3873
0.5645	34.6201
0.5729	35.5605
0.5813	37.5345
0.5897	36.0000
0.5982	35.7765
0.6066	36.2719
0.6150	38.4302
0.6234	37.4041
0.6319	37.9330
0.6403	39.0000
0.6487	37.3371
0.6571	39.0000
0.6656	39.7263
0.6740	39.3762
0.6824	40.0000
0.6908	39.1955
0.6993	39.2458
0.7077	40.4283
0.7161	40.3240
0.7245	41.0912
0.7330	42.0000
0.7414	40.0000
0.7498	39.0000
0.7582	38.9870
0.7667	40.0391
0.7751	40.5326
0.7835	38.4544
0.7919	41.0000
0.8004	40.5717
0.8088	40.0000
0.8172	40.0000
0.8256	38.5568
0.8341	39.6238
0.8425	39.0000
0.8509	39.0503
0.8593	39.6629
0.8678	39.3520
0.8762	39.6220
0.8846	41.0000
0.8930	41.0000
0.9015	37.2719
0.9099	40.4823
0.9183	39.7542
0.9267	39.4655
0.9352	40.0000
0.9436	41.5866
0.9520	39.6127
0.9604	41.6387
0.9689	41.0000
0.9773	41.1546
0.9857	41.2831
0.9941	39.1285
1.0026	42.2309
1.0110	42.8976
1.0194	43.8212
1.0278	44.7710
1.0363	41.1266
1.0447	39.0503
1.0531	37.1117
1.0615	41.9758
1.0700	41.0000
1.0784	41.0000
1.0868	41.9553
1.0952	40.0000
1.1037	40.0410
1.1121	38.1620
1.1205	40.0670
1.1289	38.2402
1.1374	41.9069
1.1458	40.1061
1.1542	38.3575
1.1626	41.0000
1.1711	40.0000
1.1795	41.0000
1.1879	40.0000
1.1963	38.8156
1.2048	41.3948
1.2132	39.7896
1.2216	41.1061
1.2300	39.0000
1.2385	41.5009
1.2469	40.4749
1.2553	39.2756
1.2637	40.7114
1.2722	42.1899
1.2806	38.2030
1.2890	38.6555
1.2974	37.0000
1.3059	41.0000
1.3143	40.1006
1.3227	39.7598
1.3311	40.0000
1.3395	38.6238
1.3480	41.0000
1.3564	40.0000
1.3648	40.0000
1.3732	41.0000
1.3817	39.8845
1.3901	41.5158
1.3985	40.0056
1.4069	39.5102
1.4154	40.5698
1.4238	40.6089
1.4322	38.9013
1.4406	39.1881
1.4491	40.1508
1.4575	40.4115
1.4659	40.6015
1.4743	42.0000
1.4828	40.2551
1.4912	40.0782
1.4996	40.3464
1.5080	40.3333
1.5165	40.3203
1.5249	40.0000
1.5333	38.8231
1.5417	39.2812
1.5502	40.2682
1.5586	40.2346
1.5670	41.5158
1.5754	39.2290
1.5839	41.5680
1.5923	39.2030
1.6007	38.3799
1.6091	39.0000
1.6176	38.3277
1.6260	39.8492
1.6344	39.0000
1.6428	37.2495
1.6513	39.8883
1.6597	38.7039
1.6681	38.1713
1.6765	38.1453
1.6850	38.9404
1.6934	39.0931
1.7018	38.0670
1.7102	39.0410
1.7187	39.0000
1.7271	40.9888
1.7355	39.0186
1.7439	37.9683
1.7524	37.9106
1.7608	38.1155
1.7692	38.0708
1.7776	38.0000
1.7861	40.8063
1.7945	39.0000
1.8029	39.0000
1.8113	38.2719
1.8198	39.0000
1.8282	39.0000
1.8366	38.7002
1.8450	36.5642
1.8535	38.6034
1.8619	34.8566
1.8703	38.0000
1.8787	37.0000
1.8872	39.2402
1.8956	37.7337
1.9040	39.2793
1.9124	38.2924
1.9209	38.0000
1.9293	39.6816
1.9377	38.6629
1.9461	38.6890
1.9546	39.3575
1.9630	39.0000
1.9714	39.3836
1.9798	39.7933
1.9883	40.2290
1.9967	39.5773
2.0051	40.0000
2.0135	40.4488
2.0220	39.0000
2.0304	38.0503
2.0388	39.0000
2.0472	38.0000
2.0557	39.5419
2.0641	38.9460
2.0725	39.6201
2.0809	38.5531
2.0894	39.1322
2.0978	38.0000
2.1062	39.4078
2.1146	41.2104
2.1231	40.7635
2.1315	39.3687
2.1399	39.6443
2.1483	38.6853
2.1568	40.0112
2.1652	38.3669
2.1736	40.0894
2.1820	40.0000
2.1905	40.0000
2.1989	38.2644
2.2073	38.7486
2.2157	37.4767
2.2242	41.8734
2.2326	37.7877
2.2410	36.5978
2.2494	36.0000
2.2579	37.0000
2.2663	39.5196
2.2747	37.0000
2.2831	36.0000
2.2916	34.4842
2.3000	36.8920
2.3084	35.9050
2.3168	35.1639
2.3253	34.1378
2.3337	32.1117
2.3421	36.8715
2.3505	34.0298
2.3590	36.0168
2.3674	34.0075
2.3758	34.0186
2.3842	34.9777
2.3927	34.0000
2.4011	35.8547
2.4095	36.0000
2.4179	34.1490
2.4264	35.0000
2.4348	34.2011
2.4432	35.0000
2.4516	35.0000
2.4601	36.5810
2.4685	33.1527
2.4769	33.0000
2.4853	33.3575
2.4938	34.4246
2.5022	32.6145
2.5106	33.2179
2.5190	35.0000
2.5275	34.0000
2.5359	33.7430
2.5443	32.2700
2.5527	32.8492
2.5612	34.4078
2.5696	35.3091
2.5780	35.6778
2.5864	33.6648
2.5949	33.0000
2.6033	35.2775
2.6117	35.6257
2.6201	35.4507
2.6285	33.1993
2.6370	30.5866
2.6454	33.4264
2.6538	34.1210
2.6622	35.4525
2.6707	33.9311
2.6791	33.0428
2.6875	35.0000
2.6959	36.5140
2.7044	33.4469
2.7128	33.5307
2.7212	35.0000
2.7296	33.0000
2.7381	34.8492
2.7465	34.5829
2.7549	34.5959
2.7633	33.0000
2.7718	32.3780
2.7802	33.0000
2.7886	35.6480
2.7970	32.3557
2.8055	35.6965
2.8139	34.6871
2.8223	34.0000
2.8307	34.0000
2.8392	33.4525
2.8476	33.0000
2.8560	33.0000
2.8644	34.2961
2.8729	35.0000
2.8813	34.5829
2.8897	34.2179
2.8981	34.8175
2.9066	34.3389
2.9150	34.6871
2.9234	36.1434
2.9318	36.2607
2.9403	35.7654
2.9487	34.0000
2.9571	36.9088
2.9655	35.9218
2.9740	36.0000
2.9824	36.0000
2.9908	34.0782
2.9992	33.0521
3.0077	36.9609
3.0161	36.0000
0.0000	27.2222
0.0084	26.5469
0.0168	27.5642
0.0253	28.4705
0.0337	27.3749
0.0421	26.6257
0.0505	28.5748
0.0590	29.5965
0.0674	28.0484
0.0758	28.0267
0.0842	29.9274
0.0927	31.4134
0.1011	30.0795
0.1095	30.5574
0.1179	30.2328
0.1264	30.1496
0.1348	29.2917
0.1432	29.5549
0.1516	29.2675
0.1601	30.6381
0.1685	31.5940
0.1769	30.3135
0.1853	28.4264
0.1938	27.4339
0.2022	28.3675
0.2106	29.3408
0.2190	30.3389
0.2275	31.3457
0.2359	32.3228
0.2443	32.0000
0.2527	31.1347
0.2612	32.4749
0.2696	31.0279
0.2780	30.7312
0.2864	30.2601
0.2949	30.5028
0.3033	31.0000
0.3117	33.7660
0.3201	36.0000
0.3286	35.2582
0.3370	31.1254
0.3454	31.2663
0.3538	32.0000
0.3623	32.0453
0.3707	31.7467
0.3791	32.3290
0.3875	31.3116
0.3960	31.4264
0.4044	31.9590
0.4128	31.6387
0.4212	32.3184
0.4297	32.4420
0.4381	32.8852
0.4465	33.1173
0.4549	33.4687
0.4634	33.8721
0.4718	32.6611
0.4802	33.5462
0.4886	34.0000
0.4971	33.1192
0.5055	32.8163
0.5139	34.3588
0.5223	34.4246
0.5308	35.1546
0.5392	34.5003
0.5476	34.8194
0.5560	35.6487
0.5645	35.6400
0.5729	35.2272
0.5813	35.7672
0.5897	35.3333
0.5982	35.0745
0.6066	35.4736
0.6150	35.1577
0.6234	35.3333
0.6319	36.0000
0.6403	36.3333
0.6487	36.5531
0.6571	35.5276
0.6656	35.3035
0.6740	35.6238
0.6824	37.5742
0.6908	40.3830
0.6993	41.0801
0.7077	41.3799
0.7161	39.8827
0.7245	38.7169
0.7330	39.0664
0.7414	39.6046
0.7498	40.3203
0.7582	40.5599
0.7667	41.9410
0.7751	42.2644
0.7835	41.9193
0.7919	41.8920
0.8004	40.8417
0.8088	40.0546
0.8172	42.0230
0.8256	41.0372
0.8341	38.6667
0.8425	37.9801
0.8509	38.3054
0.8593	39.3271
0.8678	38.9845
0.8762	37.4004
0.8846	37.7728
0.8930	38.0323
0.9015	39.1490
0.9099	37.9255
0.9183	37.9125
0.9267	38.5661
0.9352	39.2955
0.9436	37.4178
0.9520	36.6667
0.9604	37.7685
0.9689	37.1657
0.9773	37.8212
0.9857	38.6667
0.9941	36.2731
1.0026	36.5940
1.0110	37.1024
1.0194	36.2601
1.0278	36.9050
1.0363	35.9634
1.0447	36.1322
1.0531	37.7281
1.0615	38.4364
1.0700	38.2148
1.0784	36.4432
1.0868	37.5357
1.0952	37.7592
1.1037	36.7505
1.1121	36.3122
1.1205	37.9336
1.1289	37.8045
1.1374	35.4755
1.1458	36.5605
1.1542	37.8175
1.1626	36.7759
1.1711	37.5071
1.1795	36.9944
1.1879	36.1651
1.1963	36.3333
1.2048	36.5102
1.2132	36.8833
1.2216	36.2197
1.2300	36.8138
1.2385	36.7790
1.2469	37.5959
1.2553	38.6089
1.2637	37.8007
1.2722	36.9417
1.2806	36.3333
1.2890	36.1186
1.2974	36.3333
1.3059	35.6871
1.3143	36.7337
1.3227	35.7623
1.3311	35.3650
1.3395	36.7536
1.3480	38.6729
1.3564	36.7654
1.3648	35.4811
1.3732	36.0000
1.3817	36.3985
1.3901	37.1217
1.3985	37.2204
1.4069	37.3017
1.4154	36.6654
1.4238	35.9131
1.4322	35.8436
1.4406	38.1595
1.4491	35.1825
1.4575	35.0261
1.4659	34.4420
1.4743	33.4550
1.4828	34.6406
1.4912	35.6058
1.4996	35.0174
1.5080	35.0000
1.5165	35.3420
1.5249	36.0087
1.5333	36.0521
1.5417	36.4202
1.5502	36.0869
1.5586	35.0782
1.5670	36.3029
1.5754	34.7710
1.5839	34.0782
1.5923	34.5798
1.6007	35.2855
1.6091	34.8752
1.6176	34.8870
1.6260	33.8492
1.6344	35.1378
1.6428	35.8610
1.6513	35.4811
1.6597	34.3911
1.6681	34.4984
1.6765	34.4060
1.6850	33.6946
1.6934	34.9510
1.7018	34.9336
1.7102	34.2290
1.7187	34.8914
1.7271	34.4519
1.7355	33.6667
1.7439	35.0583
1.7524	34.2967
1.7608	34.5363
1.7692	34.6027
1.7776	35.0552
1.7861	34.7598
1.7945	33.7045
1.8029	33.2396
1.8113	33.6667
1.8198	34.6431
1.8282	35.6698
1.8366	34.8250
1.8450	34.1881
1.8535	34.1552
1.8619	35.0875
1.8703	33.7070
1.8787	32.3333
1.8872	33.4711
1.8956	34.0000
1.9040	33.1502
1.9124	33.0838
1.9209	33.5183
1.9293	33.8988
1.9377	34.1136
1.9461	34.6555
1.9546	34.0788
1.9630	34.3706
1.9714	33.7610
1.9798	33.5767
1.9883	35.9143
1.9967	37.4308
2.0051	36.6667
2.0135	34.2905
2.0220	33.8032
2.0304	33.1918
2.0388	33.3687
2.0472	33.7790
2.0557	32.5369
2.0641	33.0931
2.0725	33.2533
2.0809	33.4848
2.0894	34.2998
2.0978	34.2458
2.1062	32.6418
2.1146	32.0410
2.1231	32.3495
2.1315	32.3805
2.1399	31.6965
2.1483	33.0062
2.1568	32.6617
2.1652	32.9832
2.1736	33.6269
2.1820	31.7238
2.1905	33.0000
2.1989	33.3333
2.2073	33.7213
2.2157	33.0950
2.2242	32.5947
2.2326	32.0807
2.2410	32.5121
2.2494	33.5686
2.2579	34.1198
2.2663	32.6667
2.2747	32.0621
2.2831	32.5990
2.2916	33.6164
2.3000	34.2582
2.3084	34.0000
2.3168	32.8343
2.3253	33.4711
2.3337	33.0559
2.3421	32.3873
2.3505	32.9702
2.3590	33.5611
2.3674	32.4395
2.3758	31.2377
2.3842	32.5705
2.3927	32.7896
2.4011	32.0968
2.4095	31.9913
2.4179	33.4432
2.4264	34.2986
2.4348	33.1887
2.4432	32.9218
2.4516	33.3066
2.4601	33.1577
2.4685	33.9814
2.4769	34.3315
2.4853	33.6828
2.4938	34.4916
2.5022	33.2824
2.5106	32.6325
2.5190	32.4618
2.5275	32.9106
2.5359	32.6065
2.5443	32.8678
2.5527	32.5891
2.5612	32.6921
2.5696	33.1676
2.5780	33.8963
2.5864	34.2210
2.5949	32.5307
2.6033	32.5369
2.6117	33.0000
2.6201	33.2011
2.6285	33.7120
2.6370	33.5909
2.6454	33.1601
2.6538	33.4091
2.6622	33.8808
2.6707	33.3333
2.6791	33.3532
2.6875	32.8833
2.6959	32.8920
2.7044	32.5177
2.7128	32.6667
2.7212	33.7132
2.7296	33.1136
2.7381	32.3333
2.7465	33.3054
2.7549	33.5959
2.7633	32.3911
2.7718	31.8305
2.7802	33.0211
2.7886	32.6729
2.7970	32.6685
2.8055	33.6617
2.8139	33.3265
2.8223	33.0000
2.8307	31.3954
2.8392	31.4128
2.8476	31.1695
2.8560	33.2762
2.8644	33.6338
2.8729	32.9628
2.8813	32.7914
2.8897	31.8504
2.8981	31.8175
2.9066	32.2787
2.9150	31.3333
2.9234	31.4134
2.9318	31.4687
2.9403	32.6214
2.9487	33.1043
2.9571	33.1825
2.9655	33.7517
2.9740	37.1136
2.9824	39.3644
2.9908	35.7455
2.9992	34.2309
3.0077	33.9063
3.0161	33.6667
0.0000	58.8333
0.0084	60.8665
0.0168	62.7554
0.0253	60.7921
0.0337	56.2906
0.0421	61.0537
0.0505	66.9204
0.0590	64.0193
0.0674	61.8134
0.0758	60.2976
0.0842	59.7229
0.0927	58.5674
0.1011	60.5444
0.1095	62.3051
0.1179	61.6353
0.1264	61.0222
0.1348	63.6968
0.1432	68.9002
0.1516	64.9281
0.1601	62.4839
0.1685	62.0181
0.1769	61.7934
0.1853	63.0181
0.1938	59.0725
0.2022	60.8778
0.2106	62.2894
0.2190	65.6806
0.2275	62.6357
0.2359	63.9919
0.2443	63.4702
0.2527	65.9238
0.2612	65.6915
0.2696	65.3395
0.2780	68.7954
0.2864	70.0003
0.2949	71.4667
0.3033	71.9743
0.3117	70.7874
0.3201	72.3510
0.3286	71.4533
0.3370	73.3169
0.3454	74.6915
0.3538	75.3504
0.3623	76.8114
0.3707	78.0364
0.3791	78.2044
0.3875	79.0366
0.3960	81.9741
0.4044	83.0789
0.4128	87.3607
0.4212	87.4815
0.4297	87.1622
0.4381	86.6212
0.4465	90.6227
0.4549	93.1929
0.4634	91.6296
0.4718	98.4398
0.4802	99.3981
0.4886	100.0382
0.4971	103.0777
0.5055	103.8111
0.5139	104.8244
0.5223	107.5795
0.5308	109.6603
0.5392	112.9703
0.5476	118.2030
0.5560	123.5918
0.5645	126.8202
0.5729	128.0005
0.5813	134.6297
0.5897	138.6338
0.5982	144.2784
0.6066	148.0902
0.6150	151.9885
0.6234	159.5848
0.6319	169.5802
0.6403	172.8310
0.6487	179.0108
0.6571	184.1272
0.6656	188.4508
0.6740	193.4783
0.6824	197.8507
0.6908	204.6375
0.6993	209.3062
0.7077	226.2309
0.7161	229.3921
0.7245	239.8770
0.7330	236.9956
0.7414	235.2295
0.7498	246.2866
0.7582	251.0000
0.7667	247.8585
0.7751	239.7357
0.7835	244.6489
0.7919	246.6177
0.8004	245.7429
0.8088	252.4155
0.8172	245.8436
0.8256	246.3476
0.8341	245.1458
0.8425	249.9239
0.8509	244.0656
0.8593	228.9489
0.8678	232.0459
0.8762	237.5271
0.8846	232.4682
0.8930	242.2736
0.9015	247.2443
0.9099	232.6295
0.9183	221.5424
0.9267	216.0215
0.9352	203.3441
0.9436	186.3812
0.9520	181.9340
0.9604	187.2222
0.9689	195.7014
0.9773	201.2566
0.9857	202.7451
0.9941	196.2929
1.0026	183.3127
1.0110	162.7562
1.0194	146.3425
1.0278	132.5388
1.0363	129.9578
1.0447	131.5192
1.0531	137.1001
1.0615	143.2014
1.0700	142.2939
1.0784	140.2891
1.0868	133.9230
1.0952	116.0203
1.1037	107.7763
1.1121	95.1840
1.1205	90.5589
1.1289	90.4781
1.1374	94.9600
1.1458	100.1231
1.1542	104.3135
1.1626	105.8532
1.1711	98.6508
1.1795	98.9878
1.1879	89.6157
1.1963	81.9504
1.2048	72.4459
1.2132	72.3727
1.2216	73.0088
1.2300	72.2030
1.2385	74.3284
1.2469	80.0361
1.2553	82.5287
1.2637	81.1790
1.2722	73.6218
1.2806	70.8506
1.2890	70.8971
1.2974	64.4591
1.3059	63.3631
1.3143	59.4523
1.3227	61.0895
1.3311	62.8250
1.3395	65.8599
1.3480	64.1600
1.3564	67.2007
1.3648	65.6309
1.3732	63.9902
1.3817	60.3579
1.3901	61.5417
1.3985	58.2706
1.4069	56.6415
1.4154	56.3855
1.4238	56.8994
1.4322	57.8664
1.4406	59.6901
1.4491	62.1562
1.4575	62.4968
1.4659	61.1062
1.4743	61.9465
1.4828	60.4499
1.4912	58.9700
1.4996	58.9629
1.5080	57.9416
1.5165	59.3000
1.5249	64.2271
1.5333	66.0448
1.5417	67.4877
1.5502	65.2229
1.5586	63.6770
1.5670	62.9164
1.5754	60.2650
1.5839	58.4415
1.5923	56.8400
1.6007	56.7875
1.6091	56.7099
1.6176	54.8813
1.6260	50.0579
1.6344	49.9949
1.6428	49.7294
1.6513	50.5793
1.6597	54.9408
1.6681	52.1467
1.6765	53.1310
1.6850	54.2407
1.6934	57.1169
1.7018	55.1936
1.7102	56.1815
1.7187	57.1492
1.7271	61.9265
1.7355	57.9540
1.7439	54.1712
1.7524	54.9874
1.7608	53.9770
1.7692	52.0658
1.7776	51.0395
1.7861	54.7720
1.7945	54.2467
1.8029	56.4489
1.8113	60.3259
1.8198	57.2769
1.8282	56.8208
1.8366	59.7078
1.8450	58.2530
1.8535	63.0185
1.8619	63.9274
1.8703	59.8644
1.8787	56.8019
1.8872	56.0526
1.8956	58.0000
1.9040	56.6506
1.9124	55.6341
1.9209	55.6156
1.9293	57.1923
1.9377	57.5799
1.9461	62.6705
1.9546	62.0033
1.9630	60.1326
1.9714	58.0667
1.9798	57.9852
1.9883	54.9826
1.9967	59.2721
2.0051	61.2067
2.0135	58.3141
2.0220	59.8046
2.0304	59.9682
2.0388	59.5129
2.0472	61.4133
2.0557	60.6956
2.0641	59.3237
2.0725	60.8282
2.0809	63.4151
2.0894	59.8849
2.0978	61.4846
2.1062	61.4815
2.1146	60.8023
2.1231	59.6407
2.1315	60.7338
2.1399	61.5000
2.1483	59.1417
2.1568	61.6301
2.1652	62.5837
2.1736	65.5508
2.1820	69.2533
2.1905	72.1352
2.1989	74.2105
2.2073	74.2521
2.2157	76.0224
2.2242	73.0999
2.2326	71.0431
2.2410	73.7535
2.2494	73.8029
2.2579	79.3537
2.2663	81.7554
2.2747	87.1167
2.2831	82.5772
2.2916	78.7277
2.3000	73.4330
2.3084	70.5922
2.3168	69.6598
2.3253	69.0225
2.3337	68.7892
2.3421	67.1219
2.3505	68.1899
2.3590	71.5072
2.3674	72.6649
2.3758	72.7786
2.3842	73.3294
2.3927	74.9118
2.4011	72.3427
2.4095	74.5149
2.4179	72.9128
2.4264	72.2144
2.4348	70.3928
2.4432	70.5437
2.4516	71.1383
2.4601	69.2479
2.4685	66.6671
2.4769	65.0238
2.4853	64.9428
2.4938	66.8089
2.5022	66.9557
2.5106	70.9190
2.5190	72.7509
2.5275	71.9877
2.5359	72.1011
2.5443	72.3382
2.5527	73.3051
2.5612	72.9788
2.5696	74.4233
2.5780	76.7144
2.5864	75.6164
2.5949	76.4437
2.6033	76.4711
2.6117	78.9254
2.6201	79.7551
2.6285	82.7170
2.6370	82.8370
2.6454	85.8350
2.6538	80.9556
2.6622	84.2993
2.6707	89.1556
2.6791	87.8551
2.6875	95.9600
2.6959	95.6827
2.7044	104.5199
2.7128	102.3663
2.7212	101.0489
2.7296	102.5821
2.7381	96.2058
2.7465	93.8171
2.7549	93.3761
2.7633	91.4407
2.7718	92.0815
2.7802	90.5159
2.7886	91.8900
2.7970	90.0644
2.8055	91.5040
2.8139	90.5250
2.8223	96.0454
2.8307	97.2528
2.8392	99.5838
2.8476	105.2052
2.8560	114.4970
2.8644	122.8120
2.8729	141.4503
2.8813	156.4599
2.8897	158.6756
2.8981	158.4994
2.9066	153.9886
2.9150	143.9929
2.9234	135.7595
2.9318	126.6733
2.9403	124.6425
2.9487	123.4630
2.9571	121.3504
2.9655	121.0237
2.9740	115.4308
2.9824	110.3355
2.9908	104.0371
2.9992	103.9636
3.0077	100.3156
3.0161	97.4620
3.0245	97.9704
3.0329	99.8833
3.0414	103.9164
3.0498	107.6238
3.0582	121.6433
3.0666	137.5359
3.0751	154.3364
3.0835	177.8241
3.0919	188.5107
3.1003	192.9539
3.1088	193.1844
3.1172	190.2832
3.1256	181.3537
3.1340	171.6552
3.1425	166.0000
3.1509	164.0498
3.1593	150.1481
3.1677	131.5015
3.1762	107.2597
3.1846	92.5141
3.1930	82.2549
3.2014	80.0778
3.2099	76.4523
3.2183	75.9909
3.2267	74.2534
3.2351	75.7694
3.2436	77.5540
3.2520	75.3214
3.2604	75.7979
3.2688	76.8659
3.2773	73.8217
3.2857	73.8039
3.2941	73.2447
3.3025	72.3022
3.3110	76.2309
3.3194	76.6014
3.3278	73.9185
3.3362	73.7104
3.3447	73.9734
3.3531	75.4989
3.3615	74.7382
3.3699	73.2113
3.3784	71.8379
3.3868	72.0009
3.3952	74.5324
3.4036	74.6481
3.4121	76.8533
3.4205	75.1696
3.4289	74.3785
3.4373	72.3190
3.4458	68.5452
3.4542	68.0000
3.4626	70.1536
3.4710	67.5153
3.4795	67.9333
3.4879	66.4956
3.4963	66.5173
3.5047	64.3502
3.5132	65.0370
3.5216	66.6326
3.5300	66.4411
3.5384	66.5821
3.5469	64.3906
3.5553	64.3828
3.5637	64.4309
3.5721	60.6556
3.5806	57.4444
3.5890	58.2899
3.5974	57.0404
3.6058	55.0926
3.6143	53.9600
3.6227	52.9778
3.6311	51.5474
3.6395	49.3496
3.6480	50.6919
3.6564	50.8209
3.6648	50.0528
3.6732	48.3620
3.6817	44.9140
3.6901	47.3728
3.6985	48.7858
3.7069	48.1637
3.7154	45.5205
3.7238	45.8588
3.7322	46.0398
3.7406	45.1727
3.7491	46.6741
3.7575	46.1637
3.7659	45.2610
3.7743	47.1943
3.7828	44.4644
3.7912	43.0000
0.0000	42.5833
0.0084	45.3511
0.0168	44.7762
0.0253	45.8356
0.0337	45.0707
0.0421	45.6055
0.0505	46.4068
0.0590	45.3193
0.0674	45.3799
0.0758	47.3957
0.0842	47.3519
0.0927	45.4199
0.1011	44.4267
0.1095	46.5644
0.1179	45.6640
0.1264	44.8919
0.1348	43.2332
0.1432	44.9352
0.1516	44.6082
0.1601	44.4213
0.1685	43.9926
0.1769	45.2466
0.1853	47.3677
0.1938	46.1903
0.2022	43.6215
0.2106	44.7997
0.2190	43.7271
0.2275	46.5317
0.2359	44.3115
0.2443	45.8557
0.2527	45.0079
0.2612	45.1317
0.2696	46.2656
0.2780	46.7689
0.2864	45.0000
0.2949	45.4087
0.3033	47.9025
0.3117	47.8971
0.3201	47.1723
0.3286	46.5933
0.3370	47.8699
0.3454	46.5117
0.3538	49.6010
0.3623	48.6314
0.3707	49.9166
0.3791	50.6000
0.3875	48.4551
0.3960	51.3063
0.4044	50.3244
0.4128	48.2215
0.4212	49.6125
0.4297	49.0137
0.4381	49.2657
0.4465	49.8973
0.4549	49.1271
0.4634	49.2159
0.4718	52.3756
0.4802	54.6853
0.4886	52.6119
0.4971	53.3201
0.5055	52.1806
0.5139	53.4607
0.5223	53.4973
0.5308	53.8021
0.5392	53.4096
0.5476	53.3206
0.5560	52.8689
0.5645	54.1013
0.5729	56.6142
0.5813	53.7300
0.5897	54.1908
0.5982	52.9047
0.6066	54.4224
0.6150	54.1185
0.6234	53.5279
0.6319	55.0000
0.6403	51.6962
0.6487	53.8014
0.6571	52.6224
0.6656	56.1426
0.6740	54.4740
0.6824	57.1077
0.6908	55.9891
0.6993	55.7218
0.7077	54.1661
0.7161	54.8963
0.7245	54.0994
0.7330	55.2853
0.7414	57.8964
0.7498	57.1284
0.7582	57.4867
0.7667	53.4204
0.7751	55.1296
0.7835	56.7448
0.7919	55.2030
0.8004	55.2370
0.8088	55.6015
0.8172	58.7752
0.8256	59.6952
0.8341	61.5333
0.8425	60.7040
0.8509	61.3605
0.8593	57.2378
0.8678	57.2088
0.8762	56.6873
0.8846	56.3264
0.8930	56.8973
0.9015	58.5630
0.9099	54.2340
0.9183	56.8528
0.9267	57.8549
0.9352	61.5353
0.9436	60.9339
0.9520	61.5108
0.9604	59.1061
0.9689	58.7556
0.9773	56.1230
0.9857	57.5056
0.9941	57.5475
1.0026	58.0280
1.0110	59.2688
1.0194	62.6791
1.0278	65.5142
1.0363	64.7255
1.0447	63.7711
1.0531	59.9822
1.0615	58.4223
1.0700	59.4732
1.0784	61.2963
1.0868	61.1422
1.0952	63.2213
1.1037	66.1259
1.1121	65.0749
1.1205	62.7182
1.1289	63.1231
1.1374	66.5200
1.1458	65.2477
1.1542	62.3319
1.1626	62.2594
1.1711	61.6257
1.1795	59.6511
1.1879	54.4851
1.1963	55.8013
1.2048	54.0685
1.2132	55.0961
1.2216	55.4967
1.2300	61.9904
1.2385	62.2938
1.2469	67.5704
1.2553	75.7286
1.2637	73.4784
1.2722	78.5103
1.2806	74.9669
1.2890	72.5904
1.2974	68.9529
1.3059	65.5182
1.3143	59.2564
1.3227	58.0980
1.3311	56.5266
1.3395	54.8502
1.3480	56.2563
1.3564	61.2583
1.3648	61.2091
1.3732	65.6374
1.3817	69.5642
1.3901	70.2528
1.3985	69.0300
1.4069	69.4771
1.4154	66.1336
1.4238	62.7278
1.4322	59.4815
1.4406	56.4597
1.4491	53.3906
1.4575	52.2608
1.4659	50.9545
1.4743	51.3896
1.4828	46.9331
1.4912	44.9989
1.4996	44.9371
1.5080	44.9966
1.5165	44.8000
1.5249	42.8380
1.5333	42.9681
1.5417	42.0384
1.5502	43.2614
1.5586	43.0000
1.5670	42.9711
1.5754	42.0370
1.5839	43.2889
1.5923	42.9200
1.6007	40.0710
1.6091	42.7479
1.6176	42.5478
1.6260	42.7831
1.6344	42.5549
1.6428	40.1778
1.6513	40.1891
1.6597	41.4281
1.6681	41.2832
1.6765	42.7678
1.6850	42.0909
1.6934	42.0013
1.7018	42.1056
1.7102	44.8762
1.7187	44.8900
1.7271	41.0515
1.7355	43.9953
1.7439	42.9604
1.7524	42.0120
1.7608	42.9504
1.7692	43.8248
1.7776	42.0938
1.7861	41.9786
1.7945	39.7557
1.8029	41.3104
1.8113	43.5073
1.8198	42.9945
1.8282	42.2113
1.8366	44.5748
1.8450	45.0663
1.8535	43.0000
1.8619	43.0014
1.8703	43.4336
1.8787	42.5991
1.8872	43.0003
1.8956	43.3333
1.9040	42.3511
1.9124	42.6322
1.9209	42.6156
1.9293	43.3991
1.9377	43.3263
1.9461	41.1384
1.9546	41.0005
1.9630	41.9337
1.9714	42.0263
1.9798	41.0074
1.9883	41.5576
1.9967	42.8379
2.0051	41.4580
2.0135	40.8622
2.0220	40.8222
2.0304	40.3987
2.0388	41.3644
2.0472	39.0315
2.0557	40.3241
2.0641	40.0048
2.0725	40.9844
2.0809	40.1387
2.0894	40.9860
2.0978	43.6935
2.1062	41.7963
2.1146	42.9764
2.1231	44.3524
2.1315	40.4633
2.1399	41.6267
2.1483	41.9931
2.1568	41.4290
2.1652	40.8900
2.1736	42.6429
2.1820	41.9334
2.1905	42.9037
2.1989	42.9467
2.2073	42.0264
2.2157	42.9719
2.2242	42.0289
2.2326	42.0296
2.2410	42.9407
2.2494	44.8889
2.2579	42.3488
2.2663	44.9130
2.2747	45.7733
2.2831	46.1051
2.2916	46.8404
2.3000	47.1404
2.3084	47.9698
2.3168	46.6091
2.3253	46.9851
2.3337	47.5399
2.3421	46.3396
2.3505	45.2928
2.3590	45.0110
2.3674	44.7245
2.3758	43.7378
2.3842	40.4657
2.3927	41.2948
2.4011	43.2030
2.4095	41.3452
2.4179	42.9183
2.4264	42.6441
2.4348	42.1783
2.4432	42.3124
2.4516	43.0497
2.4601	43.5016
2.4685	40.6438
2.4769	41.4578
2.4853	41.4768
2.4938	43.3519
2.5022	43.8565
2.5106	43.0457
2.5190	43.5615
2.5275	44.5556
2.5359	46.0318
2.5443	47.6158
2.5527	49.5600
2.5612	53.7094
2.5696	53.4233
2.5780	57.7256
2.5864	58.3270
2.5949	59.4191
2.6033	58.3160
2.6117	57.6042
2.6201	57.7857
2.6285	55.0089
2.6370	54.2108
2.6454	55.5971
2.6538	56.6667
2.6622	60.3893
2.6707	60.0479
2.6791	59.3751
2.6875	65.5307
2.6959	65.9105
2.7044	62.3667
2.7128	62.0030
2.7212	63.8491
2.7296	62.0881
2.7381	54.6872
2.7465	55.6624
2.7549	52.2150
2.7633	51.2324
2.7718	48.4415
2.7802	48.3572
2.7886	46.7031
2.7970	47.6032
2.8055	47.8128
2.8139	48.7289
2.8223	51.5481
2.8307	49.6402
2.8392	51.7912
2.8476	47.8923
2.8560	43.2256
2.8644	42.1866
2.8729	41.7231
2.8813	40.1633
2.8897	40.5962
2.8981	39.5484
2.9066	40.8677
2.9150	42.2698
2.9234	40.5926
2.9318	40.2976
2.9403	38.6085
2.9487	39.4376
2.9571	40.4629
2.9655	40.9538
2.9740	40.0948
2.9824	40.9044
2.9908	40.5046
2.9992	41.9658
3.0077	42.2446
3.0161	41.6587
3.0245	40.5061
3.0329	38.6567
3.0414	40.4675
3.0498	40.0695
3.0582	39.6743
3.0666	38.9678
3.0751	39.4884
3.0835	41.9787
3.0919	40.6792
3.1003	41.6310
3.1088	41.9772
3.1172	43.6100
3.1256	45.2847
3.1340	42.6717
3.1425	47.2448
3.1509	52.0920
3.1593	55.6296
3.1677	58.7480
3.1762	71.0906
3.1846	84.5459
3.1930	102.9517
3.2014	116.5393
3.2099	114.4711
3.2183	99.8263
3.2267	85.6045
3.2351	76.7883
3.2436	75.8674
3.2520	74.2875
3.2604	72.3333
3.2688	74.5541
3.2773	76.1988
3.2857	76.0627
3.2941	78.6471
3.3025	78.4366
3.3110	80.3329
3.3194	82.6964
3.3278	81.7245
3.3362	84.5575
3.3447	85.8248
3.3531	86.1218
3.3615	84.7168
3.3699	84.0552
3.3784	83.4190
3.3868	84.4804
3.3952	84.0836
3.4036	84.4613
3.4121	83.5600
3.4205	81.3241
3.4289	81.7511
3.4373	80.6478
3.4458	81.2768
3.4542	78.4480
3.4626	76.2800
3.4710	76.4858
3.4795	76.9455
3.4879	75.4635
3.4963	76.3890
3.5047	74.7203
3.5132	74.5747
3.5216	75.2703
3.5300	73.1744
3.5384	74.6710
3.5469	75.8396
3.5553	75.6660
3.5637	73.7321
3.5721	75.8593
3.5806	74.7764
3.5890	75.1294
3.5974	77.2018
3.6058	76.2381
3.6143	76.5244
3.6227	75.2885
3.6311	76.2868
3.6395	74.0231
3.6480	74.3516
3.6564	72.3988
3.6648	72.1501
3.6732	71.7800
3.6817	69.2981
3.6901	67.3613
3.6985	66.9368
3.7069	61.1187
3.7154	59.1979
3.7238	60.6677
3.7322	57.7178
3.7406	56.2371
3.7491	56.0133
3.7575	53.5735
3.7659	53.2121
3.7743	53.7679
3.7828	53.3907
3.7912	52.2222
0.0000	49.0833
0.0084	49.2881
0.0168	48.4387
0.0253	51.2383
0.0337	54.1581
0.0421	62.5362
0.0505	58.6841
0.0590	53.7385
0.0674	52.1591
0.0758	50.9291
0.0842	50.5956
0.0927	52.0594
0.1011	52.3265
0.1095	52.4458
0.1179	55.5894
0.1264	54.6607
0.1348	54.6486
0.1432	56.9074
0.1516	59.2719
0.1601	57.5321
0.1685	58.4778
0.1769	58.9015
0.1853	61.5007
0.1938	62.1322
0.2022	65.8340
0.2106	64.6968
0.2190	66.8946
0.2275	65.7424
0.2359	63.3311
0.2443	65.1443
0.2527	66.2460
0.2612	67.6322
0.2696	65.4807
0.2780	62.4754
0.2864	59.9490
0.2949	59.1384
0.3033	58.7733
0.3117	58.3578
0.3201	55.7638
0.3286	54.4214
0.3370	55.2741
0.3454	56.7825
0.3538	55.1699
0.3623	53.8338
0.3707	52.7504
0.3791	52.7333
0.3875	52.4887
0.3960	51.2766
0.4044	52.9572
0.4128	52.5044
0.4212	53.6481
0.4297	53.9364
0.4381	55.9505
0.4465	55.5970
0.4549	55.5065
0.4634	54.9291
0.4718	54.6138
0.4802	55.7401
0.4886	56.4070
0.4971	55.8758
0.5055	55.0302
0.5139	55.7011
0.5223	56.2993
0.5308	57.0597
0.5392	58.9266
0.5476	61.0880
0.5560	59.0945
0.5645	60.6662
0.5729	60.7454
0.5813	63.9594
0.5897	63.3852
0.5982	61.9524
0.6066	64.8659
0.6150	64.5415
0.6234	64.7445
0.6319	65.0864
0.6403	66.9014
0.6487	69.3455
0.6571	70.5145
0.6656	69.4911
0.6740	70.7705
0.6824	69.0123
0.6908	70.2821
0.6993	71.4526
0.7077	68.4840
0.7161	70.6067
0.7245	68.0732
0.7330	68.0497
0.7414	68.0007
0.7498	67.6831
0.7582	64.9900
0.7667	64.4718
0.7751	61.3430
0.7835	63.5295
0.7919	60.6478
0.8004	60.0951
0.8088	58.8503
0.8172	59.7300
0.8256	57.1696
0.8341	57.2041
0.8425	57.3714
0.8509	57.0226
0.8593	56.1250
0.8678	55.0673
0.8762	55.8830
0.8846	57.2958
0.8930	56.0882
0.9015	57.0592
0.9099	57.5733
0.9183	56.5631
0.9267	55.8125
0.9352	56.1785
0.9436	53.6097
0.9520	55.9934
0.9604	57.6305
0.9689	58.7103
0.9773	61.5622
0.9857	62.0800
0.9941	63.0405
1.0026	63.7544
1.0110	66.2604
1.0194	65.2649
1.0278	68.5419
1.0363	70.1961
1.0447	73.1194
1.0531	79.9163
1.0615	87.4312
1.0700	97.1154
1.0784	103.5488
1.0868	110.8955
1.0952	115.0466
1.1037	119.2412
1.1121	116.3203
1.1205	117.0022
1.1289	114.5780
1.1374	113.4667
1.1458	111.3391
1.1542	108.5821
1.1626	112.3680
1.1711	114.3906
1.1795	120.1778
1.1879	121.3528
1.1963	125.3509
1.2048	128.2816
1.2132	129.7123
1.2216	128.3830
1.2300	119.8808
1.2385	117.5291
1.2469	109.4676
1.2553	100.7505
1.2637	95.3333
1.2722	85.4243
1.2806	77.4052
1.2890	66.8933
1.2974	64.6779
1.3059	58.7183
1.3143	56.0556
1.3227	54.0477
1.3311	51.6449
1.3395	52.0724
1.3480	49.5637
1.3564	51.6622
1.3648	49.8212
1.3732	51.2622
1.3817	47.5288
1.3901	49.9694
1.3985	49.2701
1.4069	48.0148
1.4154	48.3586
1.4238	48.3144
1.4322	50.0323
1.4406	50.8571
1.4491	51.5304
1.4575	50.4928
1.4659	49.0202
1.4743	49.4252
1.4828	47.0182
1.4912	47.3939
1.4996	44.9253
1.5080	46.4571
1.5165	46.6533
1.5249	45.1620
1.5333	42.6835
1.5417	45.0844
1.5502	43.1037
1.5586	43.3095
1.5670	41.9742
1.5754	41.3511
1.5839	42.6437
1.5923	44.4283
1.6007	43.9673
1.6091	42.7545
1.6176	42.8346
1.6260	41.9900
1.6344	41.5594
1.6428	39.3921
1.6513	40.9716
1.6597	39.7156
1.6681	39.8584
1.6765	39.1481
1.6850	41.0758
1.6934	40.1826
1.7018	41.9264
1.7102	41.0727
1.7187	42.9915
1.7271	43.9704
1.7355	41.9858
1.7439	40.9733
1.7524	40.9557
1.7608	40.8555
1.7692	38.9240
1.7776	39.0948
1.7861	39.1215
1.7945	40.1277
1.8029	39.9849
1.8113	38.1852
1.8198	41.1715
1.8282	39.9924
1.8366	41.2263
1.8450	43.5231
1.8535	40.2509
1.8619	40.9949
1.8703	39.2844
1.8787	40.3034
1.8872	43.0516
1.8956	43.6667
1.9040	40.0027
1.9124	41.9970
1.9209	40.3880
1.9293	41.5950
1.9377	40.5852
1.9461	43.4228
1.9546	43.0967
1.9630	42.0667
1.9714	42.0267
1.9798	43.9925
1.9883	42.4920
1.9967	43.4533
2.0051	44.4356
2.0135	44.8519
2.0220	46.5693
2.0304	44.6003
2.0388	45.1072
2.0472	46.6208
2.0557	47.6714
2.0641	46.6886
2.0725	46.0107
2.0809	45.1387
2.0894	45.4457
2.0978	46.2135
2.1062	46.2414
2.1146	46.0043
2.1231	48.5349
2.1315	49.7857
2.1399	53.5726
2.1483	53.9931
2.1568	53.0230
2.1652	52.1423
2.1736	53.2838
2.1820	57.0763
2.1905	59.0203
2.1989	62.5833
2.2073	60.9429
2.2157	60.9048
2.2242	60.9997
2.2326	62.9268
2.2410	59.3367
2.2494	60.0269
2.2579	62.9065
2.2663	60.0978
2.2747	60.0967
2.2831	61.8228
2.2916	61.5478
2.3000	62.8046
2.3084	65.0834
2.3168	65.9698
2.3253	68.1190
2.3337	73.1449
2.3421	74.4789
2.3505	76.4261
2.3590	76.9813
2.3674	78.2340
2.3758	82.0100
2.3842	82.0031
2.3927	80.0725
2.4011	80.9526
2.4095	81.8424
2.4179	82.7852
2.4264	82.0364
2.4348	81.3057
2.4432	79.6441
2.4516	77.2046
2.4601	72.7019
2.4685	70.1100
2.4769	67.6203
2.4853	65.5778
2.4938	62.2632
2.5022	60.7568
2.5106	56.1101
2.5190	53.7156
2.5275	50.7253
2.5359	49.0837
2.5443	47.9963
2.5527	45.1726
2.5612	45.3375
2.5696	42.8561
2.5780	41.7733
2.5864	42.4164
2.5949	42.9592
2.6033	41.1280
2.6117	41.1180
2.6201	42.5077
2.6285	43.4939
2.6370	45.9937
2.6454	45.2163
2.6538	48.6178
2.6622	46.1944
2.6707	47.2093
2.6791	49.7338
2.6875	46.3953
2.6959	47.8660
2.7044	46.1711
2.7128	45.9879
2.7212	44.1475
2.7296	45.8177
2.7381	45.0686
2.7465	45.8251
2.7549	48.6311
2.7633	44.7751
2.7718	46.4689
2.7802	49.0491
2.7886	47.3072
2.7970	48.9978
2.8055	50.0933
2.8139	51.5039
2.8223	50.1292
2.8307	48.4643
2.8392	45.0503
2.8476	42.9401
2.8560	42.9854
2.8644	42.5087
2.8729	42.0471
2.8813	40.1733
2.8897	39.3727
2.8981	40.1904
2.9066	36.2558
2.9150	36.1514
2.9234	36.5563
2.9318	35.5330
2.9403	35.9491
2.9487	36.4201
2.9571	36.0448
2.9655	33.7432
2.9740	34.4139
2.9824	36.6515
2.9908	35.1740
2.9992	35.7852
3.0077	34.4762
3.0161	35.6631
3.0245	35.9769
3.0329	36.0000
3.0414	35.6856
3.0498	36.5679
3.0582	36.6899
3.0666	36.9693
3.0751	38.5403
3.0835	36.0489
3.0919	37.0995
3.1003	37.4447
3.1088	38.6416
3.1172	38.2615
3.1256	37.8595
3.1340	37.8378
3.1425	36.3326
3.1509	38.5690
3.1593	38.0988
3.1677	38.1671
3.1762	38.9048
3.1846	39.1596
3.1930	44.3303
3.2014	47.6785
3.2099	55.9532
3.2183	66.7188
3.2267	85.6815
3.2351	101.3873
3.2436	105.7248
3.2520	94.4923
3.2604	80.0352
3.2688	72.6674
3.2773	71.1060
3.2857	71.7412
3.2941	69.6162
3.3025	70.0769
3.3110	73.5266
3.3194	75.3777
3.3278	77.0170
3.3362	77.2467
3.3447	77.4938
3.3531	77.9438
3.3615	78.7782
3.3699	79.5408
3.3784	78.5016
3.3868	80.3554
3.3952	80.0836
3.4036	79.4648
3.4121	81.6533
3.4205	78.6101
3.4289	77.5333
3.4373	78.3156
3.4458	79.7362
3.4542	79.5517
3.4626	78.2146
3.4710	77.9443
3.4795	78.8405
3.4879	78.3235
3.4963	77.4286
3.5047	76.6794
3.5132	75.9068
3.5216	74.6918
3.5300	73.7545
3.5384	73.6841
3.5469	74.5096
3.5553	73.2365
3.5637	73.9557
3.5721	74.4067
3.5806	75.7435
3.5890	73.2187
3.5974	73.1429
3.6058	72.3585
3.6143	75.9489
3.6227	74.4027
3.6311	73.0195
3.6395	75.4000
3.6480	75.5512
3.6564	77.9987
3.6648	74.8588
3.6732	74.0225
3.6817	70.8130
3.6901	72.5823
3.6985	74.6513
3.7069	74.1487
3.7154	72.3003
3.7238	71.0794
3.7322	71.7758
3.7406	67.8546
3.7491	66.2444
3.7575	65.2622
3.7659	62.8020
3.7743	62.5085
3.7828	60.3064
3.7912	64.5556
0.0000	40.3333
0.0084	42.3370
0.0168	43.4346
0.0253	42.8240
0.0337	42.4319
0.0421	42.6454
0.0505	43.6979
0.0590	43.0578
0.0674	42.8993
0.0758	44.3131
0.0842	44.4364
0.0927	44.7919
0.1011	43.7977
0.1095	44.0519
0.1179	42.5873
0.1264	41.9556
0.1348	44.5392
0.1432	45.3081
0.1516	46.8763
0.1601	45.8442
0.1685	44.2002
0.1769	45.3926
0.1853	46.2443
0.1938	47.4410
0.2022	46.0911
0.2106	46.4856
0.2190	48.6416
0.2275	47.2832
0.2359	48.0033
0.2443	48.1494
0.2527	48.9905
0.2612	48.9960
0.2696	49.0913
0.2780	49.4754
0.2864	47.2656
0.2949	48.7494
0.3033	50.6699
0.3117	51.7215
0.3201	50.2566
0.3286	51.9960
0.3370	52.8878
0.3454	52.3629
0.3538	53.3639
0.3623	53.3304
0.3707	52.5327
0.3791	52.9956
0.3875	54.2837
0.3960	54.7360
0.4044	57.5106
0.4128	56.5354
0.4212	56.1310
0.4297	58.8849
0.4381	58.2163
0.4465	58.6236
0.4549	59.0401
0.4634	60.4137
0.4718	60.4794
0.4802	62.6461
0.4886	63.3674
0.4971	62.8650
0.5055	65.0333
0.5139	62.0907
0.5223	66.0718
0.5308	65.9643
0.5392	67.8624
0.5476	67.9778
0.5560	66.4994
0.5645	68.2658
0.5729	67.8298
0.5813	69.3449
0.5897	69.4682
0.5982	71.5663
0.6066	73.9020
0.6150	75.2563
0.6234	74.9305
0.6319	72.2469
0.6403	70.7910
0.6487	72.0785
0.6571	71.3516
0.6656	73.2204
0.6740	76.6154
0.6824	79.6267
0.6908	80.1644
0.6993	76.7886
0.7077	77.7294
0.7161	75.7872
0.7245	73.9544
0.7330	73.7335
0.7414	71.8992
0.7498	71.4273
0.7582	75.0000
0.7667	75.5611
0.7751	73.2935
0.7835	75.8502
0.7919	69.5005
0.8004	65.7744
0.8088	65.5470
0.8172	62.8514
0.8256	65.2477
0.8341	66.0759
0.8425	66.5922
0.8509	64.4559
0.8593	63.5233
0.8678	63.8883
0.8762	62.7668
0.8846	62.0854
0.8930	59.9388
0.9015	59.1764
0.9099	57.7944
0.9183	58.8588
0.9267	57.4593
0.9352	58.2552
0.9436	56.8658
0.9520	57.2116
0.9604	55.0220
0.9689	56.6089
0.9773	57.3212
0.9857	55.9445
0.9941	55.1214
1.0026	56.5779
1.0110	56.5799
1.0194	56.8649
1.0278	55.5953
1.0363	59.0306
1.0447	59.4501
1.0531	60.1934
1.0615	59.5000
1.0700	61.2875
1.0784	60.8244
1.0868	62.6415
1.0952	61.9966
1.1037	63.8764
1.1121	63.2640
1.1205	63.4115
1.1289	61.6774
1.1374	59.9867
1.1458	57.0000
1.1542	56.8588
1.1626	54.8511
1.1711	54.8933
1.1795	55.3556
1.1879	57.0650
1.1963	55.2553
1.2048	57.8226
1.2132	56.0467
1.2216	56.0836
1.2300	56.9170
1.2385	55.7558
1.2469	51.7933
1.2553	49.0913
1.2637	47.8951
1.2722	45.3583
1.2806	47.4801
1.2890	43.1010
1.2974	43.0987
1.3059	44.7110
1.3143	42.0430
1.3227	42.7660
1.3311	41.6163
1.3395	41.5151
1.3480	40.2259
1.3564	40.0892
1.3648	37.1279
1.3732	39.7357
1.3817	39.9229
1.3901	38.2943
1.3985	38.0288
1.4069	39.0281
1.4154	39.6494
1.4238	39.8107
1.4322	38.6199
1.4406	39.0235
1.4491	39.5473
1.4575	39.0041
1.4659	39.0657
1.4743	39.0398
1.4828	40.9664
1.4912	40.0667
1.4996	41.0258
1.5080	39.9535
1.5165	41.4233
1.5249	41.1158
1.5333	39.5752
1.5417	38.8221
1.5502	40.6266
1.5586	40.3095
1.5670	39.0513
1.5754	41.0386
1.5839	42.3948
1.5923	41.9957
1.6007	41.7234
1.6091	39.2525
1.6176	39.5667
1.6260	40.5440
1.6344	39.1763
1.6428	38.3881
1.6513	39.8462
1.6597	40.0874
1.6681	37.4324
1.6765	40.0214
1.6850	41.0538
1.6934	39.0205
1.7018	40.0990
1.7102	39.0591
1.7187	40.0574
1.7271	38.9851
1.7355	37.0473
1.7439	39.0270
1.7524	39.1104
1.7608	40.8444
1.7692	38.0120
1.7776	39.0751
1.7861	37.2312
1.7945	38.0178
1.8029	39.9988
1.8113	39.8370
1.8198	39.8181
1.8282	39.5875
1.8366	39.0689
1.8450	38.7644
1.8535	37.7537
1.8619	38.1971
1.8703	35.7200
1.8787	36.7052
1.8872	39.6822
1.8956	37.6667
1.9040	37.2995
1.9124	37.0004
1.9209	36.2328
1.9293	35.6003
1.9377	36.8324
1.9461	37.5614
1.9546	38.3536
1.9630	36.9480
1.9714	37.9932
1.9798	37.0148
1.9883	38.0333
1.9967	37.6174
2.0051	37.8882
2.0135	38.1407
2.0220	38.0020
2.0304	39.1975
2.0388	37.8862
2.0472	39.3408
2.0557	39.0048
2.0641	40.0071
2.0725	39.6249
2.0809	41.5511
2.0894	40.7392
2.0978	39.0310
2.1062	37.7822
2.1146	39.1958
2.1231	37.4492
2.1315	38.7807
2.1399	38.8274
2.1483	39.1486
2.1568	39.8449
2.1652	39.6413
2.1736	38.3469
2.1820	41.7355
2.1905	41.8593
2.1989	42.0491
2.2073	42.9030
2.2157	43.9333
2.2242	43.0266
2.2326	43.0000
2.2410	43.9387
2.2494	44.8726
2.2579	44.2830
2.2663	45.8654
2.2747	50.4433
2.2831	46.1544
2.2916	47.8010
2.3000	48.1404
2.3084	49.7715
2.3168	49.2085
2.3253	50.7375
2.3337	50.4517
2.3421	52.7264
2.3505	52.0293
2.3590	53.9185
2.3674	55.6416
2.3758	58.8605
2.3842	59.9570
2.3927	60.3088
2.4011	61.0321
2.4095	61.8293
2.4179	60.8329
2.4264	61.5569
2.4348	64.2887
2.4432	62.5370
2.4516	62.6184
2.4601	62.0286
2.4685	61.9845
2.4769	63.8649
2.4853	60.7007
2.4938	58.9183
2.5022	59.1008
2.5106	56.2792
2.5190	54.4949
2.5275	53.4444
2.5359	48.3024
2.5443	49.2775
2.5527	46.8042
2.5612	46.9479
2.5696	43.5175
2.5780	44.3583
2.5864	43.7747
2.5949	42.1172
2.6033	39.6249
2.6117	40.4921
2.6201	40.2267
2.6285	39.0763
2.6370	42.2698
2.6454	43.2512
2.6538	45.9422
2.6622	47.9815
2.6707	51.2717
2.6791	50.9640
2.6875	53.7866
2.6959	52.2303
2.7044	53.8911
2.7128	51.2427
2.7212	52.8495
2.7296	48.4193
2.7381	49.0027
2.7465	49.8332
2.7549	49.7920
2.7633	50.9035
2.7718	50.9029
2.7802	52.4968
2.7886	50.5877
2.7970	53.8640
2.8055	53.4128
2.8139	57.4520
2.8223	58.9016
2.8307	61.1354
2.8392	62.6355
2.8476	66.2010
2.8560	70.4656
2.8644	70.6101
2.8729	71.8814
2.8813	70.1733
2.8897	64.5244
2.8981	58.8578
2.9066	56.5556
2.9150	54.9571
2.9234	51.1798
2.9318	47.7413
2.9403	46.0346
2.9487	44.1783
2.9571	43.4560
2.9655	45.7742
2.9740	46.4345
2.9824	46.5252
2.9908	44.5667
2.9992	43.5192
3.0077	42.6639
3.0161	41.1576
3.0245	40.6544
3.0329	40.9633
3.0414	39.5159
3.0498	38.1372
3.0582	38.6199
3.0666	39.0630
3.0751	37.2235
3.0835	37.6587
3.0919	37.3098
3.1003	37.5149
3.1088	37.0612
3.1172	38.2430
3.1256	36.0027
3.1340	37.5994
3.1425	38.7452
3.1509	38.9859
3.1593	38.3086
3.1677	41.3230
3.1762	41.8373
3.1846	41.1529
3.1930	41.9289
3.2014	43.8192
3.2099	49.2930
3.2183	57.9245
3.2267	73.8874
3.2351	91.8551
3.2436	115.9848
3.2520	118.1102
3.2604	103.7557
3.2688	87.7111
3.2773	76.5292
3.2857	72.2752
3.2941	74.1864
3.3025	75.3407
3.3110	75.0514
3.3194	75.3720
3.3278	79.4994
3.3362	81.5329
3.3447	82.1965
3.3531	82.2807
3.3615	82.9095
3.3699	83.6447
3.3784	86.8548
3.3868	88.4398
3.3952	88.6212
3.4036	86.6792
3.4121	88.3067
3.4205	88.7266
3.4289	89.3348
3.4373	89.2821
3.4458	90.3695
3.4542	92.6083
3.4626	89.9815
3.4710	89.4807
3.4795	89.4012
3.4879	88.7552
3.4963	86.6298
3.5047	87.2464
3.5132	87.0753
3.5216	84.9769
3.5300	84.1641
3.5384	84.2995
3.5469	84.3426
3.5553	83.5252
3.5637	80.3982
3.5721	82.5326
3.5806	82.5267
3.5890	79.3219
3.5974	79.8167
3.6058	81.1687
3.6143	80.7400
3.6227	79.6938
3.6311	80.8998
3.6395	79.3281
3.6480	79.8459
3.6564	81.6008
3.6648	86.7338
3.6732	85.6337
3.6817	82.4131
3.6901	81.9563
3.6985	80.3138
3.7069	82.5253
3.7154	80.5115
3.7238	80.8539
3.7322	81.8783
3.7406	78.6593
3.7491	76.5305
3.7575	74.6230
3.7659	76.6602
3.7743	76.5791
3.7828	72.2707
3.7912	68.3056
0.0000	58.9167
0.0084	60.8057
0.0168	60.0000
0.0253	60.1644
0.0337	61.0484
0.0421	61.2722
0.0505	61.7868
0.0590	63.8000
0.0674	64.0000
0.0758	64.1600
0.0842	65.0525
0.0927	65.5801
0.1011	66.9534
0.1095	67.2363
0.1179	69.7283
0.1264	68.4380
0.1348	69.4548
0.1432	69.3315
0.1516	69.2681
0.1601	72.1257
0.1685	73.3205
0.1769	75.8489
0.1853	74.8685
0.1938	74.2901
0.2022	75.2462
0.2106	75.0631
0.2190	75.1558
0.2275	76.0517
0.2359	76.7784
0.2443	80.6944
0.2527	79.3111
0.2612	81.1879
0.2696	82.3579
0.2780	84.4133
0.2864	82.8581
0.2949	84.1445
0.3033	85.9667
0.3117	88.3393
0.3201	87.2106
0.3286	85.5942
0.3370	84.4984
0.3454	87.5208
0.3538	87.6193
0.3623	91.3185
0.3707	90.1999
0.3791	91.4400
0.3875	91.1887
0.3960	90.6144
0.4044	90.5033
0.4128	89.5083
0.4212	91.2891
0.4297	95.5382
0.4381	95.7130
0.4465	96.1729
0.4549	94.8739
0.4634	96.8932
0.4718	97.6023
0.4802	98.7697
0.4886	100.5185
0.4971	104.1734
0.5055	105.2473
0.5139	103.7965
0.5223	103.3629
0.5308	102.4843
0.5392	101.0362
0.5476	103.0954
0.5560	107.7360
0.5645	113.2587
0.5729	113.6768
0.5813	118.1589
0.5897	113.8852
0.5982	112.7056
0.6066	110.2372
0.6150	108.8475
0.6234	112.1926
0.6319	118.5926
0.6403	126.8892
0.6487	126.4758
0.6571	128.6670
0.6656	127.0585
0.6740	124.5556
0.6824	120.3595
0.6908	115.4922
0.6993	111.1809
0.7077	111.8802
0.7161	117.9858
0.7245	120.8790
0.7330	128.0685
0.7414	128.5936
0.7498	124.6701
0.7582	121.3067
0.7667	114.0818
0.7751	108.0658
0.7835	99.9486
0.7919	98.2867
0.8004	102.2438
0.8088	105.9836
0.8172	110.1358
0.8256	113.5507
0.8341	112.3118
0.8425	110.1310
0.8509	101.7793
0.8593	101.0117
0.8678	93.2636
0.8762	90.4314
0.8846	85.6785
0.8930	86.9171
0.9015	89.6187
0.9099	93.0961
0.9183	94.2368
0.9267	93.6525
0.9352	92.1499
0.9436	86.9238
0.9520	83.1448
0.9604	76.6806
0.9689	73.0000
0.9773	72.0128
0.9857	71.6901
0.9941	73.3907
1.0026	72.3512
1.0110	76.4772
1.0194	76.6014
1.0278	76.1255
1.0363	73.7766
1.0447	73.0258
1.0531	67.5377
1.0615	64.6074
1.0700	59.7845
1.0784	61.2377
1.0868	59.7599
1.0952	61.8491
1.1037	61.6436
1.1121	60.4635
1.1205	60.3045
1.1289	64.2026
1.1374	60.9067
1.1458	59.5384
1.1542	58.0791
1.1626	56.7867
1.1711	55.6854
1.1795	52.9855
1.1879	52.6983
1.1963	51.0658
1.2048	50.9333
1.2132	51.8551
1.2216	50.9686
1.2300	50.0585
1.2385	50.8269
1.2469	48.3054
1.2553	52.8289
1.2637	49.9475
1.2722	49.9492
1.2806	49.1292
1.2890	49.8037
1.2974	50.1172
1.3059	50.0000
1.3143	49.9919
1.3227	49.9675
1.3311	52.6163
1.3395	52.5333
1.3480	51.5590
1.3564	51.8288
1.3648	53.1388
1.3732	51.6374
1.3817	55.5110
1.3901	55.0805
1.3985	55.3287
1.4069	55.0281
1.4154	55.7222
1.4238	57.6107
1.4322	57.3970
1.4406	57.4032
1.4491	58.8043
1.4575	61.0241
1.4659	59.0000
1.4743	58.9835
1.4828	58.5224
1.4912	59.0183
1.4996	59.6556
1.5080	62.9596
1.5165	58.9289
1.5249	56.7783
1.5333	55.2142
1.5417	55.5674
1.5502	54.0000
1.5586	53.9614
1.5670	52.6817
1.5754	53.4088
1.5839	54.6066
1.5923	51.2192
1.6007	54.7889
1.6091	54.8075
1.6176	57.5122
1.6260	56.3658
1.6344	56.4311
1.6428	58.1842
1.6513	58.5316
1.6597	59.1112
1.6681	57.5067
1.6765	57.4171
1.6850	56.2373
1.6934	54.0920
1.7018	54.9348
1.7102	51.0905
1.7187	49.0233
1.7271	48.9854
1.7355	48.9296
1.7439	46.0400
1.7524	45.0863
1.7608	45.0119
1.7692	45.9983
1.7776	45.7926
1.7861	44.1300
1.7945	46.0255
1.8029	48.8704
1.8113	50.8605
1.8198	53.9957
1.8282	53.4000
1.8366	54.4426
1.8450	57.2311
1.8535	57.2444
1.8619	56.2695
1.8703	57.7190
1.8787	58.2964
1.8872	56.3669
1.8956	55.6667
1.9040	56.0508
1.9124	54.3700
1.9209	53.3867
1.9293	49.6172
1.9377	48.2608
1.9461	48.9969
1.9546	46.0156
1.9630	43.4846
1.9714	45.4733
1.9798	45.4890
1.9883	43.4952
1.9967	43.4622
2.0051	43.5538
2.0135	43.0059
2.0220	43.2307
2.0304	44.1996
2.0388	44.4888
2.0472	42.0341
2.0557	42.3381
2.0641	45.3034
2.0725	44.3978
2.0809	42.4489
2.0894	44.6864
2.0978	43.0310
2.1062	43.5089
2.1146	41.7073
2.1231	42.6000
2.1315	42.9911
2.1399	43.0000
2.1483	44.2820
2.1568	45.2541
2.1652	50.3891
2.1736	48.3688
2.1820	53.6851
2.1905	55.7389
2.1989	58.9676
2.2073	57.1264
2.2157	61.8791
2.2242	59.0910
2.2326	61.8841
2.2410	61.0902
2.2494	63.9097
2.2579	63.0957
2.2663	65.9049
2.2747	64.0667
2.2831	64.1131
2.2916	65.5468
2.3000	67.9128
2.3084	66.7122
2.3168	71.4444
2.3253	71.2171
2.3337	75.3942
2.3421	75.7544
2.3505	78.6267
2.3590	80.2076
2.3674	85.2121
2.3758	92.3871
2.3842	94.9003
2.3927	98.2075
2.4011	103.7521
2.4095	103.2885
2.4179	104.7572
2.4264	100.2231
2.4348	99.0474
2.4432	90.9657
2.4516	88.3652
2.4601	82.8044
2.4685	75.3937
2.4769	73.5842
2.4853	66.9380
2.4938	63.6239
2.5022	60.1835
2.5106	57.0536
2.5190	54.3407
2.5275	51.1790
2.5359	49.5963
2.5443	46.5388
2.5527	46.0195
2.5612	46.6395
2.5696	45.6719
2.5780	43.4239
2.5864	44.2089
2.5949	42.8399
2.6033	43.9231
2.6117	43.5905
2.6201	44.5333
2.6285	44.8037
2.6370	47.9500
2.6454	51.8867
2.6538	57.0489
2.6622	63.4432
2.6707	73.9661
2.6791	86.0032
2.6875	92.5731
2.6959	98.5778
2.7044	95.3422
2.7128	96.8583
2.7212	95.1312
2.7296	91.1748
2.7381	87.1770
2.7465	85.0875
2.7549	78.3920
2.7633	74.4546
2.7718	72.7049
2.7802	67.6541
2.7886	66.3570
2.7970	62.7735
2.8055	62.5200
2.8139	61.1269
2.8223	58.6255
2.8307	56.9131
2.8392	56.9800
2.8476	51.7079
2.8560	49.4358
2.8644	45.3657
2.8729	43.1719
2.8813	41.4900
2.8897	38.9169
2.8981	38.9754
2.9066	37.8662
2.9150	36.7113
2.9234	35.1435
2.9318	33.9618
2.9403	34.8000
2.9487	34.0185
2.9571	33.0896
2.9655	34.3562
2.9740	33.6089
2.9824	33.5874
2.9908	33.5574
2.9992	33.5652
3.0077	32.0063
3.0161	33.2432
3.0245	32.4830
3.0329	32.9367
3.0414	33.5849
3.0498	33.6674
3.0582	34.5343
3.0666	34.3293
3.0751	33.8898
3.0835	35.5327
3.0919	33.9630
3.1003	34.5935
3.1088	34.5804
3.1172	34.5909
3.1256	34.9500
3.1340	34.8554
3.1425	35.8745
3.1509	36.0000
3.1593	34.3210
3.1677	35.6197
3.1762	37.6891
3.1846	40.4936
3.1930	39.1754
3.2014	40.7215
3.2099	43.6198
3.2183	43.1207
3.2267	48.2785
3.2351	59.4699
3.2436	75.2393
3.2520	107.1741
3.2604	137.9851
3.2688	141.4615
3.2773	123.3618
3.2857	103.4268
3.2941	90.7861
3.3025	86.8135
3.3110	85.0047
3.3194	86.0342
3.3278	88.8519
3.3362	91.2204
3.3447	95.5576
3.3531	97.0139
3.3615	94.5669
3.3699	99.8038
3.3784	101.2447
3.3868	100.1769
3.3952	102.2868
3.4036	101.6205
3.4121	105.2133
3.4205	108.9252
3.4289	108.3074
3.4373	106.7589
3.4458	106.5869
3.4542	105.1861
3.4626	105.4413
3.4710	107.2529
3.4795	107.0747
3.4879	103.0841
3.4963	102.7988
3.5047	102.2668
3.5132	99.7957
3.5216	96.8074
3.5300	94.3394
3.5384	93.7053
3.5469	92.5531
3.5553	90.1510
3.5637	86.9140
3.5721	86.3015
3.5806	84.9657
3.5890	83.2882
3.5974	81.1226
3.6058	80.1191
3.6143	77.6156
3.6227	78.8327
3.6311	78.3184
3.6395	75.9556
3.6480	76.5596
3.6564	74.7002
3.6648	76.7249
3.6732	73.6476
3.6817	73.1848
3.6901	73.0238
3.6985	75.4895
3.7069	75.9957
3.7154	74.2955
3.7238	73.1510
3.7322	73.0000
3.7406	70.6486
3.7491	73.9522
3.7575	77.7039
3.7659	68.0048
3.7743	62.0473
3.7828	62.0085
3.7912	60.3611
0.0000	37.9167
0.0084	37.5170
0.0168	37.6110
0.0253	37.9832
0.0337	37.6554
0.0421	36.5046
0.0505	36.7976
0.0590	37.5193
0.0674	35.8881
0.0758	36.7424
0.0842	37.0018
0.0927	37.6566
0.1011	40.7088
0.1095	39.7644
0.1179	40.5843
0.1264	39.9620
0.1348	39.5334
0.1432	37.8698
0.1516	36.0296
0.1601	36.4815
0.1685	38.1593
0.1769	38.2289
0.1853	38.5618
0.1938	37.8006
0.2022	39.7736
0.2106	39.0000
0.2190	38.7136
0.2275	36.8933
0.2359	36.1722
0.2443	37.7326
0.2527	41.2541
0.2612	37.0764
0.2696	36.9022
0.2780	36.7114
0.2864	40.3088
0.2949	38.8457
0.3033	38.4308
0.3117	41.4789
0.3201	40.0684
0.3286	41.0195
0.3370	39.0000
0.3454	39.1914
0.3538	40.3826
0.3623	40.6289
0.3707	40.8809
0.3791	38.5956
0.3875	38.9624
0.3960	38.7786
0.4044	39.3594
0.4128	39.6696
0.4212	39.6509
0.4297	39.3711
0.4381	40.0881
0.4465	39.6997
0.4549	40.4403
0.4634	40.4921
0.4718	40.3302
0.4802	42.1475
0.4886	38.9604
0.4971	38.8041
0.5055	40.9806
0.5139	40.3618
0.5223	39.1798
0.5308	39.7024
0.5392	39.5904
0.5476	39.6329
0.5560	39.8440
0.5645	39.7585
0.5729	40.5819
0.5813	39.8439
0.5897	38.7739
0.5982	40.0000
0.6066	39.7937
0.6150	38.3177
0.6234	38.9417
0.6319	38.4815
0.6403	38.8175
0.6487	39.0000
0.6571	38.8538
0.6656	37.8500
0.6740	39.2297
0.6824	39.9616
0.6908	39.5229
0.6993	38.0169
0.7077	37.5102
0.7161	39.0519
0.7245	39.7593
0.7330	38.2925
0.7414	40.6963
0.7498	38.1966
0.7582	39.9100
0.7667	39.9900
0.7751	39.8652
0.7835	39.6603
0.7919	38.2956
0.8004	40.3618
0.8088	42.3326
0.8172	39.7671
0.8256	38.9219
0.8341	38.2452
0.8425	38.7037
0.8509	37.8914
0.8593	38.7917
0.8678	36.9222
0.8762	38.4950
0.8846	37.9743
0.8930	37.8092
0.9015	39.0000
0.9099	38.9705
0.9183	38.5631
0.9267	37.7163
0.9352	37.3067
0.9436	36.5602
0.9520	38.1697
0.9604	37.0727
0.9689	37.9119
0.9773	37.8706
0.9857	37.5744
0.9941	38.3311
1.0026	36.5882
1.0110	37.7486
1.0194	35.8501
1.0278	36.9237
1.0363	36.0611
1.0447	36.8375
1.0531	37.6845
1.0615	38.2497
1.0700	37.0881
1.0784	38.2606
1.0868	36.9563
1.0952	37.6207
1.1037	38.1798
1.1121	36.9830
1.1205	36.7225
1.1289	36.9619
1.1374	36.5067
1.1458	37.9582
1.1542	37.3862
1.1626	38.1393
1.1711	38.0000
1.1795	38.0072
1.1879	38.1417
1.1963	38.7919
1.2048	38.0560
1.2132	37.9017
1.2216	37.1133
1.2300	37.9867
1.2385	38.0037
1.2469	37.8466
1.2553	36.0883
1.2637	36.9568
1.2722	38.1332
1.2806	37.9152
1.2890	37.8628
1.2974	35.5545
1.3059	36.5478
1.3143	36.0430
1.3227	36.7748
1.3311	35.8673
1.3395	37.0000
1.3480	36.9301
1.3564	35.5256
1.3648	35.6952
1.3732	34.9053
1.3817	36.3613
1.3901	35.3723
1.3985	36.5694
1.4069	34.4444
1.4154	36.5803
1.4238	35.3087
1.4322	36.7619
1.4406	35.6432
1.4491	36.9160
1.4575	34.8989
1.4659	35.0405
1.4743	36.0508
1.4828	36.4021
1.4912	34.0722
1.4996	36.0675
1.5080	36.2479
1.5165	37.6956
1.5249	37.4995
1.5333	35.0254
1.5417	35.6903
1.5502	33.4230
1.5586	35.3436
1.5670	36.6398
1.5754	35.6579
1.5839	36.6400
1.5923	34.4549
1.6007	34.9741
1.6091	34.0632
1.6176	36.4933
1.6260	34.5540
1.6344	33.5525
1.6428	32.1960
1.6513	33.0575
1.6597	35.6504
1.6681	32.8092
1.6765	35.8711
1.6850	34.9612
1.6934	37.7996
1.7018	35.0234
1.7102	33.0312
1.7187	34.9659
1.7271	35.9707
1.7355	35.9994
1.7439	37.9474
1.7524	37.9737
1.7608	35.8800
1.7692	35.9675
1.7776	33.0948
1.7861	33.1108
1.7945	33.0077
1.8029	33.8610
1.8113	34.6617
1.8198	33.0024
1.8282	33.3858
1.8366	32.0022
1.8450	32.4680
1.8535	33.7444
1.8619	31.7378
1.8703	32.7168
1.8787	32.2999
1.8872	32.6837
1.8956	32.6667
1.9040	33.3498
1.9124	31.3704
1.9209	33.6106
1.9293	33.5985
1.9377	33.9985
1.9461	33.0044
1.9546	32.5498
1.9630	33.4641
1.9714	33.4867
1.9798	32.0111
1.9883	33.0330
1.9967	32.9258
2.0051	31.5677
2.0135	32.9852
2.0220	32.4177
2.0304	32.7835
2.0388	32.9969
2.0472	31.3819
2.0557	33.6245
2.0641	32.0248
2.0725	31.3196
2.0809	31.9885
2.0894	33.6958
2.0978	33.0132
2.1062	32.7637
2.1146	31.4730
2.1231	32.7657
2.1315	31.6454
2.1399	34.1185
2.1483	32.3521
2.1568	34.5315
2.1652	32.1811
2.1736	31.7988
2.1820	33.9452
2.1905	32.1204
2.1989	33.7924
2.2073	32.0518
2.2157	33.9250
2.2242	33.0267
2.2326	32.0431
2.2410	32.9088
2.2494	31.0592
2.2579	34.8088
2.2663	33.1427
2.2747	32.8100
2.2831	33.8449
2.2916	33.8659
2.3000	33.1759
2.3084	33.0061
2.3168	33.6063
2.3253	32.2549
2.3337	33.5098
2.3421	33.0207
2.3505	34.1904
2.3590	33.3078
2.3674	33.8384
2.3758	30.9570
2.3842	34.1757
2.3927	34.6474
2.4011	34.3047
2.4095	33.6558
2.4179	33.3998
2.4264	33.0190
2.4348	32.5964
2.4432	32.0269
2.4516	32.1606
2.4601	32.0529
2.4685	31.0667
2.4769	30.9991
2.4853	31.4987
2.4938	31.9760
2.5022	32.9467
2.5106	33.0000
2.5190	32.4385
2.5275	31.8117
2.5359	31.8765
2.5443	32.9393
2.5527	33.0000
2.5612	32.3605
2.5696	33.2444
2.5780	33.4183
2.5864	31.4027
2.5949	32.1911
2.6033	32.2356
2.6117	32.0138
2.6201	32.1886
2.6285	32.3570
2.6370	35.2916
2.6454	35.5489
2.6538	36.0978
2.6622	37.5477
2.6707	37.0479
2.6791	38.0842
2.6875	38.8788
2.6959	37.2269
2.7044	37.8755
2.7128	37.9849
2.7212	37.9973
2.7296	36.1081
2.7381	35.0686
2.7465	34.1749
2.7549	35.8596
2.7633	34.9949
2.7718	33.2431
2.7802	34.0444
2.7886	33.6028
2.7970	33.1935
2.8055	35.2955
2.8139	35.5596
2.8223	32.8667
2.8307	32.3552
2.8392	33.1613
2.8476	32.1053
2.8560	34.9990
2.8644	33.8424
2.8729	32.9943
2.8813	32.9983
2.8897	32.3727
2.8981	31.1127
2.9066	33.0449
2.9150	31.5575
2.9234	32.3215
2.9318	33.5963
2.9403	32.2509
2.9487	32.0741
2.9571	31.5685
2.9655	33.3094
2.9740	33.0487
2.9824	32.0956
2.9908	33.0778
2.9992	32.1223
3.0077	33.0506
3.0161	33.3808
3.0245	34.1483
3.0329	34.5067
3.0414	32.8909
3.0498	32.9660
3.0582	33.2833
3.0666	34.1956
3.0751	35.1778
3.0835	33.9470
3.0919	34.6463
3.1003	35.6637
3.1088	36.4894
3.1172	36.6074
3.1256	37.5333
3.1340	35.7488
3.1425	37.7330
3.1509	38.2280
3.1593	37.2346
3.1677	40.3960
3.1762	38.5255
3.1846	41.5671
3.1930	45.5437
3.2014	49.4719
3.2099	52.6581
3.2183	64.4891
3.2267	86.2192
3.2351	119.7834
3.2436	135.5497
3.2520	130.6514
3.2604	103.4843
3.2688	82.3044
3.2773	71.8540
3.2857	67.4536
3.2941	67.1416
3.3025	65.8329
3.3110	66.9981
3.3194	67.2126
3.3278	69.1785
3.3362	71.7058
3.3447	70.1930
3.3531	68.2405
3.3615	69.7422
3.3699	71.1444
3.3784	70.4622
3.3868	71.7430
3.3952	72.2199
3.4036	72.7693
3.4121	70.8933
3.4205	72.3148
3.4289	71.5867
3.4373	71.5356
3.4458	73.6636
3.4542	73.6069
3.4626	73.9302
3.4710	76.1039
3.4795	75.0688
3.4879	76.0136
3.4963	75.1804
3.5047	78.2299
3.5132	80.0104
3.5216	80.6835
3.5300	82.5282
3.5384	84.9677
3.5469	85.0501
3.5553	84.4110
3.5637	88.4576
3.5721	92.1903
3.5806	92.7723
3.5890	92.1082
3.5974	95.3171
3.6058	99.5156
3.6143	102.0956
3.6227	103.9165
3.6311	113.6606
3.6395	113.4757
3.6480	120.6108
3.6564	126.9816
3.6648	131.4390
3.6732	138.6396
3.6817	145.0868
3.6901	152.8710
3.6985	160.8672
3.7069	168.7394
3.7154	180.8667
3.7238	188.0925
3.7322	198.1274
3.7406	205.7251
3.7491	217.0179
3.7575	220.3306
3.7659	229.8510
3.7743	227.3682
3.7828	237.1523
3.7912	245.2778
0.0000	69.5833
0.0084	70.4120
0.0168	72.5429
0.0253	73.1360
0.0337	74.7160
0.0421	76.5037
0.0505	75.5090
0.0590	79.3652
0.0674	80.5717
0.0758	81.5408
0.0842	84.1161
0.0927	84.8459
0.1011	86.0954
0.1095	88.2969
0.1179	89.6895
0.1264	92.0760
0.1348	92.9685
0.1432	95.9761
0.1516	96.9060
0.1601	96.8285
0.1685	99.9227
0.1769	102.3800
0.1853	103.7499
0.1938	104.3809
0.2022	108.5366
0.2106	109.2853
0.2190	111.2462
0.2275	113.1643
0.2359	113.9297
0.2443	113.7556
0.2527	118.1048
0.2612	119.9737
0.2696	126.0461
0.2780	126.9821
0.2864	128.1078
0.2949	128.5975
0.3033	128.9591
0.3117	136.2415
0.3201	140.6458
0.3286	139.6463
0.3370	140.0799
0.3454	137.9063
0.3538	136.3289
0.3623	138.9311
0.3707	140.2381
0.3791	145.4267
0.3875	148.4893
0.3960	150.6993
0.4044	149.9728
0.4128	144.8603
0.4212	142.1979
0.4297	146.7565
0.4381	154.2266
0.4465	162.5650
0.4549	169.5071
0.4634	171.2953
0.4718	166.9212
0.4802	161.6582
0.4886	161.6640
0.4971	167.6545
0.5055	176.9778
0.5139	184.9063
0.5223	191.0415
0.5308	187.6987
0.5392	182.8402
0.5476	171.8986
0.5560	170.1830
0.5645	173.5294
0.5729	183.5653
0.5813	198.3828
0.5897	204.3797
0.5982	206.4624
0.6066	198.4604
0.6150	185.7001
0.6234	174.4295
0.6319	168.1111
0.6403	169.3793
0.6487	173.6803
0.6571	185.9882
0.6656	197.0496
0.6740	199.6336
0.6824	194.7029
0.6908	177.3090
0.6993	166.1428
0.7077	149.4256
0.7161	141.9124
0.7245	140.8733
0.7330	147.4915
0.7414	153.2165
0.7498	163.4928
0.7582	159.4733
0.7667	154.0428
0.7751	143.6896
0.7835	132.2146
0.7919	124.7449
0.8004	115.7738
0.8088	114.6463
0.8172	114.0001
0.8256	115.9473
0.8341	120.6533
0.8425	125.2569
0.8509	125.0827
0.8593	118.6911
0.8678	112.5957
0.8762	105.0098
0.8846	96.2035
0.8930	90.9461
0.9015	90.2639
0.9099	89.8305
0.9183	95.1412
0.9267	96.9133
0.9352	99.9486
0.9436	99.0733
0.9520	94.9026
0.9604	88.8649
0.9689	84.8437
0.9773	82.6399
0.9857	77.8795
0.9941	76.4666
1.0026	76.0560
1.0110	78.0778
1.0194	79.1541
1.0278	81.0965
1.0363	82.1378
1.0447	81.0294
1.0531	79.1207
1.0615	75.9096
1.0700	74.5350
1.0784	72.7037
1.0868	72.7156
1.0952	69.1006
1.1037	70.3618
1.1121	68.9141
1.1205	67.8226
1.1289	69.6070
1.1374	71.9600
1.1458	71.2895
1.1542	68.9892
1.1626	68.6509
1.1711	65.6474
1.1795	65.4293
1.1879	63.8667
1.1963	64.7205
1.2048	62.9932
1.2132	63.9151
1.2216	64.1464
1.2300	65.9985
1.2385	65.8763
1.2469	64.2447
1.2553	68.1118
1.2637	71.7747
1.2722	69.6805
1.2806	67.9596
1.2890	68.7924
1.2974	68.9289
1.3059	69.8520
1.3143	69.7248
1.3227	70.6340
1.3311	73.0176
1.3395	77.7809
1.3480	77.5280
1.3564	77.2751
1.3648	78.5545
1.3732	79.4226
1.3817	82.5474
1.3901	85.2830
1.3985	83.5181
1.4069	87.9245
1.4154	87.1674
1.4238	89.0257
1.4322	89.5707
1.4406	88.9205
1.4491	91.0722
1.4575	89.6907
1.4659	95.6953
1.4743	96.0919
1.4828	96.4497
1.4912	95.1539
1.4996	98.2748
1.5080	92.8581
1.5165	91.7189
1.5249	92.2723
1.5333	90.3165
1.5417	87.8222
1.5502	86.8273
1.5586	84.2876
1.5670	82.2607
1.5754	79.7213
1.5839	80.9267
1.5923	82.1776
1.6007	84.3735
1.6091	88.5360
1.6176	90.3756
1.6260	96.3016
1.6344	100.0549
1.6428	102.3412
1.6513	101.7373
1.6597	106.1082
1.6681	104.6692
1.6765	100.8176
1.6850	97.1043
1.6934	97.6556
1.7018	91.0659
1.7102	88.0015
1.7187	82.9867
1.7271	78.9405
1.7355	73.9440
1.7439	70.0252
1.7524	67.8995
1.7608	66.7962
1.7692	65.0085
1.7776	65.7328
1.7861	67.4923
1.7945	72.1822
1.8029	78.2250
1.8113	87.9073
1.8198	97.4619
1.8282	112.6616
1.8366	122.0311
1.8450	127.9945
1.8535	126.7760
1.8619	133.1419
1.8703	132.5721
1.8787	136.0030
1.8872	137.9987
1.8956	136.3333
1.9040	132.3534
1.9124	130.7372
1.9209	116.8000
1.9293	107.0217
1.9377	96.0404
1.9461	88.5975
1.9546	83.1231
1.9630	76.9152
1.9714	73.0528
1.9798	68.5296
1.9883	66.5778
1.9967	64.9395
2.0051	64.0086
2.0135	65.1318
2.0220	65.0020
2.0304	64.2212
2.0388	65.4762
2.0472	65.6389
2.0557	65.3189
2.0641	66.3333
2.0725	62.3723
2.0809	67.4552
2.0894	64.0618
2.0978	64.0000
2.1062	61.5281
2.1146	61.0086
2.1231	62.3851
2.1315	62.6157
2.1399	60.2259
2.1483	64.0667
2.1568	63.5675
2.1652	68.0116
2.1736	71.9048
2.1820	76.9593
2.1905	80.0611
2.1989	84.9214
2.2073	91.6679
2.2157	92.8948
2.2242	94.9398
2.2326	97.9978
2.2410	94.3744
2.2494	99.8729
2.2579	99.8106
2.2663	97.2502
2.2747	97.7800
2.2831	95.7210
2.2916	95.1502
2.3000	97.2257
2.3084	97.6604
2.3168	99.3100
2.3253	101.9019
2.3337	107.9797
2.3421	109.6511
2.3505	113.3440
2.3590	121.3145
2.3674	126.3669
2.3758	137.1444
2.3842	146.0167
2.3927	158.0918
2.4011	161.2291
2.4095	159.5754
2.4179	157.4398
2.4264	154.1288
2.4348	146.9226
2.4432	142.7518
2.4516	135.2884
2.4601	123.0461
2.4685	113.9444
2.4769	99.7584
2.4853	91.2700
2.4938	83.5700
2.5022	74.3792
2.5106	69.9536
2.5190	64.5228
2.5275	59.1296
2.5359	55.9205
2.5443	53.7022
2.5527	51.7770
2.5612	51.3417
2.5696	50.6487
2.5780	48.5617
2.5864	48.0949
2.5949	48.9392
2.6033	49.9920
2.6117	49.2757
2.6201	49.5788
2.6285	56.3475
2.6370	56.0543
2.6454	58.0086
2.6538	65.2267
2.6622	75.2018
2.6707	88.2923
2.6791	109.4192
2.6875	131.0391
2.6959	141.4772
2.7044	159.5110
2.7128	160.1060
2.7212	155.3680
2.7296	146.6444
2.7381	141.4019
2.7465	130.9271
2.7549	123.6054
2.7633	109.3140
2.7718	98.7866
2.7802	87.1588
2.7886	79.8281
2.7970	77.8162
2.8055	71.2133
2.8139	68.6057
2.8223	67.3028
2.8307	62.6356
2.8392	58.1304
2.8476	54.5501
2.8560	52.0335
2.8644	49.5128
2.8729	47.5465
2.8813	45.2034
2.8897	42.5475
2.8981	40.2008
2.9066	38.5220
2.9150	36.4062
2.9234	36.9256
2.9318	37.3898
2.9403	34.3165
2.9487	35.8148
2.9571	34.6581
2.9655	34.9479
2.9740	33.6831
2.9824	31.7282
2.9908	32.5389
2.9992	33.8734
3.0077	33.6231
3.0161	33.4203
3.0245	33.3837
3.0329	33.6067
3.0414	32.7511
3.0498	32.6654
3.0582	33.5768
3.0666	35.7633
3.0751	33.8157
3.0835	32.3965
3.0919	32.4688
3.1003	32.6667
3.1088	34.0455
3.1172	35.2806
3.1256	34.5704
3.1340	33.4539
3.1425	33.5489
3.1509	33.1706
3.1593	33.3086
3.1677	34.9750
3.1762	36.8605
3.1846	36.9004
3.1930	36.1423
3.2014	36.0489
3.2099	39.5241
3.2183	39.1207
3.2267	42.4903
3.2351	43.9840
3.2436	42.4671
3.2520	47.4552
3.2604	54.4288
3.2688	72.3282
3.2773	100.4484
3.2857	126.4418
3.2941	132.7132
3.3025	123.0700
3.3110	113.1958
3.3194	111.6280
3.3278	111.8709
3.3362	116.5920
3.3447	121.8020
3.3531	126.0635
3.3615	133.7394
3.3699	143.1704
3.3784	143.7520
3.3868	147.6580
3.3952	154.6500
3.4036	164.3650
3.4121	164.7333
3.4205	167.9729
3.4289	173.4726
3.4373	174.0265
3.4458	175.7274
3.4542	177.7259
3.4626	174.5511
3.4710	178.2742
3.4795	172.1664
3.4879	172.5515
3.4963	170.0134
3.5047	168.1705
3.5132	164.3929
3.5216	154.0052
3.5300	149.9575
3.5384	138.8517
3.5469	128.9938
3.5553	123.0752
3.5637	115.8194
3.5721	105.4349
3.5806	100.0864
3.5890	92.4787
3.5974	85.4641
3.6058	79.2839
3.6143	77.9022
3.6227	74.1381
3.6311	72.1002
3.6395	71.2673
3.6480	71.0404
3.6564	71.0895
3.6648	70.9388
3.6732	71.9537
3.6817	73.5645
3.6901	73.1399
3.6985	73.8240
3.7069	81.5536
3.7154	80.4203
3.7238	75.0469
3.7322	75.0281
3.7406	78.3929
3.7491	79.9734
3.7575	77.5234
3.7659	82.5592
3.7743	79.1468
3.7828	79.8426
3.7912	81.1389
0.0000	71.4167
0.0084	71.4921
0.0168	74.1196
0.0253	75.1592
0.0337	76.1090
0.0421	79.5297
0.0505	79.4532
0.0590	81.2459
0.0674	83.4059
0.0758	82.4379
0.0842	86.0129
0.0927	84.5829
0.1011	85.9267
0.1095	87.5402
0.1179	89.5230
0.1264	89.7274
0.1348	91.4212
0.1432	92.9022
0.1516	91.0696
0.1601	90.8104
0.1685	93.0632
0.1769	91.5259
0.1853	91.3068
0.1938	91.3264
0.2022	90.3889
0.2106	92.6447
0.2190	95.5260
0.2275	93.0859
0.2359	92.9230
0.2443	91.7300
0.2527	90.4793
0.2612	92.8241
0.2696	92.1891
0.2780	93.9644
0.2864	94.4283
0.2949	91.8172
0.3033	91.4165
0.3117	91.9423
0.3201	92.3810
0.3286	91.5169
0.3370	89.0804
0.3454	91.9675
0.3538	88.7610
0.3623	86.5919
0.3707	90.6845
0.3791	90.9244
0.3875	94.9392
0.3960	93.5351
0.4044	92.7428
0.4128	90.0968
0.4212	86.6879
0.4297	89.2937
0.4381	92.6205
0.4465	96.9946
0.4549	98.3732
0.4634	98.7206
0.4718	98.5366
0.4802	95.9653
0.4886	92.6877
0.4971	98.1510
0.5055	103.1026
0.5139	105.1337
0.5223	109.7321
0.5308	107.2139
0.5392	102.4096
0.5476	101.7069
0.5560	96.8307
0.5645	99.2109
0.5729	106.0414
0.5813	109.8935
0.5897	116.4312
0.5982	117.1764
0.6066	114.6961
0.6150	109.6970
0.6234	104.8771
0.6319	99.6667
0.6403	99.0411
0.6487	101.7418
0.6571	108.4990
0.6656	110.4159
0.6740	113.4775
0.6824	109.8688
0.6908	105.9794
0.6993	98.3587
0.7077	91.5183
0.7161	86.6526
0.7245	91.0681
0.7330	92.0863
0.7414	93.1018
0.7498	94.2487
0.7582	95.9700
0.7667	94.6548
0.7751	89.5779
0.7835	83.0737
0.7919	76.2857
0.8004	77.8923
0.8088	76.6733
0.8172	75.1029
0.8256	77.7893
0.8341	80.6615
0.8425	80.9263
0.8509	79.6494
0.8593	73.8394
0.8678	71.7799
0.8762	66.5762
0.8846	62.5674
0.8930	65.3073
0.9015	64.2896
0.9099	63.7639
0.9183	68.0098
0.9267	67.6725
0.9352	70.5880
0.9436	67.9317
0.9520	67.0066
0.9604	65.0311
0.9689	60.3977
0.9773	59.5686
0.9857	58.8805
0.9941	57.5705
1.0026	58.6473
1.0110	59.8910
1.0194	57.7493
1.0278	59.8796
1.0363	58.4961
1.0447	59.6123
1.0531	60.0549
1.0615	55.9564
1.0700	54.6888
1.0784	54.9149
1.0868	54.3674
1.0952	54.0706
1.1037	55.0584
1.1121	54.3156
1.1205	55.2731
1.1289	54.8770
1.1374	54.9733
1.1458	54.4468
1.1542	53.0000
1.1626	52.8163
1.1711	50.1872
1.1795	50.8596
1.1879	48.6482
1.1963	46.1807
1.2048	45.3656
1.2132	48.0495
1.2216	47.9965
1.2300	47.0593
1.2385	48.0617
1.2469	49.0356
1.2553	50.1260
1.2637	52.6759
1.2722	49.9492
1.2806	49.0848
1.2890	49.0000
1.2974	49.0195
1.3059	49.3857
1.3143	48.5822
1.3227	46.7599
1.3311	48.7776
1.3395	48.2067
1.3480	48.1507
1.3564	49.1956
1.3648	48.3636
1.3732	50.4919
1.3817	51.3800
1.3901	50.6889
1.3985	50.6425
1.4069	50.0000
1.4154	50.0575
1.4238	51.2906
1.4322	49.2397
1.4406	50.0704
1.4491	51.6980
1.4575	51.4940
1.4659	52.5662
1.4743	51.5377
1.4828	52.0214
1.4912	52.4300
1.4996	53.4326
1.5080	52.4283
1.5165	51.7422
1.5249	51.9729
1.5333	51.2269
1.5417	52.0000
1.5502	51.9200
1.5586	49.3765
1.5670	50.2894
1.5754	48.6861
1.5839	50.7000
1.5923	50.6443
1.6007	53.7439
1.6091	53.9496
1.6176	52.1166
1.6260	56.7508
1.6344	55.2038
1.6428	55.5516
1.6513	56.3506
1.6597	57.6356
1.6681	54.0549
1.6765	56.7443
1.6850	54.8738
1.6934	53.0236
1.7018	50.1170
1.7102	50.0348
1.7187	47.0726
1.7271	47.0072
1.7355	46.9956
1.7439	45.9611
1.7524	41.2098
1.7608	43.9400
1.7692	43.9760
1.7776	41.8499
1.7861	45.5462
1.7945	44.8912
1.8029	47.1680
1.8113	49.8655
1.8198	53.6576
1.8282	56.2129
1.8366	56.4404
1.8450	58.7689
1.8535	58.7565
1.8619	59.9402
1.8703	60.2838
1.8787	61.0021
1.8872	62.3664
1.8956	61.0000
1.9040	59.0526
1.9124	55.0061
1.9209	53.2350
1.9293	52.2000
1.9377	49.0117
1.9461	48.0044
1.9546	47.0052
1.9630	47.0000
1.9714	45.0133
1.9798	43.5001
1.9883	43.0036
1.9967	41.4759
2.0051	43.4259
2.0135	40.6015
2.0220	42.9732
2.0304	44.5869
2.0388	45.2381
2.0472	46.0693
2.0557	45.3811
2.0641	46.6538
2.0725	44.2738
2.0809	45.1088
2.0894	42.5944
2.0978	41.0269
2.1062	42.2541
2.1146	42.1095
2.1231	42.5784
2.1315	41.8272
2.1399	42.8059
2.1483	39.6938
2.1568	44.1686
2.1652	45.1007
2.1736	48.9048
2.1820	53.6185
2.1905	56.7797
2.1989	55.9719
2.2073	57.0422
2.2157	60.8136
2.2242	60.0308
2.2326	61.8981
2.2410	59.1809
2.2494	62.0060
2.2579	64.7172
2.2663	64.8314
2.2747	62.1900
2.2831	60.2982
2.2916	62.6461
2.3000	61.3518
2.3084	61.3363
2.3168	63.7243
2.3253	63.7978
2.3337	66.8760
2.3421	68.1878
2.3505	69.6997
2.3590	73.0513
2.3674	76.1568
2.3758	78.1370
2.3842	86.0103
2.3927	91.4282
2.4011	92.2602
2.4095	94.5202
2.4179	95.1432
2.4264	93.4913
2.4348	86.7556
2.4432	86.7792
2.4516	80.8438
2.4601	76.2246
2.4685	73.1356
2.4769	67.3076
2.4853	62.1609
2.4938	59.2301
2.5022	55.7499
2.5106	48.1554
2.5190	46.3035
2.5275	44.3302
2.5359	42.3689
2.5443	43.2941
2.5527	40.5237
2.5612	42.2371
2.5696	39.4867
2.5780	41.8372
2.5864	39.8682
2.5949	39.9845
2.6033	39.2831
2.6117	41.0058
2.6201	43.4440
2.6285	42.8681
2.6370	43.1456
2.6454	45.2994
2.6538	49.0089
2.6622	55.6523
2.6707	64.7634
2.6791	75.4180
2.6875	86.2431
2.6959	92.6225
2.7044	102.2622
2.7128	101.1688
2.7212	96.3792
2.7296	96.0088
2.7381	90.4787
2.7465	88.9288
2.7549	78.8807
2.7633	70.8614
2.7718	64.4865
2.7802	60.1984
2.7886	56.4315
2.7970	53.1063
2.8055	51.3056
2.8139	50.0961
2.8223	46.8974
2.8307	46.2614
2.8392	46.7156
2.8476	42.6338
2.8560	42.6865
2.8644	42.1721
2.8729	39.8949
2.8813	37.5483
2.8897	37.3126
2.8981	36.6956
2.9066	36.2780
2.9150	35.1085
2.9234	31.2011
2.9318	32.4150
2.9403	32.0509
2.9487	32.4873
2.9571	31.5771
2.9655	31.0414
2.9740	29.5812
2.9824	31.2659
2.9908	31.2176
2.9992	31.4179
3.0077	32.3200
3.0161	32.0395
3.0245	29.9890
3.0329	31.1133
3.0414	35.4387
3.0498	31.5099
3.0582	32.1865
3.0666	31.4015
3.0751	30.7769
3.0835	32.5267
3.0919	34.7636
3.1003	35.4821
3.1088	32.3812
3.1172	31.4578
3.1256	30.4667
3.1340	31.0710
3.1425	30.6426
3.1509	32.7255
3.1593	32.0123
3.1677	32.9612
3.1762	33.0770
3.1846	33.7871
3.1930	34.8381
3.2014	33.2496
3.2099	35.6544
3.2183	37.7305
3.2267	35.3586
3.2351	35.8127
3.2436	35.2089
3.2520	35.9661
3.2604	36.8091
3.2688	38.6481
3.2773	44.4795
3.2857	56.4464
3.2941	84.0279
3.3025	103.1034
3.3110	102.3810
3.3194	96.0702
3.3278	87.2917
3.3362	87.1300
3.3447	83.1239
3.3531	82.6990
3.3615	86.8913
3.3699	89.6180
3.3784	92.0311
3.3868	95.5152
3.3952	95.2167
3.4036	98.1572
3.4121	101.3733
3.4205	103.7210
3.4289	102.6119
3.4373	102.2088
3.4458	105.1229
3.4542	106.4585
3.4626	111.6616
3.4710	108.0963
3.4795	109.1650
3.4879	107.8184
3.4963	104.5025
3.5047	105.8671
3.5132	101.9200
3.5216	100.9186
3.5300	97.7276
3.5384	94.2073
3.5469	92.2251
3.5553	88.8387
3.5637	86.2340
3.5721	82.8000
3.5806	79.9246
3.5890	80.3620
3.5974	75.8304
3.6058	73.1239
3.6143	72.1222
3.6227	68.0545
3.6311	67.3141
3.6395	66.4333
3.6480	66.0379
3.6564	65.1548
3.6648	66.0696
3.6732	65.2506
3.6817	65.9902
3.6901	66.9874
3.6985	68.7136
3.7069	70.6758
3.7154	69.3445
3.7238	70.7393
3.7322	70.2165
3.7406	70.7942
3.7491	70.8503
3.7575	70.2138
3.7659	73.0716
3.7743	68.8147
3.7828	66.1822
3.7912	66.2500
0.0000	52.4167
0.0084	52.4694
0.0168	55.2309
0.0253	56.4373
0.0337	57.4924
0.0421	60.5093
0.0505	59.1933
0.0590	59.6037
0.0674	62.1169
0.0758	62.7979
0.0842	63.0111
0.0927	61.7287
0.1011	64.2022
0.1095	66.1317
0.1179	67.4259
0.1264	66.0667
0.1348	68.2583
0.1432	71.0200
0.1516	72.3363
0.1601	74.2751
0.1685	75.3514
0.1769	78.2882
0.1853	78.1000
0.1938	77.9644
0.2022	82.6153
0.2106	85.1674
0.2190	86.1003
0.2275	87.7184
0.2359	86.9148
0.2443	91.8557
0.2527	91.4349
0.2612	94.7143
0.2696	98.4301
0.2780	96.9286
0.2864	97.8269
0.2949	101.4531
0.3033	104.9927
0.3117	106.5425
0.3201	107.8463
0.3286	110.7369
0.3370	111.9926
0.3454	111.9984
0.3538	116.3365
0.3623	120.3242
0.3707	120.6335
0.3791	121.2089
0.3875	120.2680
0.3960	125.1530
0.4044	126.8528
0.4128	127.3348
0.4212	131.9328
0.4297	132.8232
0.4381	136.8089
0.4465	143.5532
0.4549	144.0063
0.4634	139.8941
0.4718	133.9000
0.4802	131.7668
0.4886	136.4166
0.4971	139.7265
0.5055	141.2049
0.5139	140.0902
0.5223	136.2919
0.5308	131.7131
0.5392	124.7458
0.5476	127.6352
0.5560	131.6674
0.5645	136.2934
0.5729	140.9677
0.5813	142.5016
0.5897	135.5760
0.5982	131.2306
0.6066	122.7839
0.6150	121.3313
0.6234	123.7875
0.6319	124.5802
0.6403	129.4033
0.6487	131.0141
0.6571	130.7315
0.6656	127.3107
0.6740	117.7078
0.6824	110.9584
0.6908	102.8772
0.6993	100.3924
0.7077	103.0901
0.7161	103.9946
0.7245	105.5205
0.7330	110.6792
0.7414	107.4932
0.7498	101.7651
0.7582	90.5667
0.7667	85.9815
0.7751	84.4645
0.7835	80.7549
0.7919	80.7970
0.8004	80.7972
0.8088	81.7267
0.8172	86.8642
0.8256	83.3393
0.8341	82.7959
0.8425	76.6670
0.8509	71.4117
0.8593	70.9317
0.8678	69.1126
0.8762	63.0214
0.8846	66.0770
0.8930	67.1428
0.9015	69.4672
0.9099	70.3955
0.9183	70.8491
0.9267	69.7867
0.9352	67.3333
0.9436	64.1093
0.9520	57.0287
0.9604	58.9004
0.9689	57.7719
0.9773	58.4430
0.9857	57.8245
0.9941	61.5699
1.0026	62.0876
1.0110	62.3778
1.0194	61.3277
1.0278	60.0000
1.0363	59.7411
1.0447	56.6297
1.0531	55.9150
1.0615	53.0689
1.0700	53.9924
1.0784	54.0327
1.0868	55.0496
1.0952	55.8053
1.1037	57.0510
1.1121	57.6457
1.1205	56.0775
1.1289	53.8535
1.1374	53.7333
1.1458	55.5143
1.1542	53.7362
1.1626	52.2978
1.1711	52.1447
1.1795	50.4002
1.1879	51.3822
1.1963	54.2596
1.2048	55.7029
1.2132	53.9951
1.2216	53.3503
1.2300	56.8370
1.2385	53.8808
1.2469	52.1521
1.2553	53.8147
1.2637	52.0093
1.2722	52.3743
1.2806	55.0356
1.2890	54.3676
1.2974	58.8818
1.3059	56.5184
1.3143	52.9794
1.3227	55.4276
1.3311	54.6463
1.3395	56.0978
1.3480	57.9891
1.3564	57.7211
1.3648	56.9757
1.3732	56.5173
1.3817	57.8724
1.3901	55.2780
1.3985	55.8983
1.4069	53.6267
1.4154	53.0269
1.4238	53.5950
1.4322	53.1153
1.4406	55.7456
1.4491	56.9717
1.4575	56.2063
1.4659	56.1440
1.4743	58.0576
1.4828	59.4319
1.4912	57.3305
1.4996	54.0371
1.5080	55.0431
1.5165	53.4856
1.5249	54.9212
1.5333	52.5625
1.5417	51.4353
1.5502	53.1577
1.5586	52.7021
1.5670	54.3889
1.5754	56.3318
1.5839	56.9622
1.5923	59.4917
1.6007	62.8012
1.6091	63.3087
1.6176	65.7320
1.6260	67.4441
1.6344	61.9585
1.6428	60.1151
1.6513	57.3000
1.6597	56.2400
1.6681	53.9527
1.6765	51.5012
1.6850	49.0405
1.6934	46.2911
1.7018	49.9321
1.7102	52.7084
1.7187	45.1200
1.7271	48.0515
1.7355	50.0047
1.7439	51.0916
1.7524	55.8405
1.7608	57.0823
1.7692	58.8795
1.7776	62.0622
1.7861	68.0920
1.7945	77.5745
1.8029	87.6274
1.8113	95.5270
1.8198	97.7249
1.8282	98.4278
1.8366	101.5822
1.8450	103.5163
1.8535	98.7454
1.8619	98.9816
1.8703	92.8391
1.8787	89.3923
1.8872	83.2605
1.8956	77.0000
1.9040	70.7054
1.9124	67.7393
1.9209	62.0128
1.9293	61.0030
1.9377	59.5166
1.9461	57.4452
1.9546	57.9972
1.9630	58.5272
1.9714	59.5067
1.9798	61.4888
1.9883	63.9387
1.9967	63.7747
2.0051	68.5078
2.0135	72.5304
2.0220	74.2151
2.0304	74.0022
2.0388	71.7824
2.0472	70.3781
2.0557	68.0330
2.0641	65.0444
2.0725	63.5671
2.0809	63.7464
2.0894	59.6195
2.0978	57.2979
2.1062	55.5141
2.1146	59.6929
2.1231	57.4609
2.1315	59.7092
2.1399	60.3311
2.1483	65.8736
2.1568	67.1124
2.1652	69.9318
2.1736	73.2323
2.1820	79.5747
2.1905	85.0020
2.1989	76.5543
2.2073	78.8884
2.2157	77.9902
2.2242	74.1284
2.2326	74.9416
2.2410	72.0274
2.2494	70.0592
2.2579	69.8723
2.2663	69.9143
2.2747	68.0633
2.2831	65.4414
2.2916	66.5562
2.3000	67.6569
2.3084	69.4291
2.3168	68.8381
2.3253	71.1114
2.3337	76.1449
2.3421	79.1733
2.3505	84.0400
2.3590	92.5629
2.3674	93.1259
2.3758	93.3783
2.3842	98.5179
2.3927	93.5549
2.4011	91.7812
2.4095	85.3048
2.4179	82.3484
2.4264	74.0261
2.4348	66.5101
2.4432	60.8269
2.4516	55.1906
2.4601	51.1960
2.4685	48.1511
2.4769	44.6873
2.4853	44.4276
2.4938	41.1773
2.5022	40.1669
2.5106	38.6623
2.5190	38.9777
2.5275	39.2623
2.5359	37.5949
2.5443	38.8491
2.5527	39.6483
2.5612	39.6037
2.5696	40.8286
2.5780	39.9200
2.5864	41.6874
2.5949	43.3880
2.6033	44.8543
2.6117	47.2757
2.6201	50.5822
2.6285	54.7303
2.6370	62.1697
2.6454	72.2231
2.6538	90.7200
2.6622	107.2468
2.6707	125.6330
2.6791	134.7495
2.6875	137.8699
2.6959	138.0034
2.7044	130.5111
2.7128	118.8210
2.7212	103.1647
2.7296	92.7163
2.7381	80.1317
2.7465	72.3938
2.7549	63.6639
2.7633	53.8444
2.7718	51.1622
2.7802	49.7191
2.7886	48.3898
2.7970	47.1040
2.8055	44.5589
2.8139	44.7307
2.8223	43.1491
2.8307	41.3704
2.8392	37.5421
2.8476	35.9025
2.8560	36.2376
2.8644	33.8158
2.8729	32.1391
2.8813	30.7700
2.8897	30.6874
2.8981	29.7347
2.9066	30.1891
2.9150	30.3783
2.9234	29.5022
2.9318	28.1302
2.9403	27.5950
2.9487	27.4698
2.9571	27.0448
2.9655	27.4556
2.9740	28.4166
2.9824	30.4526
2.9908	39.0481
2.9992	32.5098
3.0077	30.3192
3.0161	29.1181
3.0245	29.0000
3.0329	28.0100
3.0414	27.7246
3.0498	27.0695
3.0582	29.4155
3.0666	29.3400
3.0751	30.3172
3.0835	28.6800
3.0919	26.9277
3.1003	27.6554
3.1088	30.2761
3.1172	28.9974
3.1256	28.9806
3.1340	30.4931
3.1425	29.8193
3.1509	29.9717
3.1593	29.9012
3.1677	31.5987
3.1762	32.7333
3.1846	33.8199
3.1930	31.3373
3.2014	33.6326
3.2099	33.1067
3.2183	37.3816
3.2267	34.4312
3.2351	32.3051
3.2436	32.7911
3.2520	31.4219
3.2604	35.4336
3.2688	34.5326
3.2773	39.9722
3.2857	42.5935
3.2941	52.6276
3.3025	70.8061
3.3110	94.7615
3.3194	101.5957
3.3278	95.8917
3.3362	89.1137
3.3447	84.9486
3.3531	83.9490
3.3615	85.6247
3.3699	86.3152
3.3784	93.0047
3.3868	95.9943
3.3952	97.5389
3.4036	102.5090
3.4121	106.4933
3.4205	110.3162
3.4289	115.7696
3.4373	119.6167
3.4458	121.8461
3.4542	124.5459
3.4626	122.8399
3.4710	126.3355
3.4795	133.6641
3.4879	132.2016
3.4963	128.4212
3.5047	129.1339
3.5132	127.1647
3.5216	123.5371
3.5300	125.8061
3.5384	123.1551
3.5469	121.8508
3.5553	123.1231
3.5637	116.2158
3.5721	108.4245
3.5806	103.1893
3.5890	100.4010
3.5974	94.7211
3.6058	89.0478
3.6143	83.9467
3.6227	82.1783
3.6311	80.8864
3.6395	76.3512
3.6480	75.2838
3.6564	76.5441
3.6648	74.3640
3.6732	72.4226
3.6817	72.8602
3.6901	73.7150
3.6985	70.6384
3.7069	73.3573
3.7154	75.6464
3.7238	75.1461
3.7322	77.4361
3.7406	76.3575
3.7491	76.9185
3.7575	77.0161
3.7659	75.8748
3.7743	77.4932
3.7828	75.5978
3.7912	74.4722
0.0000	71.3333
0.0084	72.8000
0.0168	71.7892
0.0253	71.1760
0.0337	71.6612
0.0421	72.7667
0.0505	75.6997
0.0590	74.9385
0.0674	73.5975
0.0758	75.0405
0.0842	76.9871
0.0927	78.5261
0.1011	78.0287
0.1095	78.3407
0.1179	79.8356
0.1264	81.8795
0.1348	83.9860
0.1432	83.8983
0.1516	84.7177
0.1601	87.4767
0.1685	86.8298
0.1769	89.3807
0.1853	93.1064
0.1938	93.2305
0.2022	95.1322
0.2106	99.6036
0.2190	102.2146
0.2275	98.3840
0.2359	104.8770
0.2443	104.4441
0.2527	107.2523
0.2612	108.4403
0.2696	105.9096
0.2780	106.3111
0.2864	108.4963
0.2949	106.0173
0.3033	106.6759
0.3117	106.1156
0.3201	102.0586
0.3286	100.9352
0.3370	102.5370
0.3454	102.4035
0.3538	104.9514
0.3623	104.8407
0.3707	103.2861
0.3791	103.4800
0.3875	104.0376
0.3960	104.3801
0.4044	105.0011
0.4128	105.6817
0.4212	107.5171
0.4297	104.9702
0.4381	107.3563
0.4465	108.3994
0.4549	110.0072
0.4634	111.2360
0.4718	112.0115
0.4802	112.1678
0.4886	112.4903
0.4971	109.4724
0.5055	113.0194
0.5139	113.4607
0.5223	113.5373
0.5308	114.0821
0.5392	114.0121
0.5476	116.2208
0.5560	112.0702
0.5645	115.3166
0.5729	115.2298
0.5813	117.1422
0.5897	118.3074
0.5982	120.3239
0.6066	121.9890
0.6150	122.8656
0.6234	124.5211
0.6319	129.1975
0.6403	130.7042
0.6487	130.3133
0.6571	132.0872
0.6656	130.3326
0.6740	133.1881
0.6824	133.2315
0.6908	133.6407
0.6993	137.0578
0.7077	139.7033
0.7161	138.9697
0.7245	139.2038
0.7330	139.6140
0.7414	135.5906
0.7498	131.6945
0.7582	128.0433
0.7667	119.8519
0.7751	118.6452
0.7835	123.7365
0.7919	121.7330
0.8004	118.1516
0.8088	115.6719
0.8172	109.8248
0.8256	107.7631
0.8341	103.8462
0.8425	102.4444
0.8509	97.3173
0.8593	100.1400
0.8678	98.3840
0.8762	99.5868
0.8846	100.5916
0.8930	98.1151
0.9015	99.2328
0.9099	98.7899
0.9183	103.8813
0.9267	110.6616
0.9352	117.1402
0.9436	125.8348
0.9520	134.0889
0.9604	141.7348
0.9689	145.2577
0.9773	147.7912
0.9857	144.4981
0.9941	145.2203
1.0026	148.3646
1.0110	153.9099
1.0194	179.3451
1.0278	216.3864
1.0363	234.3628
1.0447	231.9247
1.0531	234.2785
1.0615	248.6243
1.0700	228.0394
1.0784	236.3639
1.0868	232.8134
1.0952	225.0605
1.1037	222.9606
1.1121	209.4691
1.1205	216.2589
1.1289	223.9965
1.1374	238.1467
1.1458	242.7073
1.1542	237.7241
1.1626	240.8094
1.1711	237.1284
1.1795	236.1444
1.1879	235.9659
1.1963	215.8263
1.2048	195.4089
1.2132	173.5421
1.2216	152.6634
1.2300	134.6756
1.2385	127.8463
1.2469	124.6172
1.2553	120.1047
1.2637	119.7191
1.2722	116.8728
1.2806	118.8331
1.2890	124.0476
1.2974	124.9815
1.3059	127.1704
1.3143	132.7561
1.3227	131.3083
1.3311	133.9686
1.3395	136.7746
1.3480	133.5419
1.3564	137.6236
1.3648	145.3703
1.3732	148.4219
1.3817	150.3650
1.3901	155.7141
1.3985	157.5681
1.4069	155.2383
1.4154	151.0157
1.4238	146.7273
1.4322	137.2236
1.4406	137.3563
1.4491	131.5914
1.4575	124.7902
1.4659	119.3898
1.4743	115.4966
1.4828	113.0363
1.4912	113.9989
1.4996	114.0415
1.5080	117.2044
1.5165	123.1244
1.5249	126.9830
1.5333	136.6988
1.5417	146.1113
1.5502	154.1838
1.5586	156.9807
1.5670	156.1482
1.5754	149.9365
1.5839	147.4851
1.5923	135.6992
1.6007	130.2667
1.6091	120.3845
1.6176	115.9942
1.6260	109.9239
1.6344	106.5061
1.6428	93.6667
1.6513	91.5854
1.6597	88.8266
1.6681	87.1041
1.6765	85.9979
1.6850	85.8772
1.6934	84.3498
1.7018	91.2553
1.7102	99.4056
1.7187	114.1327
1.7271	127.3629
1.7355	148.2577
1.7439	164.9621
1.7524	170.0995
1.7608	171.0363
1.7692	168.9649
1.7776	165.6785
1.7861	153.0979
1.7945	151.6145
1.8029	151.6650
1.8113	146.3172
1.8198	142.1279
1.8282	134.3479
1.8366	126.5296
1.8450	118.4304
1.8535	111.2120
1.8619	99.5789
1.8703	95.4190
1.8787	87.9939
1.8872	83.9492
1.8956	84.3333
1.9040	82.2497
1.9124	79.6363
1.9209	79.2320
1.9293	82.7849
1.9377	82.3275
1.9461	83.8639
1.9546	85.5389
1.9630	87.4581
1.9714	84.0497
1.9798	76.0371
1.9883	74.5729
1.9967	72.5562
2.0051	73.9861
2.0135	73.5763
2.0220	75.3909
2.0304	75.6034
2.0388	73.7776
2.0472	75.3381
2.0557	80.2156
2.0641	84.5884
2.0725	88.6277
2.0809	97.3968
2.0894	102.0230
2.0978	107.3875
2.1062	114.1163
2.1146	117.1659
2.1231	120.3165
2.1315	120.6168
2.1399	116.2689
2.1483	116.0035
2.1568	115.0230
2.1652	114.8814
2.1736	117.0505
2.1820	120.6458
2.1905	123.7111
2.1989	123.1262
2.2073	127.9003
2.2157	129.9255
2.2242	131.9443
2.2326	134.9246
2.2410	143.6967
2.2494	146.8578
2.2579	149.9662
2.2663	161.3708
2.2747	172.2367
2.2831	188.5519
2.2916	202.9648
2.3000	212.8042
2.3084	214.6094
2.3168	212.9890
2.3253	202.9997
2.3337	186.5234
2.3421	167.9181
2.3505	152.8667
2.3590	138.5847
2.3674	128.4035
2.3758	116.2095
2.3842	111.8163
2.3927	108.4844
2.4011	105.4252
2.4095	98.0845
2.4179	88.6103
2.4264	80.2056
2.4348	75.4881
2.4432	68.6593
2.4516	65.5200
2.4601	62.2178
2.4685	58.6849
2.4769	55.6276
2.4853	54.5232
2.4938	54.5384
2.5022	53.4997
2.5106	52.3313
2.5190	50.5052
2.5275	53.2222
2.5359	55.5011
2.5443	59.1432
2.5527	65.6151
2.5612	73.7983
2.5696	88.9810
2.5780	107.5821
2.5864	126.7558
2.5949	147.7083
2.6033	153.5805
2.6117	159.1968
2.6201	153.0430
2.6285	137.0718
2.6370	118.0862
2.6454	105.4025
2.6538	95.6356
2.6622	89.0791
2.6707	84.3204
2.6791	84.1531
2.6875	84.4336
2.6959	89.6463
2.7044	95.5755
2.7128	98.7714
2.7212	92.5105
2.7296	88.3319
2.7381	82.5185
2.7465	77.2821
2.7549	68.4063
2.7633	63.1103
2.7718	59.0897
2.7802	54.3699
2.7886	51.1072
2.7970	47.5925
2.8055	46.2672
2.8139	43.2576
2.8223	40.4350
2.8307	36.7593
2.8392	34.8703
2.8476	33.1486
2.8560	31.5799
2.8644	31.0353
2.8729	29.5199
2.8813	29.6268
2.8897	28.4328
2.8981	28.9364
2.9066	28.0889
2.9150	30.3717
2.9234	28.4482
2.9318	26.7274
2.9403	26.1491
2.9487	26.4270
2.9571	27.4229
2.9655	28.8538
2.9740	27.6576
2.9824	26.6267
2.9908	26.9565
2.9992	28.0207
3.0077	27.7875
3.0161	27.9801
3.0245	27.4449
3.0329	27.3667
3.0414	27.3057
3.0498	28.8310
3.0582	28.1022
3.0666	27.1030
3.0751	28.1486
3.0835	27.7908
3.0919	27.0792
3.1003	29.0643
3.1088	29.2290
3.1172	29.1963
3.1256	26.5037
3.1340	27.0533
3.1425	28.6674
3.1509	29.7615
3.1593	29.1975
3.1677	31.7585
3.1762	30.4389
3.1846	32.6272
3.1930	32.9951
3.2014	33.9081
3.2099	34.8933
3.2183	37.6439
3.2267	37.1363
3.2351	38.8067
3.2436	38.9548
3.2520	44.2081
3.2604	47.5467
3.2688	51.5037
3.2773	59.5709
3.2857	72.6117
3.2941	95.3718
3.3025	144.8949
3.3110	182.7427
3.3194	194.8449
3.3278	187.9852
3.3362	177.1484
3.3447	171.8335
3.3531	173.5443
3.3615	181.0372
3.3699	192.4516
3.3784	200.3799
3.3868	211.5068
3.3952	225.3998
3.4036	229.6333
3.4121	234.3333
3.4205	232.5308
3.4289	235.7630
3.4373	237.6517
3.4458	229.3598
3.4542	229.4391
3.4626	239.4314
3.4710	246.6761
3.4795	234.8470
3.4879	245.9297
3.4963	248.7705
3.5047	244.1401
3.5132	238.8925
3.5216	239.7027
3.5300	248.1811
3.5384	248.9473
3.5469	247.6135
3.5553	234.8142
3.5637	243.0610
3.5721	242.9890
3.5806	244.3128
3.5890	236.8307
3.5974	236.6540
3.6058	222.9194
3.6143	208.8533
3.6227	196.9434
3.6311	190.8221
3.6395	181.1332
3.6480	173.9864
3.6564	173.0659
3.6648	177.6114
3.6732	182.5172
3.6817	187.2493
3.6901	193.2124
3.6985	199.9417
3.7069	205.2173
3.7154	212.7109
3.7238	211.4773
3.7322	215.2323
3.7406	221.8209
3.7491	222.9867
3.7575	217.0511
3.7659	222.5945
3.7743	223.8674
3.7828	219.4699
3.7912	212.8333