0	27.3333
1	26.0005
2	26.6718
3	24.3633
4	26.6592
5	26.9722
6	27.9956
7	26.9611
8	27.9908
9	26.3585
10	27.3498
11	26.7073
12	25.9922
13	25.0901
14	25.9938
15	25.3648
16	25.3851
17	26.9881
18	26.0079
19	26.6318
20	26.9808
21	25.6647
22	28.4689
23	27.5924
24	26.0257
25	27.5442
26	27.6303
27	28.6059
28	28.3844
29	27.9797
30	27.0253
31	28.1512
32	25.8679
33	28.7694
34	27.8054
35	28.5742
36	27.7662
37	25.8555
38	29.1694
39	29.0113
40	29.4055
41	29.0166
42	29.5245
43	27.8105
44	30.4432
45	30.9417
46	29.1221
47	28.6241
48	30.3224
49	31.9464
50	30.4927
51	32.0755
52	34.1516
53	35.0329
54	33.0377
55	33.9961
56	33.9015
57	33.9530
58	35.2081
59	37.9328
60	36.3354
61	35.4492
62	36.9731
63	37.8649
64	35.2301
65	41.6343
66	43.8789
67	44.9149
68	45.2542
69	43.5472
70	39.6959
71	36.6999
72	33.0778
73	34.5367
74	34.3896
75	32.9209
76	31.4934
77	31.4781
78	31.0271
79	31.5267
80	31.9979
81	32.1354
82	34.4079
83	32.9724
84	33.0000
85	32.9986
86	33.0637
87	34.3960
88	33.0356
89	33.0050
90	32.4752
91	32.3671
92	31.6057
93	33.7159
94	36.3780
95	36.1342
96	38.7342
97	35.9686
98	35.5388
99	35.5091
100	34.8703
101	32.2117
102	34.7606
103	31.8171
104	34.0475
105	34.5792
106	33.5638
107	33.6226
108	33.0000
109	33.0856
110	34.1181
111	34.0541
112	34.7613
113	35.6327
114	38.1368
115	39.8703
116	41.3816
117	39.5786
118	39.3413
119	36.5922
120	35.7959
121	36.3824
122	37.9501
123	37.9140
124	37.0867
125	38.1394
126	39.6329
127	40.1954
128	42.2670
129	43.0357
130	43.5400
131	45.0000
132	45.0000
133	45.1081
134	46.3084
135	47.8978
136	49.4973
137	53.0202
138	54.7132
139	56.6490
140	57.0879
141	58.8761
142	57.9364
143	59.8969
144	61.6762
145	64.8560
146	68.6749
147	71.1279
148	74.7056
149	74.6392
150	74.4554
151	73.7958
152	78.1848
153	80.6918
154	89.2874
155	95.0804
156	104.0901
157	104.6226
158	101.6275
159	100.7037
160	95.8120
161	97.2991
162	100.7470
163	110.6695
164	122.5131
165	132.2435
166	136.3957
167	136.5735
168	129.4238
169	117.2914
170	111.4511
171	107.7421
172	112.1442
173	126.1722
174	135.8062
175	145.2909
176	155.8902
177	154.3796
178	147.2203
179	130.9346
180	111.9753
181	102.7260
182	102.5275
183	109.1999
184	124.7448
185	135.4853
186	143.0546
187	145.9450
188	137.9763
189	120.8302
190	97.4870
191	80.1220
192	74.3038
193	77.5754
194	87.5970
195	99.1980
196	108.4047
197	109.1515
198	105.8289
199	96.1020
200	79.6063
201	67.7205
202	56.0019
203	51.3145
204	52.9015
205	60.8752
206	67.8434
207	69.9538
208	71.3607
209	69.7158
210	62.2596
211	53.2860
212	43.8765
213	38.7592
214	35.3708
215	35.4832
216	38.8176
217	42.6988
218	45.8444
219	48.1180
220	47.2141
221	44.1048
222	38.6744
223	35.2671
224	32.3633
225	32.0377
226	31.1624
227	30.8716
228	30.7358
229	33.3964
230	32.7681
231	35.5831
232	34.1692
233	32.9864
234	32.1347
235	32.8260
236	32.4983
237	30.6927
238	29.6953
239	28.1933
240	28.4948
241	29.5781
242	30.5833
243	29.4843
244	29.9428
245	28.6929
246	31.0781
247	29.7576
248	28.9798
249	30.5577
250	29.0927
251	28.6073
252	27.7186
253	29.2649
254	29.7360
255	29.0379
256	29.0376
257	30.6638
258	28.9682
259	28.0664
260	27.5624
261	29.3430
262	30.5594
263	29.0941
264	28.8364
265	28.2963
266	28.9029
267	28.1866
268	28.6451
269	27.2907
270	28.6097
271	30.3094
272	28.3280
273	28.7329
274	28.5391
275	30.8544
276	30.6312
277	29.4398
278	30.8999
279	30.9996
280	31.1567
281	28.9848
282	28.7721
283	28.5278
284	29.8587
285	29.2405
286	30.3475
287	31.1486
288	31.7734
289	30.7010
290	29.6185
291	28.7002
292	30.6141
293	29.4929
294	31.0000
295	30.6175
296	28.9029
297	28.0183
298	28.4829
299	30.2173
300	31.0140
301	30.9362
302	31.1846
303	32.1851
304	32.4827
305	31.0000
306	30.7862
307	29.7954
308	29.4543
309	30.7586
310	29.5871
311	28.6686
312	30.7705
313	30.6762
314	31.8916
315	28.2278
316	28.7876
317	28.6674
318	31.2222
319	31.7734
320	31.2194
321	31.5465
322	29.9981
323	29.7733
324	29.4820
325	30.3253
326	28.2537
327	29.0043
328	28.7918
329	28.4564
330	29.9226
331	30.0000
332	29.7680
333	29.4654
334	30.5567
335	29.8009
336	32.2926
337	32.7833
338	33.0088
339	36.2056
340	36.1817
341	33.5119
342	31.7107
343	30.7205
344	29.7596
345	29.0000
346	29.2418
347	29.7428
348	28.9218
349	29.1298
350	29.6883
351	29.3874
352	30.6103
353	30.5667
354	32.5702
355	35.2987
356	39.7265
357	42.6259
358	43.8526
359	40.8779
360	40.1851
361	39.5364
362	36.0000
363	35.6745
364	33.3562
365	29.8289
366	30.5891
367	29.3328
368	29.7159
369	28.6077
370	28.0969
371	28.5103
372	27.5743
373	28.9448
374	29.0560
375	28.8492
376	29.0196
377	29.5218
378	28.9074
379	28.8029
380	28.7911
381	30.4601
382	31.0358
383	31.6351
384	32.2321
385	30.4095
386	30.6031
387	29.1447
388	29.1468
389	29.0679
390	28.8491
391	28.6574
392	27.9237
393	27.4596
394	27.5093
395	26.9304
396	27.5320
397	26.8422
398	26.6029
399	28.1225
400	28.8298
401	30.0789
402	27.9228
403	28.4598
404	29.6940
405	30.2542
406	29.0631
407	30.9196
408	31.7051
409	32.4829
410	31.5346
411	32.6212
412	33.8338
413	34.9977
414	34.5204
415	35.9146
416	35.1024
417	33.3388
418	35.4111
419	34.3076
420	32.9147
421	33.4645
422	33.3843
423	33.6795
424	33.5432
425	33.4121
426	32.8168
427	32.7239
428	31.5982
429	33.2300
430	33.0048
431	31.4667
432	32.4595
433	33.2044
434	32.2568
435	31.9653
436	32.2654
437	32.3598
438	33.1363
439	32.7445
440	34.9284
441	35.4597
442	38.3035
443	42.1575
444	44.6388
445	44.7204
446	42.0547
447	39.6424
448	38.5329
449	36.4463
450	35.7610
451	35.7605
452	34.4193
453	33.9465
454	32.1947
455	32.0000
456	31.4549
457	30.1983
458	30.0382
459	30.1717
460	30.1676
461	30.5761
462	31.4518
463	30.5292
464	31.0992
465	32.5078
466	35.1010
467	36.6383
468	40.4550
469	44.9776
470	52.0851
471	59.4096
472	64.5566
473	64.4632
474	62.4479
475	57.4608
476	49.5593
477	45.1111
0	29.0000
1	31.0149
2	34.3483
3	42.0257
4	45.2403
5	27.0360
6	28.3417
7	27.3382
8	25.3630
9	27.6334
10	25.3633
11	26.6463
12	27.0000
13	27.0033
14	27.3662
15	27.7048
16	25.3851
17	26.9969
18	26.7500
19	27.3432
20	25.1328
21	25.6190
22	25.4176
23	27.8317
24	26.4082
25	27.8495
26	28.1950
27	26.6101
28	26.6114
29	26.7766
30	26.2700
31	29.1994
32	29.3288
33	26.2087
34	26.8297
35	28.6061
36	27.7644
37	27.4460
38	28.7518
39	28.3493
40	26.0442
41	27.5927
42	28.0000
43	27.9572
44	26.6183
45	27.9866
46	27.5886
47	28.1363
48	28.1131
49	27.5876
50	28.2387
51	27.9444
52	26.4263
53	26.0576
54	27.5703
55	27.9616
56	27.0000
57	27.0000
58	27.0037
59	27.0000
60	25.0839
61	26.9737
62	26.3931
63	26.5330
64	28.0267
65	28.5189
66	27.0270
67	27.5491
68	26.9767
69	27.4067
70	26.0489
71	27.0000
72	27.0016
73	27.0521
74	27.5620
75	28.5697
76	29.9207
77	28.4520
78	27.5358
79	28.1085
80	29.9980
81	30.0278
82	30.4276
83	29.5204
84	29.8471
85	28.0304
86	28.4844
87	28.0276
88	27.9666
89	27.9378
90	27.0055
91	27.1842
92	28.3148
93	26.1570
94	28.4825
95	29.5989
96	30.3692
97	28.0899
98	28.4537
99	30.2946
100	28.1878
101	29.4424
102	28.0163
103	27.1115
104	28.5914
105	29.2052
106	30.3951
107	29.7207
108	28.7386
109	27.1763
110	29.2943
111	29.0648
112	28.3295
113	28.9661
114	28.5608
115	28.4837
116	29.1406
117	28.9182
118	27.9309
119	27.2835
120	28.5359
121	28.1342
122	29.5085
123	28.6158
124	28.3553
125	27.8966
126	28.7696
127	28.4892
128	29.2369
129	27.8758
130	30.7241
131	29.8038
132	30.0922
133	30.8502
134	29.4071
135	29.5582
136	28.9775
137	28.6499
138	27.6590
139	28.1821
140	29.9535
141	30.4065
142	28.3324
143	28.1632
144	29.6257
145	29.5304
146	29.4543
147	30.1803
148	29.1612
149	28.0932
150	28.4511
151	29.2365
152	29.0053
153	31.3736
154	29.5187
155	31.0859
156	31.7470
157	29.6751
158	29.7806
159	30.5926
160	30.2991
161	32.4200
162	30.4200
163	30.8462
164	29.6863
165	30.1153
166	30.8789
167	30.1579
168	31.6114
169	30.8240
170	32.3471
171	32.4510
172	31.6880
173	34.8830
174	33.2517
175	32.1381
176	31.7887
177	32.1980
178	30.8674
179	31.9114
180	31.0907
181	30.0559
182	32.0845
183	29.8449
184	30.6989
185	30.3563
186	28.9060
187	28.2976
188	28.2996
189	27.6916
190	30.1978
191	28.4762
192	29.0220
193	31.6809
194	28.3955
195	29.3941
196	30.1188
197	29.1858
198	28.7887
199	28.8609
200	27.8948
201	27.3168
202	27.9361
203	28.9229
204	28.0964
205	27.0183
206	25.9923
207	27.5535
208	26.8149
209	27.4970
210	27.3399
211	27.8526
212	27.0000
213	27.0000
214	27.1361
215	27.9323
216	27.9032
217	27.3969
218	27.5488
219	27.1666
220	25.8147
221	24.9511
222	25.7061
223	25.0123
224	24.1874
225	25.3215
226	25.9030
227	25.5475
228	26.3348
229	25.9734
230	26.8155
231	26.8176
232	26.8782
233	27.0154
234	26.4456
235	27.6332
236	26.3830
237	25.1937
238	26.3061
239	27.0000
240	26.7194
241	25.6053
242	26.9731
243	26.6730
244	26.0683
245	26.8630
246	25.8648
247	27.6785
248	26.5829
249	25.4381
250	26.3173
251	27.0173
252	26.4166
253	26.5539
254	27.6299
255	26.6359
256	27.2856
257	27.6408
258	26.5409
259	28.5242
260	26.6619
261	28.1388
262	28.6036
263	27.9271
264	28.2977
265	29.0700
266	29.2020
267	30.4655
268	30.1677
269	30.3526
270	28.0190
271	27.7384
272	26.2112
273	26.9381
274	29.7409
275	29.6449
276	28.9289
277	29.5474
278	31.3146
279	29.4897
280	30.3160
281	28.3363
282	29.2577
283	29.8167
284	28.8587
285	28.1854
286	28.3736
287	26.1430
288	27.1064
289	30.3529
290	28.8128
291	28.5933
292	27.0000
293	26.8060
294	26.4612
295	28.2544
296	28.6420
297	27.4575
298	28.5101
299	27.2868
300	27.7307
301	27.0150
302	27.4679
303	28.9686
304	28.1396
305	25.4750
306	27.2336
307	27.7904
308	26.5995
309	25.4803
310	27.0059
311	27.4021
312	28.7552
313	28.4342
314	29.7478
315	28.5625
316	27.8880
317	30.3317
318	28.2222
319	29.8898
320	33.6503
321	34.8351
322	30.7498
323	29.5290
324	28.4666
325	29.7502
326	28.3242
327	26.4861
328	28.0048
329	27.5685
330	26.0503
331	26.9482
332	29.2364
333	27.4654
334	28.5410
335	27.4872
336	29.1882
337	29.6942
338	29.1844
339	29.9224
340	29.5006
341	28.4903
342	29.6844
343	29.0126
344	29.0545
345	29.5251
346	30.5448
347	29.8196
348	32.2585
349	33.0491
350	33.9783
351	37.6680
352	39.7850
353	39.8438
354	40.0448
355	43.0506
356	46.0198
357	46.3720
358	47.5017
359	47.9639
360	47.7985
361	49.6803
362	48.4707
363	46.9296
364	46.7211
365	45.6464
366	44.6951
367	44.0500
368	43.6111
369	43.2743
370	44.6730
371	44.4650
372	42.9941
373	41.3536
374	43.1906
375	41.6692
376	42.3848
377	41.3612
378	43.2678
379	44.9497
380	42.5780
381	43.3930
382	46.7063
383	46.9296
384	48.6861
385	48.6164
386	49.2928
387	50.9336
388	50.8358
389	50.5032
390	50.8823
391	48.9585
392	49.5325
393	47.3975
394	50.3036
395	51.5603
396	51.5320
397	51.4430
398	53.0936
399	56.0482
400	57.5804
401	57.9235
402	59.7627
403	65.0487
404	69.2356
405	72.9861
406	75.7169
407	77.2406
408	82.5332
409	87.1845
410	92.0027
411	100.3728
412	107.7665
413	122.4506
414	137.7533
415	149.8242
416	161.4520
417	168.1766
418	174.1248
419	182.3309
420	185.2134
421	187.1321
422	184.6038
423	183.7039
424	185.2222
425	179.7149
426	174.9212
427	167.7876
428	158.2155
429	150.1134
430	142.2579
431	135.1884
432	132.4810
433	126.4648
434	122.5765
435	121.1100
436	120.3798
437	114.0503
438	110.4423
439	109.1373
440	108.8328
441	109.2378
442	104.9159
443	104.7719
444	104.0208
445	104.4497
446	102.6492
447	100.9894
448	104.4138
449	101.6979
450	98.6238
451	96.8001
452	95.9490
453	92.6106
454	88.6827
455	85.8216
456	81.4679
457	82.4980
458	82.3890
459	80.4558
460	80.4046
461	79.3367
462	78.4960
463	81.8139
464	83.6667
465	87.3922
466	91.8067
467	96.6843
468	105.2893
469	115.1401
470	129.6226
471	141.6165
472	154.0401
473	165.5117
474	167.1188
475	152.9200
476	125.4820
477	89.7778
0	29.0000
1	26.3436
2	28.9996
3	28.6974
4	28.3472
5	30.2997
6	26.7057
7	29.9951
8	29.0020
9	29.3829
10	34.2035
11	30.6441
12	30.7194
13	31.0174
14	32.9093
15	32.6286
16	32.0052
17	32.4702
18	32.0237
19	33.8423
20	31.0052
21	31.3920
22	32.3545
23	30.7768
24	31.6396
25	32.9893
26	32.4101
27	33.6206
28	34.2118
29	35.9675
30	34.3792
31	33.6238
32	35.0090
33	35.4394
34	37.0379
35	38.5742
36	37.7868
37	36.6621
38	39.4193
39	39.7355
40	42.4335
41	43.0693
42	45.4553
43	46.5465
44	45.7327
45	50.7259
46	51.1424
47	55.4647
48	56.5200
49	58.9658
50	58.0699
51	60.0670
52	61.8805
53	61.7654
54	61.4048
55	60.3287
56	59.8309
57	58.1049
58	58.3721
59	58.3710
60	54.3808
61	54.3366
62	51.4437
63	49.2907
64	46.8658
65	44.0028
66	43.9374
67	41.4319
68	40.4524
69	37.9706
70	36.5904
71	37.9201
72	37.0597
73	36.9738
74	36.4897
75	36.4303
76	35.1062
77	37.0266
78	37.4701
79	37.1124
80	38.9440
81	37.9663
82	37.5151
83	37.6805
84	40.4640
85	40.0144
86	39.6013
87	40.9686
88	40.9687
89	41.0349
90	40.9287
91	40.6513
92	42.4957
93	42.0836
94	42.5393
95	43.4308
96	41.9688
97	41.5731
98	42.0616
99	41.8534
100	42.1119
101	42.3971
102	41.5891
103	40.7717
104	39.1931
105	40.2819
106	39.6626
107	41.1078
108	42.1051
109	38.1095
110	39.3690
111	38.7212
112	40.5913
113	40.7917
114	39.8747
115	38.5983
116	40.4955
117	39.5915
118	39.6809
119	39.2148
120	41.4520
121	39.8658
122	38.5464
123	40.2968
124	43.5269
125	44.3757
126	43.6930
127	42.3649
128	41.9106
129	41.1259
130	42.2317
131	40.6636
132	41.0919
133	39.9238
134	40.9654
135	42.7909
136	42.0606
137	40.5478
138	42.2158
139	42.7693
140	40.7977
141	42.6555
142	45.2467
143	45.1172
144	45.2609
145	44.8826
146	42.0833
147	41.1704
148	42.0666
149	42.3702
150	40.2835
151	42.4153
152	40.0000
153	39.9670
154	39.8995
155	41.5157
156	40.6626
157	43.1314
158	41.9951
159	44.1852
160	40.4067
161	40.9357
162	40.2160
163	39.4640
164	39.9699
165	37.2350
166	38.8439
167	37.3594
168	37.9573
169	40.0000
170	40.1639
171	41.4115
172	41.8354
173	43.2644
174	41.6499
175	41.2265
176	40.9483
177	42.1731
178	38.5374
179	39.5787
180	40.3863
181	38.2473
182	39.1088
183	40.0517
184	41.4743
185	41.8505
186	42.9473
187	44.3918
188	44.0240
189	43.8033
190	41.3040
191	41.3903
192	40.7122
193	42.1914
194	42.2172
195	45.3590
196	46.1752
197	47.8170
198	51.3551
199	52.4175
200	54.8693
201	53.8966
202	52.8431
203	49.8497
204	47.3758
205	46.4012
206	44.1334
207	42.9560
208	39.2146
209	36.9764
210	34.9335
211	34.4701
212	34.0000
213	33.9494
214	33.6215
215	33.2167
216	32.1187
217	32.8757
218	33.1376
219	31.7031
220	31.1222
221	31.7966
222	32.0153
223	33.2654
224	33.3853
225	32.2909
226	32.5522
227	31.5759
228	33.4633
229	32.4967
230	32.1073
231	33.3418
232	31.8782
233	32.0734
234	31.6054
235	31.9714
236	31.8848
237	31.7855
238	30.6133
239	34.0010
240	31.5760
241	32.0272
242	32.0172
243	31.4576
244	31.9053
245	31.0223
246	32.5000
247	31.8274
248	31.0254
249	31.4423
250	32.2832
251	29.6880
252	30.4528
253	31.2484
254	31.3593
255	32.6585
256	33.8700
257	33.8032
258	33.2270
259	32.3396
260	33.5150
261	32.0193
262	32.5292
263	32.0000
264	31.6519
265	30.0905
266	29.9595
267	29.8061
268	29.9148
269	30.0193
270	30.5907
271	32.0215
272	29.2865
273	29.9036
274	29.1099
275	29.5127
276	30.9119
277	30.9307
278	31.1943
279	32.3581
280	33.4493
281	31.7094
282	31.4707
283	32.7799
284	32.0489
285	29.6667
286	32.3998
287	33.3911
288	31.7987
289	31.3671
290	32.6450
291	31.7516
292	30.4101
293	28.3096
294	29.0903
295	29.2245
296	30.3310
297	31.3425
298	29.3990
299	30.9287
300	30.7447
301	29.7334
302	28.9858
303	28.9504
304	29.6124
305	31.2748
306	28.7969
307	28.0362
308	28.6367
309	31.3860
310	32.0773
311	29.4168
312	30.1110
313	27.4479
314	29.2278
315	29.7806
316	29.4300
317	30.9958
318	31.0000
319	31.4428
320	32.0958
321	29.4500
322	31.4546
323	32.7662
324	31.5500
325	30.0147
326	30.2331
327	30.9666
328	30.9694
329	30.9520
330	30.5755
331	29.9692
332	32.4820
333	31.0483
334	31.0157
335	31.0713
336	30.8318
337	30.2941
338	31.3422
339	31.8071
340	31.2947
341	31.8581
342	31.7455
343	33.6009
344	33.2404
345	34.0000
346	34.4410
347	35.1491
348	33.0323
349	32.9667
350	33.0179
351	32.8786
352	32.6827
353	31.7161
354	31.5142
355	32.1006
356	30.1291
357	30.7301
358	29.4787
359	28.6305
360	29.5855
361	28.4764
362	28.6092
363	27.7463
364	27.2544
365	27.9497
366	28.0802
367	28.6672
368	28.0270
369	28.0518
370	27.4866
371	26.7366
372	27.8279
373	27.2530
374	26.4094
375	27.3445
376	27.6991
377	27.6780
378	27.3899
379	28.2911
380	28.3125
381	28.5889
382	32.2069
383	32.4380
384	35.3435
385	33.9866
386	34.7575
387	33.3654
388	31.9378
389	31.1277
390	31.8118
391	29.8470
392	29.5709
393	29.2038
394	30.4347
395	31.2060
396	31.2818
397	31.1197
398	31.2781
399	31.3950
400	29.5966
401	29.4265
402	30.8923
403	31.5402
404	30.3060
405	29.6177
406	31.6472
407	32.7603
408	32.7302
409	32.4284
410	30.6582
411	29.5178
412	28.2271
413	26.9158
414	27.2013
415	27.1444
416	27.0000
417	27.2309
418	27.8516
419	27.8760
420	27.4671
421	27.7408
422	27.9490
423	25.3101
424	25.2963
425	26.2970
426	26.7978
427	26.4508
428	26.5393
429	26.2998
430	26.7701
431	26.3240
432	25.9049
433	25.3278
434	26.8851
435	26.3843
436	26.6453
437	25.4025
438	25.6714
439	25.8039
440	26.5044
441	26.7925
442	27.2515
443	26.1999
444	25.2459
445	26.0895
446	26.0476
447	25.0556
448	26.0682
449	25.7377
450	25.7809
451	26.1910
452	25.9113
453	25.9440
454	26.7011
455	27.5138
456	28.4529
457	28.6854
458	27.0813
459	27.6415
460	28.6442
461	29.0272
462	31.3658
463	32.2746
464	34.5311
465	34.7752
466	35.2087
467	37.2668
468	37.9097
469	37.8151
470	36.7860
471	36.2237
472	35.2093
473	36.8955
474	38.9937
475	43.2143
476	50.8828
477	61.0000
0	28.6667
1	29.0056
2	28.0000
3	28.0007
4	28.3473
5	30.3345
6	27.7015
7	29.9904
8	28.0612
9	29.9956
10	29.2939
11	29.6364
12	28.7361
13	30.9960
14	30.5439
15	29.9962
16	29.6342
17	29.7336
18	29.3711
19	29.3898
20	30.6352
21	31.3389
22	28.8029
23	31.6184
24	31.6138
25	31.4745
26	32.5061
27	35.5944
28	34.7611
29	33.5770
30	32.1638
31	31.0130
32	31.6533
33	33.9907
34	33.5767
35	32.8279
36	33.3688
37	31.8980
38	34.7847
39	35.6763
40	36.3191
41	38.7030
42	39.6157
43	40.8342
44	40.5224
45	43.6172
46	45.0231
47	45.8163
48	48.4049
49	47.5789
50	47.9847
51	47.5241
52	46.5171
53	45.5062
54	47.0901
55	46.7019
56	47.8447
57	46.3258
58	43.2856
59	43.4758
60	41.9024
61	41.3716
62	37.6502
63	38.4230
64	35.9791
65	35.5332
66	35.4848
67	33.3326
68	31.5264
69	31.6100
70	32.4351
71	31.5482
72	31.4300
73	31.0000
74	31.0265
75	31.6152
76	33.4412
77	31.9734
78	31.5031
79	31.5563
80	32.4153
81	31.0344
82	31.4757
83	31.1316
84	33.5083
85	33.5175
86	33.9760
87	34.0590
88	34.4207
89	33.5448
90	34.5220
91	34.4333
92	33.1928
93	34.6090
94	36.5215
95	35.4618
96	34.4701
97	34.5681
98	34.8208
99	32.4522
100	33.4630
101	33.5066
102	32.9354
103	32.1634
104	33.1127
105	34.5941
106	34.9959
107	33.5073
108	32.8473
109	32.5143
110	33.4025
111	32.9663
112	32.6909
113	34.0954
114	33.5267
115	32.8854
116	31.6576
117	32.6948
118	33.9867
119	33.9313
120	35.0839
121	35.8805
122	34.6942
123	35.6771
124	34.3276
125	35.8426
126	35.9491
127	33.7199
128	36.8924
129	35.8469
130	36.4657
131	37.1797
132	37.1592
133	36.5931
134	37.2020
135	39.3978
136	41.6543
137	40.9210
138	43.7784
139	43.7815
140	41.7595
141	41.8725
142	41.9730
143	44.2739
144	46.9131
145	57.4564
146	65.2964
147	69.5310
148	68.5150
149	67.9631
150	67.2094
151	63.6828
152	65.0563
153	59.8279
154	58.4631
155	62.2978
156	66.5010
157	64.5647
158	62.8693
159	58.8148
160	56.6904
161	51.5605
162	50.7896
163	49.1636
164	48.0622
165	45.9784
166	43.5213
167	42.9093
168	44.8390
169	43.4697
170	42.2201
171	41.6326
172	41.8155
173	38.3368
174	39.0860
175	38.2971
176	39.0864
177	39.4430
178	38.0994
179	41.4791
180	40.0997
181	41.5150
182	40.4316
183	42.6897
184	44.4902
185	45.0229
186	46.5808
187	48.7704
188	50.0260
189	52.1927
190	53.3403
191	52.4970
192	52.1933
193	51.3333
194	48.4445
195	47.1188
196	50.1995
197	47.0014
198	48.4335
199	48.0697
200	48.5038
201	48.7370
202	50.2089
203	49.9607
204	49.1127
205	45.0780
206	42.6030
207	41.6097
208	39.0510
209	37.1382
210	34.8068
211	34.6390
212	32.8189
213	33.9914
214	32.0843
215	32.3974
216	31.3954
217	31.2992
218	31.6700
219	31.1213
220	31.7356
221	31.2209
222	30.5418
223	32.3088
224	31.4899
225	30.1195
226	31.9651
227	32.9376
228	33.4934
229	32.6832
230	32.2497
231	33.5908
232	33.5247
233	32.2966
234	33.8239
235	33.8260
236	33.5266
237	32.2469
238	33.5526
239	33.6950
240	32.6646
241	31.6193
242	34.5392
243	33.2970
244	31.4584
245	34.9609
246	32.1509
247	32.3215
248	33.0450
249	32.7400
250	33.4474
251	32.6841
252	31.8373
253	31.3175
254	29.9112
255	32.2877
256	32.2110
257	31.3147
258	31.1349
259	31.7974
260	32.3192
261	33.4398
262	31.9785
263	31.8847
264	31.7650
265	31.3868
266	32.0887
267	31.8134
268	31.1284
269	31.7498
270	32.2077
271	32.9092
272	32.2315
273	32.4838
274	31.0922
275	30.8806
276	30.2099
277	31.4232
278	32.4600
279	30.9661
280	31.3082
281	31.7261
282	30.7572
283	30.2421
284	30.5177
285	29.0746
286	29.5600
287	28.4270
288	29.9122
289	30.0362
290	30.1083
291	30.6048
292	29.9455
293	29.9476
294	29.9600
295	30.5986
296	32.3063
297	30.2167
298	31.4148
299	32.6567
300	31.9702
301	31.7822
302	30.9665
303	30.9819
304	31.0106
305	30.9571
306	31.0000
307	31.2145
308	31.7848
309	30.7881
310	30.0204
311	30.8859
312	33.5525
313	31.8081
314	31.4417
315	32.3298
316	30.0009
317	30.4451
318	31.7778
319	31.2204
320	31.5472
321	30.0049
322	30.4538
323	31.8000
324	31.2596
325	31.9806
326	32.0091
327	31.7699
328	31.0581
329	31.0461
330	31.2577
331	31.7205
332	31.6803
333	33.7987
334	32.5433
335	31.4053
336	32.9534
337	32.9391
338	32.9901
339	32.7399
340	32.5104
341	34.0115
342	34.7432
343	37.1998
344	37.7465
345	37.6667
346	39.6853
347	38.6654
348	38.0000
349	38.0000
350	38.0000
351	37.9830
352	38.6491
353	40.0113
354	38.2930
355	40.6353
356	39.2933
357	37.3518
358	37.6030
359	36.2407
360	34.7263
361	33.1758
362	31.0000
363	30.9761
364	30.7228
365	29.9169
366	28.3333
367	27.0495
368	29.3299
369	28.2579
370	28.9718
371	28.4568
372	27.6875
373	28.7694
374	27.8560
375	27.3189
376	28.3720
377	29.6874
378	29.7942
379	30.1883
380	28.5725
381	27.5921
382	28.4011
383	28.8686
384	29.1375
385	31.7840
386	30.4928
387	28.0021
388	29.1468
389	29.1488
390	29.0687
391	29.3516
392	29.8915
393	29.2181
394	33.1876
395	33.3479
396	32.4453
397	33.1176
398	34.6115
399	33.0751
400	33.4352
401	34.7198
402	34.7103
403	37.2289
404	39.3332
405	39.8478
406	39.3361
407	40.1866
408	39.7960
409	38.8638
410	38.4270
411	36.7760
412	35.0559
413	31.9106
414	30.9119
415	30.0854
416	29.7348
417	29.6454
418	29.8516
419	29.5384
420	29.2454
421	30.9853
422	30.2432
423	29.4490
424	28.6008
425	27.8546
426	26.7786
427	26.7842
428	25.4370
429	25.8658
430	24.9295
431	25.6117
432	24.8746
433	25.0952
434	24.6010
435	24.7787
436	25.9246
437	25.7505
438	25.6714
439	25.2637
440	24.7442
441	24.5929
442	24.8654
443	26.0665
444	25.5075
445	25.3110
446	26.0608
447	26.1297
448	25.6298
449	24.9653
450	24.8752
451	24.1758
452	24.3844
453	24.2270
454	24.8053
455	24.7734
456	24.6080
457	25.5177
458	25.2834
459	25.4500
460	28.4872
461	28.0447
462	30.0419
463	31.2652
464	31.5758
465	31.8926
466	30.3948
467	30.7974
468	29.7436
469	28.9074
470	29.5720
471	30.0000
472	30.6597
473	33.4379
474	38.4354
475	44.1036
476	48.7796
477	52.7778
0	28.6667
1	31.0000
2	30.9995
3	30.6771
4	29.6574
5	29.3426
6	29.0029
7	29.7009
8	30.6983
9	30.3707
10	33.2750
11	30.9313
12	31.0054
13	31.6369
14	31.3787
15	32.9972
16	32.7297
17	32.3677
18	32.2719
19	33.3516
20	31.7732
21	33.4048
22	35.2331
23	34.7253
24	35.5931
25	34.2313
26	34.3990
27	34.9853
28	34.2432
29	35.5979
30	35.2368
31	36.6191
32	37.3939
33	37.2459
34	39.4091
35	39.6422
36	41.7421
37	47.6135
38	48.5815
39	50.8704
40	55.1048
41	58.9381
42	65.6405
43	67.6649
44	66.7887
45	68.6667
46	62.7724
47	60.0466
48	56.7548
49	57.1413
50	52.4841
51	53.6669
52	51.0503
53	49.2963
54	48.2682
55	46.4486
56	46.3763
57	44.4637
58	42.2892
59	38.4453
60	40.0309
61	36.9574
62	36.0000
63	35.8474
64	32.5714
65	33.3476
66	32.0270
67	31.5668
68	34.4019
69	31.9581
70	31.9981
71	32.0157
72	32.8978
73	30.9741
74	30.9988
75	31.0612
76	32.5335
77	33.0272
78	33.4761
79	32.9743
80	32.5010
81	32.6167
82	34.4868
83	34.1584
84	36.4607
85	36.0681
86	37.5120
87	37.5137
88	37.9051
89	37.0323
90	37.5548
91	37.8877
92	35.4957
93	34.9916
94	34.1533
95	35.3037
96	33.0000
97	33.0678
98	34.0525
99	34.9214
100	37.0581
101	35.3591
102	32.8801
103	32.5097
104	32.1127
105	33.4722
106	32.5185
107	33.3345
108	32.0422
109	32.5430
110	32.4284
111	33.8343
112	33.3981
113	33.0450
114	33.5723
115	33.6548
116	34.5641
117	34.3268
118	33.2712
119	33.5626
120	35.2046
121	35.6219
122	35.8996
123	34.8684
124	35.5448
125	36.8086
126	34.9629
127	36.6349
128	36.9720
129	36.7126
130	37.8534
131	38.2877
132	39.0000
133	39.0721
134	39.4544
135	36.7248
136	39.8824
137	38.7589
138	38.7420
139	38.4427
140	36.8690
141	37.9015
142	36.9008
143	36.1265
144	37.2432
145	37.0278
146	37.1484
147	36.1240
148	37.1218
149	36.2545
150	36.1221
151	37.5497
152	36.7976
153	37.4403
154	35.7302
155	36.2704
156	35.7142
157	36.1467
158	37.6289
159	39.6296
160	36.7065
161	36.9741
162	36.6730
163	36.4472
164	34.7141
165	35.0740
166	35.6794
167	35.9631
168	35.6789
169	35.5510
170	35.0451
171	35.6685
172	37.6089
173	36.5497
174	37.6499
175	37.5077
176	39.3821
177	42.0261
178	41.6983
179	43.9066
180	45.3257
181	46.1342
182	50.3815
183	52.7804
184	51.3734
185	51.5910
186	48.4403
187	45.7880
188	45.5690
189	45.6332
190	44.7345
191	43.2669
192	45.4658
193	48.6108
194	49.5452
195	50.1091
196	50.5572
197	47.2782
198	44.1471
199	43.1532
200	40.5461
201	37.5056
202	35.6943
203	33.7897
204	32.5561
205	32.5445
206	31.2686
207	31.3644
208	30.5122
209	29.2587
210	30.8871
211	31.2895
212	29.8765
213	30.2914
214	29.6699
215	31.3858
216	32.8281
217	28.8743
218	30.3939
219	31.5681
220	32.0403
221	30.2461
222	31.4423
223	30.4452
224	29.7809
225	30.9010
226	31.3244
227	30.9376
228	31.4934
229	30.4528
230	28.8453
231	30.0714
232	28.7482
233	29.7460
234	29.6700
235	31.0898
236	30.1082
237	30.5510
238	30.3047
239	31.2493
240	28.8608
241	31.2876
242	30.1054
243	29.8962
244	30.2463
245	30.2851
246	28.2759
247	27.9505
248	27.6932
249	30.4780
250	28.2747
251	29.9787
252	31.6612
253	30.5988
254	29.6450
255	28.3564
256	29.8211
257	29.1796
258	29.7528
259	28.8461
260	29.7630
261	29.3778
262	29.5152
263	28.0175
264	31.1636
265	31.3539
266	29.3312
267	30.9528
268	31.2022
269	29.2328
270	29.6101
271	28.8403
272	29.1717
273	29.3873
274	27.7236
275	30.1575
276	30.4891
277	29.4398
278	30.5276
279	28.5442
280	27.2736
281	28.4776
282	28.8788
283	29.3665
284	31.0559
285	31.2917
286	29.3729
287	30.6564
288	29.8366
289	29.9515
290	29.9881
291	29.7861
292	29.5160
293	31.0999
294	31.5298
295	30.0567
296	30.1337
297	31.0091
298	31.0245
299	30.9602
300	30.7684
301	29.8328
302	29.6719
303	31.5403
304	30.0462
305	29.7869
306	29.2138
307	29.6006
308	28.5247
309	30.1971
310	30.5609
311	29.0230
312	29.0055
313	29.2351
314	30.0000
315	30.2174
316	30.9925
317	30.7773
318	30.2222
319	31.4433
320	32.7689
321	31.9951
322	32.0038
323	32.4677
324	33.3265
325	31.4736
326	32.5352
327	31.4716
328	32.5416
329	31.4651
330	32.5697
331	31.5108
332	33.0157
333	32.5105
334	31.2256
335	31.7553
336	32.2229
337	35.2443
338	33.3984
339	35.2137
340	36.2399
341	36.4247
342	35.0623
343	35.0797
344	35.7081
345	37.6887
346	36.2140
347	34.5918
348	36.2755
349	36.4789
350	35.0671
351	35.5428
352	36.2796
353	33.7905
354	33.1719
355	33.2167
356	31.1193
357	31.4336
358	31.4787
359	29.7063
360	28.8586
361	28.6394
362	29.7237
363	28.9296
364	28.9264
365	28.9846
366	29.5430
367	28.8209
368	28.9491
369	28.6188
370	27.1617
371	27.0576
372	27.3687
373	27.5388
374	26.7133
375	27.1620
376	29.2952
377	28.2960
378	29.0261
379	28.0852
380	26.8495
381	28.8434
382	29.4036
383	28.1363
384	28.3325
385	28.8973
386	28.7303
387	28.0000
388	28.5025
389	29.6198
390	29.3960
391	31.1534
392	32.4521
393	31.7807
394	33.5653
395	32.3756
396	32.3662
397	35.5491
398	35.2483
399	35.4692
400	39.0115
401	38.8811
402	37.4352
403	37.5125
404	37.3099
405	37.0176
406	34.7524
407	33.0000
408	32.1447
409	29.8909
410	29.9008
411	30.6101
412	30.9505
413	31.9745
414	31.8777
415	30.7231
416	30.8287
417	30.1237
418	28.9435
419	27.9123
420	28.2766
421	27.8836
422	26.5905
423	26.4652
424	26.4609
425	27.3210
426	26.3804
427	25.6872
428	26.0005
429	25.8557
430	26.4464
431	25.4809
432	25.1990
433	25.6860
434	25.6611
435	26.3785
436	26.9427
437	26.1733
438	26.0000
439	26.2290
440	26.8944
441	26.7690
442	25.7400
443	25.8191
444	25.7541
445	25.9060
446	26.7792
447	25.4983
448	26.2277
449	25.9873
450	25.3468
451	26.8484
452	25.5618
453	25.5660
454	25.9779
455	27.3589
456	28.3793
457	27.9192
458	27.4013
459	27.7741
460	27.7492
461	28.2491
462	28.0755
463	29.3440
464	29.0887
465	30.0509
466	29.7754
467	29.8631
468	32.2053
469	35.6667
470	39.3236
471	45.5359
472	53.3230
473	59.7628
474	64.5772
475	62.0182
476	55.0091
477	49.8889
0	29.6667
1	27.3354
2	27.3357
3	34.9896
4	39.0334
5	32.9838
6	28.3848
7	28.6471
8	27.6499
9	27.6437
10	27.0160
11	29.2729
12	27.4333
13	27.3631
14	27.6311
15	27.0000
16	27.0041
17	27.3852
18	28.7454
19	28.9950
20	28.6073
21	27.4012
22	28.9751
23	27.3930
24	28.0907
25	28.6210
26	28.9637
27	26.9958
28	26.8317
29	29.1872
30	28.0210
31	29.0002
32	28.9756
33	27.9955
34	27.8613
35	30.0199
36	30.8119
37	30.5845
38	30.4707
39	32.5623
40	31.7392
41	31.4526
42	32.5369
43	31.2004
44	32.7272
45	32.8959
46	34.1543
47	34.5495
48	34.0291
49	34.8616
50	34.5030
51	32.9005
52	33.5192
53	35.4938
54	33.8594
55	32.9616
56	32.0430
57	33.0906
58	33.0369
59	33.8540
60	32.4852
61	33.0283
62	31.8400
63	30.0014
64	31.4878
65	30.5091
66	30.0053
67	28.9993
68	30.0233
69	29.5933
70	31.0489
71	31.9761
72	31.4638
73	30.4092
74	29.0563
75	30.4313
76	29.0686
77	30.0204
78	29.9789
79	29.6113
80	31.4730
81	30.9712
82	30.5705
83	31.9862
84	31.9114
85	30.4885
86	30.5465
87	31.4824
88	31.4784
89	31.9651
90	32.1971
91	34.2215
92	30.5719
93	32.0650
94	32.9960
95	32.8022
96	30.9667
97	31.5361
98	32.3333
99	29.6736
100	31.3233
101	29.7441
102	32.2294
103	30.5026
104	29.9774
105	30.8376
106	28.9012
107	30.3345
108	29.1509
109	31.0000
110	31.1202
111	32.6099
112	32.8801
113	29.9724
114	31.3401
115	31.9196
116	31.1154
117	32.5505
118	33.8351
119	32.0832
120	32.9794
121	32.6617
122	31.7444
123	33.4088
124	33.3010
125	32.2801
126	33.1538
127	32.6707
128	33.3983
129	33.4694
130	34.3384
131	35.5882
132	35.2977
133	34.4447
134	35.1512
135	36.6525
136	36.7149
137	34.1551
138	35.5626
139	35.1214
140	36.1062
141	34.7564
142	35.0915
143	36.7096
144	34.9728
145	34.8634
146	36.1387
147	36.5020
148	35.3312
149	35.6717
150	35.5618
151	37.1707
152	35.5135
153	34.3829
154	34.8659
155	36.4130
156	36.8169
157	35.3263
158	35.5556
159	37.0370
160	34.6310
161	34.4431
162	35.4570
163	36.2509
164	35.6293
165	35.4476
166	37.0790
167	37.5239
168	36.1299
169	34.9719
170	36.6656
171	36.7610
172	35.1668
173	36.1870
174	34.9046
175	36.3515
176	36.2094
177	37.7044
178	37.8160
179	39.0103
180	42.1258
181	42.9098
182	42.6304
183	45.2196
184	46.8838
185	48.3729
186	50.9291
187	50.9865
188	49.7872
189	49.8996
190	48.0259
191	47.8719
192	45.8067
193	46.1560
194	45.6807
195	47.1751
196	48.3515
197	47.9057
198	50.4969
199	50.1530
200	47.9564
201	47.2989
202	44.0863
203	40.9540
204	37.7951
205	37.5702
206	34.6783
207	32.8010
208	32.7428
209	31.3412
210	31.8865
211	31.3056
212	31.6296
213	30.8126
214	31.0000
215	31.0000
216	31.0000
217	30.6967
218	29.3293
219	31.1121
220	30.5818
221	29.4983
222	30.0927
223	30.7258
224	31.5507
225	32.3286
226	32.2854
227	33.4920
228	31.8113
229	31.8731
230	32.3156
231	32.8386
232	32.1037
233	32.4050
234	31.3108
235	32.6569
236	36.1933
237	37.4167
238	38.1935
239	35.6110
240	34.2680
241	32.9658
242	32.3113
243	33.6997
244	32.9735
245	32.7282
246	31.8071
247	30.4427
248	31.7308
249	30.8218
250	29.7843
251	31.8143
252	30.7563
253	32.4937
254	30.5952
255	32.2483
256	30.5599
257	32.9253
258	32.0000
259	32.5896
260	34.8358
261	32.8369
262	32.3246
263	31.0897
264	32.0209
265	32.3786
266	33.5842
267	33.3859
268	32.2528
269	32.7479
270	32.2513
271	33.0908
272	33.7501
273	32.9576
274	32.4721
275	32.7523
276	32.0881
277	31.8924
278	31.2618
279	31.6579
280	30.3879
281	31.0305
282	31.1212
283	30.8313
284	30.3127
285	30.8284
286	30.1074
287	30.5756
288	32.1325
289	29.1701
290	29.5108
291	31.2600
292	31.8282
293	31.1738
294	31.8552
295	31.2728
296	31.9634
297	32.1984
298	32.3770
299	30.7529
300	33.2096
301	33.7897
302	33.0142
303	32.8578
304	32.4818
305	33.9513
306	33.3602
307	31.7111
308	34.1898
309	34.9623
310	34.5477
311	33.0262
312	33.2224
313	33.7603
314	32.9851
315	33.4326
316	34.9916
317	34.3326
318	32.0000
319	32.2229
320	33.4472
321	34.7757
322	34.0019
323	34.0034
324	34.2070
325	35.0000
326	34.7722
327	34.2199
328	35.2065
329	36.0249
330	35.4943
331	34.1978
332	35.1665
333	35.9130
334	35.9329
335	35.2514
336	33.9592
337	36.7434
338	35.8057
339	35.7443
340	37.7734
341	37.5018
342	38.7588
343	38.8261
344	40.4909
345	39.0430
346	39.4552
347	39.9527
348	37.7772
349	40.2122
350	41.1596
351	41.8069
352	40.7716
353	40.4943
354	41.3348
355	40.0000
356	39.9802
357	39.2514
358	36.9385
359	36.1862
360	36.0476
361	33.7477
362	33.4826
363	33.7091
364	30.9069
365	32.5150
366	31.5349
367	32.3343
368	31.1763
369	31.2738
370	30.1090
371	30.5144
372	31.1699
373	29.5989
374	28.6867
375	28.6630
376	31.7692
377	31.5528
378	32.2201
379	30.5810
380	30.4646
381	30.8286
382	29.5353
383	30.1996
384	30.2312
385	30.6283
386	30.0385
387	30.3760
388	31.2711
389	31.5372
390	31.1863
391	33.3931
392	33.0000
393	33.3610
394	34.9692
395	36.6772
396	37.0402
397	37.4451
398	36.3714
399	38.5444
400	40.8264
401	39.7194
402	43.1950
403	46.0200
404	48.9570
405	52.0115
406	51.3004
407	50.1252
408	49.0622
409	45.2104
410	43.2126
411	40.0935
412	38.7997
413	39.0500
414	37.3741
415	38.4946
416	40.7789
417	41.7684
418	40.6820
419	41.1159
420	42.4299
421	40.8761
422	39.0894
423	37.5975
424	33.8230
425	31.3210
426	30.1782
427	29.0017
428	29.0785
429	31.5202
430	36.2638
431	28.5539
432	29.1254
433	28.2996
434	27.9318
435	29.4291
436	29.3259
437	29.5010
438	29.0387
439	28.6869
440	29.8537
441	29.2287
442	29.3509
443	28.9477
444	29.8536
445	30.0716
446	31.2455
447	30.9608
448	30.1990
449	29.5716
450	29.5870
451	29.9210
452	29.4570
453	29.1431
454	31.1363
455	30.9283
456	30.7738
457	32.8947
458	33.1056
459	32.9303
460	33.2402
461	33.3829
462	35.2673
463	36.7360
464	36.0000
465	36.7746
466	39.2328
467	41.7752
468	43.9881
469	47.0417
470	51.8904
471	56.1098
472	62.4224
473	71.5285
474	85.5081
475	106.5182
476	127.5467
477	141.0000
0	31.3333
1	30.6646
2	30.6620
3	30.3229
4	31.3231
5	33.6527
6	32.6568
7	33.2974
8	31.9519
9	32.3588
10	33.4143
11	32.9978
12	32.7277
13	34.0098
14	35.0934
15	35.6419
16	36.2562
17	35.3840
18	36.6117
19	35.2453
20	34.6178
21	34.1448
22	35.0080
23	35.5698
24	38.1978
25	36.1867
26	37.8576
27	38.9655
28	37.1964
29	38.2032
30	37.8514
31	40.6147
32	41.1992
33	41.1950
34	41.2055
35	41.8615
36	43.8399
37	46.4520
38	48.0733
39	50.7840
40	51.8786
41	53.4600
42	54.8891
43	56.5090
44	59.2636
45	58.9317
46	61.3215
47	62.3941
48	65.3120
49	65.5952
50	65.0043
51	65.0910
52	64.2586
53	62.4362
54	62.1263
55	59.8667
56	58.9734
57	55.8478
58	54.3775
59	52.4228
60	49.5058
61	46.8449
62	46.7561
63	44.4656
64	41.4913
65	41.8211
66	38.0810
67	38.5786
68	38.4252
69	35.4067
70	33.9765
71	33.4425
72	32.0747
73	33.4367
74	32.5404
75	33.0803
76	33.4804
77	33.0816
78	34.4542
79	33.5544
80	34.4969
81	34.4347
82	33.5619
83	34.5229
84	35.0477
85	35.4811
86	35.0016
87	35.0884
88	35.7228
89	32.1916
90	34.5682
91	35.7794
92	34.0153
93	34.8663
94	32.9432
95	33.0974
96	34.5325
97	35.3641
98	34.0685
99	34.9308
100	33.9121
101	32.9604
102	35.8642
103	34.0914
104	33.9599
105	33.5121
106	34.3827
107	34.9497
108	34.2875
109	34.0381
110	35.7694
111	33.1112
112	34.4657
113	34.7917
114	34.1253
115	35.3556
116	32.8594
117	33.1635
118	34.8351
119	33.1316
120	34.5010
121	33.8057
122	36.0123
123	34.1561
124	33.5448
125	35.0520
126	35.4397
127	33.9960
128	35.6960
129	32.7483
130	34.0108
131	32.1633
132	33.7485
133	33.2780
134	31.8377
135	33.8695
136	32.4871
137	31.3137
138	31.9636
139	31.5398
140	30.7960
141	31.3310
142	31.9740
143	31.8236
144	32.4435
145	30.9559
146	32.8327
147	31.2189
148	30.0369
149	30.4215
150	30.9631
151	30.7607
152	31.5482
153	30.2712
154	29.9013
155	29.5584
156	31.3396
157	31.2635
158	30.8120
159	31.8148
160	30.4808
161	31.3704
162	28.9630
163	28.8260
164	30.0406
165	30.1975
166	29.0771
167	29.8833
168	29.0738
169	29.9053
170	31.6887
171	29.3746
172	29.5195
173	30.9091
174	29.7001
175	30.4371
176	30.5296
177	29.3096
178	29.2737
179	28.4165
180	29.3059
181	29.1914
182	27.7705
183	29.2595
184	29.8714
185	29.3157
186	30.8686
187	27.0718
188	27.8318
189	29.5975
190	28.9001
191	29.9021
192	29.3553
193	29.9229
194	29.6397
195	29.0703
196	29.3045
197	27.9322
198	27.9522
199	30.4027
200	28.4578
201	29.2962
202	26.8794
203	29.2375
204	28.9659
205	28.7970
206	29.2116
207	30.1761
208	28.5618
209	29.0424
210	28.6799
211	30.0000
212	29.7366
213	28.2529
214	28.4035
215	28.1835
216	28.0864
217	28.7603
218	29.4611
219	28.0442
220	30.3563
221	30.1719
222	29.7522
223	28.2425
224	27.2376
225	26.8003
226	29.0305
227	29.1908
228	29.1286
229	29.0332
230	29.9941
231	28.8386
232	28.0000
233	28.1628
234	28.8365
235	28.1928
236	29.3085
237	29.8906
238	29.3354
239	29.4153
240	29.8639
241	29.8588
242	29.1324
243	29.2499
244	30.4390
245	30.2275
246	30.0469
247	31.0257
248	31.1213
249	30.9497
250	30.9394
251	31.4984
252	29.4662
253	30.8714
254	30.3506
255	30.6047
256	29.9767
257	29.7155
258	29.1803
259	29.7052
260	28.6619
261	30.0000
262	29.8169
263	29.0000
264	29.0000
265	28.5062
266	26.8239
267	29.0000
268	29.2069
269	29.9341
270	29.8800
271	32.6695
272	32.4583
273	34.1908
274	35.0000
275	34.8425
276	33.9662
277	33.2463
278	34.0778
279	34.0705
280	31.7325
281	32.8616
282	29.3331
283	30.2711
284	31.0288
285	30.4909
286	29.3729
287	30.6695
288	30.0248
289	30.1276
290	28.0936
291	27.8197
292	27.4949
293	29.0107
294	29.0296
295	28.7556
296	28.1973
297	28.5774
298	27.2991
299	28.1774
300	29.3956
301	31.1184
302	31.5373
303	29.3219
304	27.8479
305	30.0791
306	27.2732
307	28.2096
308	28.9745
309	29.1823
310	29.7775
311	29.2371
312	30.2082
313	30.5717
314	29.4632
315	30.7764
316	29.5635
317	28.2253
318	28.7778
319	29.1144
320	32.5388
321	30.5507
322	28.5713
323	27.6782
324	29.7501
325	29.4702
326	31.1981
327	31.7569
328	30.7660
329	30.4368
330	31.5368
331	30.2879
332	30.9638
333	30.9517
334	31.2491
335	31.8455
336	31.1043
337	31.7674
338	34.2362
339	34.3310
340	32.8425
341	34.9518
342	34.4837
343	32.5457
344	31.3232
345	31.3040
346	29.3450
347	30.5163
348	31.4813
349	29.3650
350	27.4458
351	28.6302
352	29.6827
353	28.9266
354	28.6398
355	27.3481
356	26.0995
357	26.6013
358	27.9371
359	28.4802
360	29.2015
361	27.7787
362	29.7688
363	29.2350
364	27.6368
365	26.7303
366	27.9743
367	28.2064
368	29.0240
369	28.8413
370	29.8933
371	31.7531
372	29.6019
373	30.0978
374	34.0973
375	37.4792
376	38.8455
377	43.9886
378	46.8149
379	46.7690
380	45.4953
381	42.5453
382	38.9656
383	37.2969
384	34.4262
385	32.5905
386	31.5877
387	30.3927
388	29.7288
389	31.4481
390	31.3451
391	30.7779
392	31.8341
393	28.8826
394	28.1593
395	28.2060
396	28.5133
397	28.4911
398	27.4458
399	28.4960
400	28.9682
401	27.7685
402	27.1266
403	27.0502
404	27.0276
405	26.7901
406	27.0798
407	26.4569
408	25.6898
409	26.4080
410	27.0694
411	26.4262
412	26.9433
413	26.6847
414	26.4007
415	26.6258
416	27.0860
417	27.3753
418	27.8669
419	26.3276
420	28.0000
421	27.8094
422	26.4878
423	24.5053
424	25.3580
425	26.7335
426	26.4314
427	26.9301
428	25.9083
429	25.9441
430	27.1642
431	25.9772
432	26.3337
433	26.0730
434	26.3990
435	26.6802
436	26.5052
437	26.3480
438	25.9230
439	25.7463
440	25.6727
441	25.6650
442	25.6231
443	25.2431
444	25.7256
445	25.2372
446	26.6985
447	26.2568
448	26.0454
449	26.0632
450	25.5419
451	26.6333
452	26.4772
453	26.3391
454	25.9012
455	26.1826
456	26.2600
457	26.1285
458	27.2378
459	27.6236
460	28.7980
461	28.6454
462	28.0640
463	28.9408
464	30.1545
465	30.4328
466	30.7908
467	30.3473
468	30.2053
469	33.2352
470	35.1242
471	37.8778
472	41.8656
473	46.8758
474	51.5521
475	52.6694
476	50.3396
477	47.0000
0	32.3333
1	31.3364
2	32.6727
3	31.0188
4	31.0047
5	32.6922
6	33.9987
7	33.6877
8	32.0036
9	32.6582
10	34.2894
11	33.9841
12	31.9359
13	33.2705
14	32.3849
15	34.6352
16	34.6137
17	32.9093
18	34.2625
19	34.6118
20	33.5168
21	34.6337
22	35.3736
23	35.0222
24	36.3540
25	34.6385
26	35.9959
27	35.7620
28	34.8308
29	35.2272
30	37.3962
31	37.4374
32	39.2215
33	40.2273
34	41.6480
35	43.8333
36	44.6741
37	46.1584
38	45.4817
39	47.9841
40	47.4544
41	48.8401
42	52.1480
43	51.8689
44	52.6228
45	54.1041
46	52.9560
47	55.7883
48	53.5762
49	53.8572
50	53.5363
51	56.1549
52	53.7638
53	50.6091
54	51.9036
55	49.4619
56	49.7715
57	48.8407
58	45.3796
59	54.1343
60	48.4096
61	43.5421
62	43.4769
63	40.5551
64	40.8955
65	38.7855
66	41.6284
67	42.4523
68	40.9541
69	41.0230
70	41.4312
71	40.4839
72	40.5110
73	40.4360
74	40.5115
75	40.4827
76	39.9992
77	39.9901
78	40.0271
79	40.3887
80	38.5830
81	40.0622
82	41.0764
83	42.3619
84	40.0587
85	40.8812
86	39.0000
87	39.0646
88	40.0691
89	40.0075
90	39.6506
91	41.4390
92	39.5144
93	40.1328
94	40.5093
95	41.9040
96	41.4654
97	41.4897
98	41.9187
99	42.8921
100	42.5749
101	42.9552
102	42.2294
103	40.5351
104	40.3934
105	40.9345
106	40.1029
107	40.0503
108	40.6792
109	40.7095
110	40.7792
111	38.3648
112	41.1594
113	41.3736
114	40.8475
115	42.3572
116	41.5298
117	40.9871
118	40.8652
119	41.1656
120	40.9040
121	38.2537
122	40.8844
123	39.7525
124	40.9133
125	39.9833
126	39.7868
127	39.7594
128	41.1664
129	38.8640
130	39.2675
131	38.2029
132	40.1592
133	39.5001
134	38.9278
135	38.2250
136	37.9996
137	36.6569
138	37.0000
139	37.0242
140	37.1558
141	36.3930
142	37.5058
143	36.3669
144	36.3920
145	36.5360
146	35.7782
147	36.6918
148	34.2734
149	36.5719
150	36.0232
151	36.6633
152	36.4865
153	37.3703
154	35.1042
155	35.9406
156	35.3333
157	32.7722
158	33.8484
159	35.2963
160	35.0322
161	35.2662
162	34.6338
163	34.4787
164	35.7918
165	36.4486
166	34.8394
167	35.8849
168	34.6356
169	34.6507
170	34.2893
171	33.6254
172	33.8509
173	35.0000
174	35.0252
175	35.2481
176	35.4489
177	34.4314
178	34.7263
179	35.7086
180	35.7637
181	36.1747
182	36.2479
183	34.9083
184	34.4297
185	35.2559
186	34.2600
187	35.7386
188	34.3583
189	36.4048
190	34.3914
191	35.0054
192	33.4397
193	31.5948
194	32.1700
195	33.2065
196	34.4064
197	33.5408
198	32.8381
199	36.0510
200	33.1512
201	32.8801
202	35.0950
203	34.1382
204	34.9780
205	36.1385
206	35.1584
207	34.7418
208	34.7763
209	33.3569
210	32.8733
211	33.2681
212	32.1070
213	31.6397
214	32.5481
215	31.6342
216	33.8491
217	32.8805
218	32.0892
219	31.5941
220	32.8966
221	34.4389
222	33.5048
223	33.2186
224	34.4397
225	34.3876
226	33.0959
227	32.6402
228	33.0000
229	33.1899
230	33.8334
231	32.0883
232	32.7774
233	34.0580
234	34.1887
235	33.3480
236	33.1505
237	32.6104
238	34.6660
239	33.7503
240	33.4673
241	34.3842
242	35.4780
243	35.5881
244	36.4168
245	37.4825
246	36.8388
247	38.7280
248	38.8787
249	38.8763
250	38.0606
251	37.0000
252	36.6722
253	35.2890
254	35.9286
255	35.2944
256	33.7144
257	32.6408
258	31.5182
259	33.3781
260	31.4187
261	32.4616
262	31.1389
263	31.3508
264	31.5596
265	30.6255
266	33.2628
267	34.0400
268	30.8567
269	33.7115
270	36.8428
271	41.1095
272	42.2084
273	43.7854
274	46.3933
275	45.0000
276	44.1036
277	40.6145
278	40.8097
279	36.7392
280	35.6087
281	34.1507
282	34.3943
283	32.6845
284	32.1985
285	32.1896
286	29.5325
287	31.3333
288	29.3776
289	31.0725
290	30.7037
291	30.2149
292	31.0545
293	30.8369
294	29.8152
295	29.6652
296	31.2506
297	28.9394
298	28.6516
299	27.7695
300	29.6641
301	28.4976
302	29.3404
303	27.2184
304	28.0294
305	28.2346
306	29.0054
307	29.4472
308	30.9865
309	30.7356
310	30.4165
311	31.7680
312	30.9902
313	31.2164
314	31.9935
315	32.0000
316	31.5574
317	30.4410
318	32.0000
319	31.7729
320	30.9954
321	30.7883
322	30.0130
323	30.0024
324	30.4626
325	31.3253
326	29.9372
327	32.7672
328	32.2082
329	32.9716
330	32.7423
331	32.2669
332	32.7523
333	32.2495
334	33.2155
335	34.0273
336	33.7829
337	33.9935
338	37.4107
339	38.6519
340	37.9429
341	37.4500
342	35.5461
343	34.3320
344	35.2556
345	35.1499
346	32.5963
347	31.4377
348	30.0935
349	30.1633
350	30.2789
351	30.4572
352	29.0000
353	28.7714
354	28.5516
355	29.5616
356	28.4085
357	27.8136
358	25.6281
359	29.4155
360	29.7966
361	27.7750
362	29.2067
363	28.9761
364	28.7228
365	28.6821
366	30.3564
367	30.7936
368	30.1254
369	31.1267
370	31.7941
371	30.7160
372	30.9180
373	33.6667
374	36.7587
375	40.3927
376	44.9170
377	49.2277
378	51.7466
379	54.3505
380	56.5158
381	52.9914
382	50.5335
383	44.5231
384	42.0491
385	36.7834
386	33.9343
387	33.6429
388	32.2935
389	32.8414
390	33.6745
391	32.1896
392	33.0062
393	33.0620
394	30.5809
395	29.3506
396	28.5823
397	27.8220
398	28.2483
399	27.8169
400	29.5323
401	29.1891
402	28.2809
403	28.3364
404	26.8939
405	27.3923
406	27.1790
407	27.3955
408	27.1502
409	28.3403
410	28.9064
411	28.2582
412	28.1167
413	27.8031
414	28.5677
415	28.0000
416	28.4102
417	28.2495
418	26.2344
419	28.0877
420	27.8489
421	28.2307
422	28.6157
423	28.4507
424	28.8354
425	28.4791
426	28.3169
427	27.9079
428	28.3228
429	28.7646
430	29.1362
431	28.9216
432	29.1254
433	27.9971
434	27.0055
435	28.1410
436	27.2008
437	28.6317
438	29.6509
439	29.4643
440	27.9483
441	27.4071
442	28.2095
443	28.8714
444	28.6205
445	29.5234
446	28.4633
447	29.1683
448	29.7883
449	27.7254
450	27.8103
451	28.4546
452	29.1614
453	29.1574
454	29.8857
455	29.3487
456	30.6185
457	30.2311
458	30.1078
459	30.6681
460	30.4997
461	30.8475
462	32.4203
463	33.1073
464	32.7204
465	33.1433
466	33.8523
467	34.3403
468	37.0966
469	40.2240
470	43.1898
471	50.5192
472	57.4257
473	63.4408
474	64.2271
475	60.1274
476	55.5649
477	50.0000
0	33.0000
1	31.0016
2	33.3240
3	32.6604
4	32.6816
5	32.0348
6	32.9987
7	32.6962
8	32.7687
9	35.9937
10	34.9955
11	34.3542
12	34.0809
13	34.7212
14	34.7210
15	34.2914
16	36.2450
17	34.3840
18	35.6271
19	35.4861
20	35.0157
21	36.1155
22	35.0080
23	35.5116
24	34.6538
25	36.8697
26	38.3878
27	38.3941
28	38.5807
29	37.2480
30	39.0127
31	39.6015
32	39.6195
33	40.4349
34	41.8658
35	44.1729
36	43.7759
37	49.2054
38	48.2023
39	49.3317
40	52.4451
41	53.4600
42	54.9524
43	58.5454
44	57.6287
45	59.9865
46	59.6300
47	61.3804
48	59.8489
49	59.2335
50	57.0299
51	54.4645
52	55.0384
53	52.9712
54	52.0966
55	49.0219
56	46.9394
57	45.3950
58	43.9631
59	43.0376
60	41.8571
61	40.3989
62	38.9630
63	37.9828
64	34.6393
65	35.4368
66	33.4447
67	32.9223
68	33.4284
69	32.5053
70	33.0614
71	33.3590
72	31.1006
73	32.9228
74	31.5161
75	32.0703
76	33.0262
77	33.4143
78	32.0003
79	31.9190
80	30.5868
81	31.9153
82	30.5909
83	32.0572
84	32.9800
85	32.8972
86	31.9415
87	31.0590
88	31.6052
89	33.4204
90	32.5849
91	33.5241
92	33.4348
93	32.1402
94	32.4339
95	31.2245
96	33.4654
97	33.3542
98	31.9293
99	33.0761
100	33.0000
101	32.8140
102	30.6248
103	33.9546
104	32.1279
105	32.5605
106	33.9671
107	33.4743
108	32.4070
109	32.1001
110	33.2510
111	32.6670
112	33.9189
113	34.3784
114	32.2469
115	33.2649
116	31.5980
117	33.5185
118	32.8040
119	32.4657
120	33.0839
121	33.9651
122	33.6592
123	34.2369
124	32.5448
125	33.8960
126	32.6815
127	31.4536
128	32.0000
129	32.1803
130	33.8541
131	32.5392
132	34.0203
133	34.2604
134	34.5353
135	33.6006
136	32.1763
137	33.6834
138	31.9763
139	31.8719
140	33.0613
141	33.4684
142	31.9894
143	32.0094
144	33.1646
145	34.5082
146	33.3238
147	32.8314
148	31.4301
149	32.1539
150	33.1900
151	35.1626
152	34.1338
153	35.1017
154	33.6472
155	33.3193
156	33.3766
157	33.4556
158	31.7806
159	32.8519
160	34.2250
161	33.3676
162	33.6730
163	33.3732
164	31.0648
165	31.3991
166	32.1160
167	33.0000
168	32.8826
169	32.1550
170	33.1915
171	32.2255
172	31.8722
173	33.7734
174	33.8449
175	34.7894
176	34.0498
177	34.3582
178	33.9635
179	33.4949
180	32.0166
181	32.1209
182	32.1818
183	33.2868
184	32.1321
185	31.1364
186	31.2408
187	31.1896
188	32.1682
189	30.4989
190	31.7701
191	30.3373
192	30.9899
193	32.1560
194	31.5858
195	32.3239
196	32.7793
197	32.8952
198	32.1078
199	31.2845
200	31.5038
201	31.4561
202	31.1364
203	30.7368
204	32.1001
205	30.7474
206	29.3450
207	29.9227
208	29.6514
209	30.6922
210	30.3399
211	30.9669
212	30.8436
213	31.5356
214	33.1120
215	31.6987
216	31.0629
217	30.6024
218	32.6380
219	31.5181
220	30.2169
221	31.4041
222	31.4587
223	31.8946
224	32.4705
225	32.6478
226	31.9651
227	32.3636
228	30.3187
229	31.9701
230	31.6251
231	30.4301
232	29.9958
233	32.7810
234	30.1473
235	29.9429
236	29.3032
237	28.0063
238	30.4753
239	30.5270
240	31.7594
241	32.6360
242	30.6716
243	30.0660
244	30.9582
245	30.0262
246	30.3229
247	31.2701
248	31.6545
249	30.2894
250	28.5847
251	29.8985
252	29.4395
253	29.7541
254	30.9806
255	31.7051
256	29.8098
257	29.9024
258	28.9422
259	29.3836
260	29.9779
261	29.7417
262	29.1174
263	29.2779
264	30.1218
265	30.5432
266	29.8344
267	29.7934
268	32.1198
269	29.5235
270	31.0691
271	31.9923
272	32.4636
273	31.1368
274	31.4286
275	29.9881
276	29.3520
277	30.2462
278	30.9161
279	31.2444
280	32.4528
281	32.0260
282	32.4241
283	31.0000
284	30.8157
285	30.7969
286	33.0127
287	30.1300
288	30.4524
289	31.5794
290	30.9064
291	30.7966
292	30.0111
293	29.6751
294	28.3757
295	28.8421
296	28.2434
297	29.0183
298	29.0664
299	29.0166
300	29.0517
301	28.7615
302	28.2110
303	29.1918
304	29.5182
305	28.2676
306	28.8365
307	28.2508
308	28.9955
309	28.7652
310	28.1962
311	28.9802
312	29.2196
313	29.5426
314	28.0131
315	28.4389
316	29.5532
317	27.9963
318	28.4444
319	29.5523
320	27.5663
321	26.4696
322	28.4546
323	29.7638
324	29.2167
325	29.5458
326	27.7836
327	27.7206
328	29.9629
329	29.7523
330	29.2190
331	29.5018
332	28.4866
333	29.7819
334	29.5182
335	31.0000
336	30.7475
337	30.3913
338	31.4636
339	29.9896
340	30.4181
341	31.2232
342	29.0142
343	29.3871
344	30.5040
345	29.7955
346	31.6853
347	30.4377
348	29.0629
349	29.5052
350	30.1649
351	28.0170
352	28.7391
353	30.5332
354	29.1248
355	27.1744
356	27.6573
357	29.1269
358	29.7904
359	29.6847
360	28.4969
361	27.5045
362	29.4826
363	29.9388
364	27.7369
365	29.1963
366	28.4343
367	29.2843
368	28.0240
369	27.6110
370	27.6261
371	29.1111
372	29.1132
373	29.3459
374	30.2920
375	31.3816
376	32.4163
377	33.2474
378	33.1187
379	32.6149
380	32.2254
381	31.2630
382	29.3997
383	30.8637
384	29.9368
385	27.6148
386	28.1041
387	28.4626
388	29.2438
389	28.2314
390	28.8079
391	28.5879
392	28.7731
393	29.4939
394	28.4907
395	29.4434
396	29.4867
397	28.9541
398	29.0638
399	29.6604
400	29.6081
401	29.9409
402	29.9622
403	27.2816
404	28.2314
405	28.6378
406	28.3635
407	28.5821
408	28.2313
409	28.7547
410	28.2070
411	27.1950
412	27.8906
413	29.3705
414	28.9134
415	28.6114
416	27.4364
417	27.9395
418	28.3133
419	29.4077
420	28.4758
421	27.6773
422	28.9483
423	29.2095
424	28.4938
425	28.5756
426	29.9721
427	27.7475
428	27.9315
429	27.3232
430	27.6010
431	28.0643
432	28.3737
433	27.8685
434	28.5273
435	27.9254
436	27.9034
437	28.4025
438	28.6734
439	28.2006
440	27.6617
441	27.6918
442	26.9320
443	27.0146
444	27.5283
445	27.5951
446	27.3592
447	26.9967
448	27.7723
449	27.7851
450	28.6122
451	27.9121
452	27.8469
453	28.0007
454	27.6244
455	27.9262
456	28.0941
457	26.6584
458	28.1205
459	29.5467
460	30.3465
461	30.0831
462	29.9674
463	28.9022
464	31.1887
465	30.6331
466	31.5349
467	32.7546
468	35.2113
469	38.3613
470	41.5673
471	43.4178
472	45.2234
473	45.3362
474	44.1062
475	42.0042
476	39.8898
477	38.8889
0	34.6667
1	33.6711
2	33.9981
3	32.6631
4	33.9722
5	33.0325
6	33.3445
7	32.9985
8	32.7022
9	33.0748
10	35.9215
11	33.7177
12	34.3662
13	35.2879
14	36.2622
15	34.9790
16	33.0395
17	36.5373
18	37.6178
19	36.7364
20	36.0052
21	36.3956
22	37.6036
23	36.5499
24	37.9858
25	37.1585
26	37.3000
27	41.3637
28	40.0315
29	41.6218
30	42.4552
31	45.2292
32	46.4720
33	49.6205
34	50.6525
35	53.0344
36	54.4694
37	56.8310
38	57.2335
39	59.4855
40	62.0187
41	62.6790
42	62.8193
43	65.5291
44	63.9601
45	62.6929
46	62.0533
47	59.3094
48	55.7272
49	56.4270
50	52.5618
51	52.4842
52	50.3536
53	47.9300
54	46.1029
55	45.9271
56	43.9696
57	40.7790
58	39.9005
59	37.5017
60	36.5601
61	36.9770
62	36.4168
63	35.3112
64	33.4704
65	33.5758
66	34.5744
67	35.4769
68	34.4985
69	34.9811
70	35.4820
71	35.4664
72	34.4859
73	34.5122
74	34.5137
75	34.9287
76	33.9861
77	34.0544
78	34.9514
79	34.0275
80	34.5010
81	34.5028
82	34.5804
83	35.8693
84	34.0409
85	34.9406
86	34.0309
87	34.5784
88	35.5535
89	35.5871
90	35.9070
91	34.5241
92	34.6514
93	36.3724
94	35.1094
95	37.4308
96	36.1030
97	37.3961
98	35.5350
99	36.4660
100	35.3811
101	34.5444
102	36.9057
103	36.7322
104	34.5188
105	34.0585
106	33.4198
107	33.2562
108	34.9910
109	35.0141
110	36.5283
111	34.5558
112	34.3198
113	33.1129
114	34.3711
115	33.6190
116	32.5513
117	34.0345
118	34.2889
119	32.7165
120	31.4990
121	32.5325
122	33.7517
123	32.8476
124	31.3553
125	32.8402
126	33.5077
127	34.5108
128	33.6199
129	33.7382
130	32.9808
131	32.7679
132	32.6663
133	33.2604
134	33.4417
135	31.8836
136	33.0588
137	33.5017
138	32.5575
139	33.9945
140	31.8955
141	34.3091
142	33.5395
143	31.8236
144	32.6719
145	33.0000
146	32.7307
147	30.5930
148	32.5402
149	31.6826
150	32.1358
151	33.2312
152	32.6520
153	32.4772
154	31.2488
155	33.2110
156	32.2656
157	31.8819
158	33.5171
159	32.2593
160	31.8120
161	32.8120
162	31.4054
163	31.9454
164	31.3265
165	31.5108
166	32.3652
167	30.1151
168	31.5254
169	32.6064
170	32.0000
171	32.2022
172	33.7405
173	34.5136
174	38.5559
175	46.4484
176	52.5607
177	41.8008
178	37.6716
179	33.2392
180	32.5800
181	30.6646
182	31.3398
183	31.8449
184	32.5544
185	31.3491
186	31.0552
187	33.1209
188	32.1023
189	32.1280
190	31.7317
191	31.8672
192	32.5738
193	31.6525
194	32.4150
195	32.0660
196	32.5554
197	33.0552
198	33.3594
199	32.3599
200	31.3204
201	30.4202
202	31.4864
203	31.3061
204	30.2049
205	30.3619
206	32.4540
207	31.6334
208	29.6514
209	30.9968
210	32.2405
211	32.0857
212	33.7572
213	32.8512
214	31.9674
215	33.0065
216	39.3052
217	35.3654
218	32.7592
219	31.4728
220	31.5187
221	30.0628
222	30.6503
223	32.0938
224	32.3237
225	30.9929
226	31.6176
227	29.5421
228	29.7261
229	31.4702
230	31.1904
231	32.0210
232	31.2840
233	31.6590
234	30.7180
235	30.1740
236	30.2801
237	30.9146
238	31.4460
239	32.0000
240	32.1129
241	32.4219
242	31.1324
243	31.2862
244	32.5721
245	31.8288
246	30.9741
247	30.8768
248	30.6788
249	29.7903
250	32.6827
251	31.7580
252	30.9002
253	29.2890
254	30.1537
255	30.8915
256	31.1324
257	31.4769
258	30.0486
259	29.1909
260	29.7614
261	31.1606
262	32.0872
263	32.6748
264	31.7172
265	34.2181
266	35.5884
267	35.1739
268	34.7931
269	33.7286
270	32.9620
271	32.4802
272	31.2315
273	31.8113
274	31.5209
275	30.2185
276	30.5616
277	32.6872
278	31.2145
279	29.3740
280	31.1004
281	31.2558
282	29.2581
283	30.7434
284	30.0000
285	30.1992
286	31.0000
287	30.8125
288	29.6857
289	28.3475
290	29.2146
291	29.8532
292	29.2474
293	29.4179
294	27.5205
295	28.3731
296	26.7303
297	28.8107
298	28.4742
299	29.7512
300	29.1719
301	29.5812
302	28.3240
303	29.4350
304	30.7289
305	30.1586
306	30.7466
307	30.0099
308	30.0419
309	30.6733
310	32.7630
311	32.1880
312	32.3208
313	29.9767
314	29.7628
315	29.0063
316	28.7834
317	28.6648
318	30.5556
319	29.4423
320	30.7615
321	29.7673
322	29.0065
323	28.5533
324	27.9194
325	30.3093
326	28.2834
327	29.4802
328	30.3543
329	28.9392
330	31.2617
331	29.5045
332	31.0068
333	30.3480
334	28.7695
335	30.7386
336	30.4519
337	31.0159
338	28.2903
339	29.4402
340	30.3091
341	28.5500
342	29.2950
343	27.0650
344	26.6544
345	26.1635
346	29.1174
347	29.5181
348	30.5511
349	29.2509
350	27.5905
351	28.7547
352	27.7891
353	26.9182
354	26.9125
355	28.5231
356	27.7467
357	29.2966
358	27.9161
359	28.2296
360	29.0875
361	29.0947
362	29.6548
363	29.3412
364	30.6388
365	30.7044
366	30.5196
367	30.0000
368	30.4604
369	32.8176
370	36.7598
371	39.2387
372	39.7817
373	43.9147
374	43.7080
375	41.6642
376	38.1473
377	37.1511
378	34.7952
379	33.8044
380	33.1825
381	31.7689
382	31.1342
383	30.7957
384	30.2042
385	31.1027
386	31.0385
387	30.6038
388	28.8034
389	28.2749
390	29.7235
391	30.1109
392	28.6180
393	29.6113
394	28.6808
395	28.1146
396	28.3283
397	27.8800
398	29.4221
399	27.9724
400	28.8443
401	28.1339
402	28.0583
403	27.4629
404	28.6394
405	28.5071
406	27.6171
407	26.4179
408	27.6240
409	29.2585
410	29.2454
411	28.6858
412	28.2197
413	27.7404
414	28.0615
415	29.2623
416	28.7698
417	27.2075
418	27.1484
419	27.1688
420	27.8234
421	28.3683
422	28.1537
423	28.2305
424	28.1852
425	27.0422
426	27.4770
427	27.7588
428	29.1475
429	28.9020
430	30.0620
431	29.0209
432	28.4591
433	27.8319
434	28.3033
435	28.3117
436	26.7453
437	26.9029
438	27.2516
439	27.7894
440	28.8498
441	27.5815
442	26.4870
443	28.5906
444	28.5569
445	29.0559
446	28.6709
447	28.5153
448	28.0848
449	27.0470
450	27.2358
451	28.5818
452	27.8267
453	27.5300
454	29.0000
455	29.3180
456	29.2284
457	27.8493
458	29.1088
459	30.1756
460	29.2020
461	28.5813
462	27.6677
463	28.8038
464	31.4053
465	31.9658
466	32.7682
467	34.0386
468	38.0710
469	42.8742
470	46.2895
471	49.1773
472	51.0207
473	48.8273
474	44.3333
475	43.4552
476	41.4442
477	40.3333
