0.0000	9.7778
0.0083	10.1451
0.0167	10.1383
0.0250	11.1519
0.0333	11.5805
0.0417	10.5125
0.0500	10.1406
0.0583	10.1905
0.0667	11.2766
0.0750	9.9501
0.0833	9.6667
0.0917	10.0000
0.1000	10.6667
0.1083	10.2426
0.1167	10.5397
0.1250	9.6757
0.1333	11.0000
0.1417	11.3333
0.1500	10.3107
0.1583	10.6485
0.1667	10.3333
0.1750	9.9365
0.1833	10.5510
0.1917	10.2880
0.2000	10.1043
0.2083	9.6281
0.2167	9.7982
0.2250	10.1451
0.2333	9.4127
0.2417	9.6667
0.2500	10.6667
0.2583	10.3333
0.2667	10.6667
0.2750	9.8798
0.2833	10.4263
0.2916	11.0000
0.3000	10.3333
0.3083	9.7188
0.3166	10.5193
0.3250	10.0249
0.3333	10.1610
0.3416	10.8345
0.3500	10.0159
0.3583	10.1519
0.3666	10.8980
0.3750	10.9433
0.3833	10.6667
0.3916	10.4580
0.4000	9.9229
0.4083	10.3333
0.4166	10.4376
0.4250	10.5692
0.4333	10.9093
0.4416	10.1655
0.4500	10.0771
0.4583	10.2109
0.4666	10.0635
0.4750	10.1134
0.4833	9.9501
0.4916	10.0431
0.5000	10.0363
0.5083	10.6077
0.5166	10.3107
0.5250	10.0000
0.5333	10.0181
0.5416	10.0068
0.5500	10.6621
0.5583	9.6893
0.5666	9.6848
0.5750	10.6168
0.5833	11.5079
0.5916	10.5896
0.6000	9.4240
0.6083	10.3855
0.6166	10.4512
0.6250	10.4694
0.6333	10.3333
0.6416	9.7302
0.6500	9.3447
0.6583	9.7596
0.6666	10.1995
0.6750	10.5329
0.6833	11.5601
0.6916	10.8526
0.7000	10.7460
0.7083	10.6009
0.7166	10.5261
0.7250	11.2245
0.7333	11.4875
0.7416	11.5057
0.7500	11.8322
0.7583	12.6349
0.7666	13.2744
0.7750	13.4354
0.7833	13.4150
0.7916	13.1315
0.8000	12.9184
0.8083	12.7438
0.8166	12.2222
0.8249	11.5420
0.8333	11.6825
0.8416	11.7574
0.8499	11.0816
0.8583	10.1020
0.8666	10.7370
0.8749	11.6032
0.8833	11.2766
0.8916	10.4331
0.8999	11.2902
0.9083	11.2971
0.9166	11.0590
0.9249	10.3560
0.9333	10.0317
0.9416	10.6757
0.9499	10.9955
0.9583	10.9819
0.9666	10.9660
0.9749	10.3515
0.9833	8.7914
0.9916	9.3968
0.9999	10.0000
1.0083	9.3333
1.0166	9.6667
1.0249	10.5488
1.0333	10.8027
1.0416	10.9274
1.0499	10.8413
1.0583	9.7528
1.0666	10.2404
1.0749	8.9002
1.0833	8.8798
1.0916	9.9932
1.0999	9.8526
1.1083	9.6190
1.1166	9.4671
1.1249	9.8073
1.1333	9.6281
1.1416	10.1791
1.1499	10.1723
1.1583	9.6689
1.1666	10.1905
1.1749	9.5737
1.1833	8.3764
1.1916	9.0567
1.1999	9.8685
1.2083	10.0000
1.2166	9.3333
1.2249	9.2222
1.2333	10.4580
1.2416	11.6667
1.2499	12.9705
1.2583	11.8322
1.2666	10.1791
1.2749	9.2630
1.2833	10.0794
1.2916	10.3333
1.2999	10.7166
1.3083	9.7528
1.3166	10.8186
1.3249	9.9705
1.3333	9.6440
1.3416	9.2857
1.3499	9.6576
1.3582	9.9955
1.3666	8.6848
1.3749	9.3560
1.3832	10.0363
1.3916	9.3583
1.3999	9.6032
1.4082	9.9615
1.4166	9.2426
1.4249	10.0726
1.4332	10.0975
1.4416	9.3991
1.4499	9.7392
1.4582	9.1746
1.4666	9.2585
1.4749	9.6667
1.4832	9.2336
1.4916	9.6667
1.4999	10.0000
1.5082	9.7596
1.5166	9.8730
1.5249	9.3333
1.5332	9.3855
1.5416	9.2630
1.5499	9.3832
1.5582	9.8617
1.5666	10.0023
1.5749	9.6984
1.5832	9.5442
1.5916	9.4785
1.5999	9.2517
1.6082	9.0703
1.6166	8.7506
1.6249	9.1179
1.6332	9.1111
1.6416	9.2494
1.6499	9.1383
1.6582	8.5147
1.6666	9.2494
1.6749	9.7687
1.6832	9.2630
1.6916	8.8730
1.6999	9.4966
1.7082	9.8503
1.7166	10.5374
1.7249	10.2971
1.7332	10.8435
1.7416	10.6281
1.7499	10.1111
1.7582	8.7120
1.7666	8.6757
1.7749	9.6712
1.7832	9.9773
1.7916	10.5760
1.7999	10.8503
1.8082	9.0635
1.8166	9.4104
1.8249	9.2426
1.8332	8.3855
1.8416	8.8435
1.8499	8.3991
1.8582	8.6667
1.8666	9.1587
1.8749	8.5918
1.8832	8.4649
1.8915	8.3991
1.8999	9.2268
1.9082	7.6735
1.9165	7.8141
1.9249	8.7937
1.9332	8.3333
1.9415	8.0000
1.9499	8.2948
1.9582	8.8209
1.9665	9.0000
1.9749	9.9932
1.9832	10.1429
1.9915	9.3923
1.9999	9.3333
2.0082	9.1383
2.0165	8.4558
2.0249	8.7075
2.0332	9.9025
2.0415	9.2222
2.0499	8.4172
2.0582	10.3741
2.0665	10.1224
2.0749	8.1678
2.0832	8.4875
2.0915	9.8073
2.0999	9.2698
2.1082	8.9433
2.1165	9.0000
2.1249	8.4195
2.1332	8.1088
2.1415	9.3628
2.1499	8.1361
2.1582	7.7143
2.1665	8.0363
2.1749	8.6667
2.1832	8.3469
2.1915	9.3220
2.1999	9.9456
2.2082	9.3583
2.2165	9.6349
2.2249	9.2177
2.2332	8.9546
2.2415	8.4376
2.2499	7.6281
2.2582	9.0000
2.2665	9.1156
2.2749	8.5714
2.2832	8.6667
2.2915	8.4263
2.2999	8.3673
2.3082	8.0930
2.3165	8.6735
2.3249	9.0000
2.3332	8.7460
2.3415	8.5986
2.3499	8.8594
2.3582	8.6281
2.3665	8.1542
2.3749	8.6667
2.3832	7.9977
2.3915	8.1429
2.3999	8.8186
2.4082	8.7098
2.4165	8.4717
2.4249	8.3946
2.4332	8.1247
2.4415	8.4308
2.4498	8.8889
2.4582	8.3333
2.4665	8.1950
2.4748	8.2721
2.4832	7.9206
2.4915	7.8980
2.4998	8.2812
2.5082	9.3333
2.5165	8.6100
2.5248	8.6667
2.5332	8.9138
2.5415	8.9637
2.5498	8.3923
2.5582	8.6893
2.5665	9.0317
2.5748	9.0091
2.5832	8.3333
2.5915	8.6621
2.5998	8.9433
2.6082	8.9637
2.6165	9.6168
2.6248	9.3016
2.6332	8.9229
2.6415	8.2880
2.6498	8.5624
2.6582	9.3719
2.6665	9.6054
2.6748	9.1882
2.6832	9.0000
2.6915	8.5057
2.6998	8.7596
2.7082	8.8005
2.7165	8.8934
2.7248	9.2268
2.7332	9.1202
2.7415	8.7460
2.7498	8.8662
2.7582	9.0000
2.7665	8.6281
2.7748	8.4626
2.7832	8.8050
2.7915	9.6644
2.7998	9.3175
2.8082	9.0000
2.8165	8.2472
2.8248	9.2766
2.8332	9.3333
2.8415	8.5011
2.8498	8.0975
2.8582	8.8889
2.8665	9.5624
2.8748	8.5692
2.8832	8.6667
2.8915	8.8322
2.8998	8.5646
2.9082	9.4739
2.9165	9.3333
2.9248	9.6667
2.9332	8.7664
2.9415	8.0431
2.9498	8.8118
2.9582	9.1179
2.9665	9.1134
2.9748	10.3333
2.9831	10.9728
2.9915	10.3311
2.9998	10.0227
3.0081	11.3333
3.0165	11.3152
3.0248	12.2834
3.0331	11.6984
3.0415	11.1156
3.0498	11.6213
3.0581	11.8435
3.0665	12.4898
3.0748	12.1361
3.0831	12.5941
3.0915	13.0000
3.0998	12.1610
3.1081	12.0930
3.1165	12.7664
3.1248	13.4535
3.1331	12.3401
3.1415	12.0930
3.1498	12.3333
3.1581	12.1338
3.1665	12.2812
3.1748	12.8141
3.1831	12.3333
3.1915	11.6780
3.1998	12.1678
3.2081	12.1746
3.2165	12.7256
3.2248	12.9569
3.2331	13.0567
3.2415	13.0703
3.2498	13.2494
3.2581	13.1179
3.2665	13.2222
0.0000	10.2222
0.0083	10.0000
0.0167	9.5283
0.0250	11.3946
0.0333	11.3311
0.0417	10.4104
0.0500	10.7370
0.0583	11.0000
0.0667	11.0000
0.0750	11.6667
0.0833	11.2472
0.0917	10.4422
0.1000	10.2358
0.1083	11.4014
0.1167	11.9683
0.1250	11.3243
0.1333	10.3469
0.1417	10.6712
0.1500	10.3333
0.1583	10.0363
0.1667	10.6417
0.1750	11.0317
0.1833	10.3719
0.1917	10.0000
0.2000	9.5420
0.2083	10.3333
0.2167	10.8027
0.2250	11.4490
0.2333	10.7460
0.2417	10.2585
0.2500	10.5737
0.2583	10.7007
0.2667	10.6803
0.2750	10.4467
0.2833	10.3061
0.2916	10.0794
0.3000	10.0000
0.3083	10.7710
0.3166	10.6667
0.3250	10.1542
0.3333	11.6780
0.3416	11.4989
0.3500	10.6825
0.3583	10.4853
0.3666	10.5215
0.3750	11.1383
0.3833	10.7279
0.3916	10.9592
0.4000	10.8617
0.4083	10.0000
0.4166	9.4172
0.4250	9.7642
0.4333	11.0295
0.4416	10.6689
0.4500	10.3855
0.4583	10.2812
0.4666	10.7302
0.4750	10.3333
0.4833	9.5329
0.4916	10.5057
0.5000	10.5147
0.5083	10.6667
0.5166	11.5533
0.5250	10.6667
0.5333	10.0091
0.5416	10.0091
0.5500	11.3197
0.5583	11.2880
0.5666	10.9456
0.5750	10.9252
0.5833	10.3651
0.5916	10.7052
0.6000	10.9093
0.6083	9.8231
0.6166	11.0000
0.6250	11.1361
0.6333	11.3039
0.6416	11.0159
0.6500	11.0862
0.6583	10.4263
0.6666	10.4671
0.6750	10.8934
0.6833	11.8934
0.6916	11.6939
0.7000	10.8730
0.7083	10.8662
0.7166	11.9478
0.7250	11.8526
0.7333	10.8209
0.7416	11.4943
0.7500	11.6644
0.7583	11.4762
0.7666	11.1519
0.7750	11.2902
0.7833	11.5283
0.7916	11.8685
0.8000	11.3333
0.8083	10.5283
0.8166	10.5556
0.8249	11.0839
0.8333	11.4875
0.8416	11.0000
0.8499	11.4150
0.8583	10.7438
0.8666	10.7370
0.8749	11.1270
0.8833	10.3900
0.8916	10.1995
0.8999	11.5057
0.9083	12.6304
0.9166	11.6372
0.9249	10.3787
0.9333	10.0794
0.9416	10.7211
0.9499	11.0045
0.9583	11.0045
0.9666	11.6327
0.9749	11.9274
0.9833	11.3084
0.9916	11.0000
0.9999	11.6667
1.0083	10.6667
1.0166	10.6667
1.0249	10.4512
1.0333	11.1361
1.0416	11.3333
1.0499	10.7302
1.0583	10.5170
1.0666	11.1474
1.0749	11.1338
1.0833	10.9728
1.0916	10.5669
1.0999	11.2132
1.1083	11.0476
1.1166	10.4036
1.1249	10.7551
1.1333	11.0000
1.1416	10.9501
1.1499	11.0113
1.1583	12.0000
1.1666	11.1587
1.1749	10.8186
1.1833	11.0000
1.1916	11.2766
1.1999	11.5351
1.2083	11.2902
1.2166	10.8254
1.2249	11.3333
1.2333	11.4376
1.2416	9.9592
1.2499	11.3946
1.2583	11.6667
1.2666	10.4104
1.2749	9.6145
1.2833	10.4603
1.2916	10.7732
1.2999	10.9002
1.3083	11.6667
1.3166	11.2608
1.3249	9.7551
1.3333	11.0000
1.3416	10.6825
1.3499	10.6757
1.3582	11.0000
1.3666	11.6485
1.3749	11.3107
1.3832	11.0000
1.3916	11.6667
1.3999	11.3333
1.4082	10.9229
1.4166	11.4399
1.4249	11.6871
1.4332	10.6667
1.4416	11.2676
1.4499	11.6372
1.4582	11.1746
1.4666	11.0000
1.4749	10.5193
1.4832	10.7664
1.4916	11.0000
1.4999	11.2268
1.5082	11.5465
1.5166	11.6190
1.5249	11.8662
1.5332	10.9478
1.5416	10.5193
1.5499	10.8458
1.5582	11.3447
1.5666	11.1701
1.5749	10.6667
1.5832	10.5147
1.5916	10.8549
1.5999	11.5533
1.6082	12.4558
1.6166	11.4150
1.6249	12.0000
1.6332	12.4444
1.6416	11.4580
1.6499	11.3900
1.6582	12.1519
1.6666	11.8299
1.6749	11.5374
1.6832	11.5782
1.6916	12.6984
1.6999	13.9864
1.7082	13.4671
1.7166	13.4082
1.7249	11.2971
1.7332	11.2449
1.7416	11.2426
1.7499	10.9524
1.7582	10.9546
1.7666	10.9955
1.7749	11.0136
1.7832	11.6553
1.7916	11.9456
1.7999	10.6916
1.8082	10.6984
1.8166	10.4875
1.8249	9.5147
1.8332	9.9274
1.8416	11.8821
1.8499	11.0000
1.8582	10.7392
1.8666	10.3333
1.8749	10.1723
1.8832	11.1315
1.8915	11.6667
1.8999	11.0136
1.9082	11.5533
1.9165	11.5737
1.9249	11.5397
1.9332	11.8662
1.9415	11.6145
1.9499	11.5964
1.9582	12.5374
1.9665	12.3333
1.9749	11.6689
1.9832	10.8254
1.9915	11.4263
1.9999	12.2472
2.0082	11.4717
2.0165	11.9297
2.0249	11.7075
2.0332	11.7846
2.0415	11.3333
2.0499	11.8753
2.0582	12.0975
2.0665	12.0000
2.0749	11.0023
2.0832	11.3333
2.0915	11.0181
2.0999	10.3175
2.1082	10.4966
2.1165	11.5669
2.1249	11.3333
2.1332	11.6667
2.1415	12.7256
2.1499	12.3560
2.1582	12.6667
2.1665	11.6667
2.1749	12.9955
2.1832	13.9773
2.1915	12.0227
2.1999	13.0000
2.2082	13.8753
2.2165	13.8095
2.2249	12.6667
2.2332	12.0454
2.2415	12.6667
2.2499	12.2154
2.2582	12.4694
2.2665	11.5941
2.2749	11.0000
2.2832	11.0000
2.2915	11.4807
2.2999	11.5011
2.3082	11.8141
2.3165	11.3265
2.3249	11.0000
2.3332	11.6667
2.3415	11.3333
2.3499	11.4898
2.3582	11.5964
2.3665	11.4875
2.3749	11.4830
2.3832	11.1633
2.3915	11.3016
2.3999	10.8481
2.4082	11.1451
2.4165	11.0249
2.4249	10.2630
2.4332	10.2494
2.4415	9.6871
2.4498	10.0000
2.4582	10.7710
2.4665	11.0000
2.4748	11.1814
2.4832	11.7506
2.4915	11.8458
2.4998	11.4036
2.5082	11.6032
2.5165	12.1701
2.5248	11.4331
2.5332	12.3333
2.5415	11.8118
2.5498	11.7846
2.5582	12.0680
2.5665	12.0476
2.5748	12.6576
2.5832	11.6735
2.5915	11.0091
2.5998	12.2880
2.6082	12.2971
2.6165	11.9501
2.6248	11.9048
2.6332	11.3719
2.6415	12.4694
2.6498	12.9478
2.6582	12.7052
2.6665	12.0703
2.6748	12.3039
2.6832	11.6667
2.6915	11.0862
2.6998	12.1474
2.7082	12.2336
2.7165	12.4535
2.7248	12.8866
2.7332	13.4263
2.7415	13.8730
2.7498	14.3991
2.7582	14.8594
2.7665	14.7052
2.7748	14.5374
2.7832	15.5057
2.7915	15.3333
2.7998	14.3333
2.8082	13.6372
2.8165	13.1451
2.8248	12.8866
2.8332	13.3333
2.8415	13.3764
2.8498	13.0975
2.8582	14.3333
2.8665	14.7914
2.8748	14.4308
2.8832	13.6054
2.8915	13.0839
2.8998	13.1542
2.9082	12.9297
2.9165	12.3968
2.9248	12.7234
2.9332	12.9002
2.9415	11.0431
2.9498	10.7029
2.9582	11.0590
2.9665	10.9773
2.9748	10.3492
2.9831	10.6757
2.9915	11.0000
2.9998	10.3379
3.0081	10.6780
3.0165	10.3333
3.0248	10.6168
3.0331	11.4444
3.0415	10.5510
3.0498	10.5760
3.0581	9.7188
3.0665	9.7256
3.0748	8.9297
3.0831	10.0000
3.0915	10.7619
3.0998	10.0748
3.1081	9.9070
3.1165	10.4671
3.1248	10.2268
3.1331	10.0000
3.1415	8.9070
3.1498	9.2063
3.1581	9.8662
3.1665	9.7188
3.1748	10.1474
3.1831	10.8209
3.1915	11.3220
3.1998	10.5011
3.2081	10.9841
3.2165	11.1519
3.2248	11.0000
3.2331	11.1633
3.2415	11.2018
3.2498	12.8345
3.2581	12.9796
3.2665	12.8889
0.0000	10.6667
0.0083	11.3537
0.0167	11.0000
0.0250	10.6054
0.0333	11.0000
0.0417	11.5646
0.0500	10.0000
0.0583	9.5238
0.0667	11.5034
0.0750	10.0000
0.0833	10.4626
0.0917	10.8844
0.1000	9.4218
0.1083	10.0000
0.1167	10.0000
0.1250	10.3605
0.1333	10.3401
0.1417	10.6803
0.1500	9.7007
0.1583	10.7211
0.1667	10.0000
0.1750	10.7619
0.1833	10.2177
0.1917	11.6054
0.2000	10.0000
0.2083	11.0000
0.2167	10.7279
0.2250	10.1156
0.2333	10.0952
0.2417	11.0000
0.2500	10.0000
0.2583	10.9660
0.2667	9.0272
0.2750	11.0000
0.2833	11.0000
0.2916	10.0000
0.3000	11.0680
0.3083	10.0884
0.3166	10.1088
0.3250	11.1293
0.3333	10.8503
0.3416	11.0000
0.3500	11.0000
0.3583	10.2109
0.3666	11.7687
0.3750	10.2517
0.3833	10.7279
0.3916	11.7075
0.4000	11.0000
0.4083	11.0000
0.4166	11.0000
0.4250	9.7483
0.4333	10.3946
0.4416	11.0000
0.4500	10.4354
0.4583	9.4558
0.4666	12.0000
0.4750	10.4966
0.4833	11.0000
0.4916	10.5374
0.5000	11.5578
0.5083	11.0000
0.5166	11.0000
0.5250	11.2381
0.5333	11.3605
0.5416	10.6599
0.5500	11.3197
0.5583	10.7007
0.5666	11.7211
0.5750	11.7415
0.5833	11.7619
0.5916	12.0000
0.6000	12.6054
0.6083	11.1769
0.6166	11.0000
0.6250	11.1361
0.6333	12.6531
0.6416	12.0000
0.6500	12.0000
0.6583	11.1088
0.6666	10.1020
0.6750	12.0136
0.6833	11.0068
0.6916	13.0000
0.7000	11.0476
0.7083	12.7959
0.7166	12.0000
0.7250	13.0000
0.7333	11.7415
0.7416	11.1497
0.7500	12.0000
0.7583	12.0000
0.7666	11.2109
0.7750	12.0000
0.7833	11.2517
0.7916	12.2721
0.8000	11.4150
0.8083	11.0000
0.8166	13.0000
0.8249	12.0000
0.8333	12.3741
0.8416	12.8163
0.8499	12.0000
0.8583	12.0000
0.8666	12.4558
0.8749	12.0000
0.8833	11.5034
0.8916	11.4830
0.8999	12.9252
0.9083	11.5578
0.9166	13.2653
0.9249	11.4014
0.9333	11.0000
0.9416	12.0000
0.9499	12.3197
0.9583	11.6395
0.9666	12.0000
0.9749	12.4422
0.9833	12.4830
0.9916	13.0000
0.9999	12.0000
1.0083	12.1973
1.0166	12.0000
1.0249	12.8435
1.0333	12.0000
1.0416	12.1156
1.0499	13.0000
1.0583	12.0000
1.0666	11.0544
1.0749	12.9660
1.0833	12.0136
1.0916	11.0136
1.0999	12.9728
1.1083	12.0952
1.1166	12.0000
1.1249	12.0000
1.1333	11.1088
1.1416	12.8707
1.1499	11.2993
1.1583	13.8299
1.1666	12.3810
1.1749	12.0000
1.1833	12.2313
1.1916	11.7551
1.1999	12.0000
1.2083	13.4150
1.2166	12.6259
1.2249	12.3333
1.2333	12.0000
1.2416	12.0000
1.2499	12.3946
1.2583	11.4150
1.2666	13.0000
1.2749	13.5442
1.2833	10.9524
1.2916	12.9932
1.2999	11.0000
1.3083	12.4626
1.3166	12.5578
1.3249	12.1565
1.3333	12.4014
1.3416	12.6190
1.3499	11.7211
1.3582	12.3401
1.3666	13.0000
1.3749	13.0000
1.3832	13.2789
1.3916	13.4830
1.3999	12.4762
1.4082	12.5646
1.4166	12.1973
1.4249	11.8231
1.4332	13.0000
1.4416	12.8639
1.4499	12.8844
1.4582	12.8095
1.4666	10.0748
1.4749	12.9456
1.4832	12.9660
1.4916	12.0000
1.4999	12.9932
1.5082	12.0272
1.5166	12.0000
1.5249	12.0000
1.5332	13.0000
1.5416	12.0000
1.5499	12.0000
1.5582	11.0000
1.5666	10.3401
1.5749	12.8095
1.5832	12.0000
1.5916	12.3061
1.5999	12.7483
1.6082	13.1837
1.6166	12.0000
1.6249	12.0612
1.6332	11.3333
1.6416	11.0000
1.6499	12.6259
1.6582	13.0000
1.6666	12.4150
1.6749	12.5646
1.6832	12.5442
1.6916	10.4762
1.6999	11.5034
1.7082	13.0000
1.7166	11.4626
1.7249	11.8844
1.7332	11.8435
1.7416	11.5986
1.7499	11.6190
1.7582	10.0816
1.7666	11.3401
1.7749	11.3197
1.7832	11.0000
1.7916	11.2789
1.7999	10.5170
1.8082	12.2381
1.8166	12.7823
1.8249	11.8027
1.8332	10.1769
1.8416	11.0000
1.8499	11.2721
1.8582	11.1156
1.8666	12.8095
1.8749	12.0000
1.8832	13.8367
1.8915	11.0000
1.8999	11.0000
1.9082	11.0068
1.9165	10.9728
1.9249	11.0476
1.9332	11.0680
1.9415	12.0000
1.9499	12.0000
1.9582	11.7415
1.9665	11.0000
1.9749	12.8299
1.9832	11.8095
1.9915	12.0000
1.9999	11.7687
2.0082	10.7483
2.0165	12.0000
2.0249	11.0000
2.0332	11.9388
2.0415	11.6667
2.0499	12.3537
2.0582	10.0000
2.0665	11.3946
2.0749	11.0000
2.0832	10.1293
2.0915	11.0884
2.0999	12.0000
2.1082	11.5034
2.1165	12.0340
2.1249	11.0748
2.1332	11.4422
2.1415	11.0000
2.1499	11.5986
2.1582	11.0000
2.1665	11.6395
2.1749	11.6599
2.1832	11.0000
2.1915	11.0000
2.1999	10.7211
2.2082	11.0000
2.2165	11.5238
2.2249	11.5646
2.2332	11.0000
2.2415	13.4694
2.2499	12.0000
2.2582	10.1361
2.2665	10.7687
2.2749	11.0000
2.2832	10.8503
2.2915	10.9456
2.2999	11.9660
2.3082	11.0136
2.3165	10.9932
2.3249	10.9728
2.3332	10.9524
2.3415	11.0000
2.3499	11.8231
2.3582	10.2177
2.3665	12.6122
2.3749	10.1497
2.3832	11.0000
2.3915	10.8095
2.3999	11.7891
2.4082	11.0000
2.4165	11.0000
2.4249	10.7279
2.4332	10.0000
2.4415	10.6871
2.4498	10.0000
2.4582	11.0000
2.4665	9.1224
2.4748	10.2109
2.4832	9.8299
2.4915	10.4354
2.4998	9.9116
2.5082	10.5238
2.5165	9.4966
2.5248	11.4830
2.5332	10.5374
2.5415	11.0000
2.5498	10.0000
2.5582	9.8027
2.5665	10.6190
2.5748	10.3605
2.5832	10.6803
2.5915	10.3197
2.5998	11.0000
2.6082	10.2789
2.6165	10.7415
2.6248	11.5238
2.6332	10.7823
2.6415	8.8027
2.6498	11.0000
2.6582	11.0000
2.6665	11.2721
2.6748	10.0000
2.6832	10.1905
2.6915	10.0748
2.6998	10.9456
2.7082	10.0340
2.7165	9.9864
2.7248	10.0000
2.7332	10.0000
2.7415	11.0000
2.7498	11.0000
2.7582	11.9116
2.7665	10.8912
2.7748	10.1293
2.7832	10.0000
2.7915	10.8299
2.7998	10.8095
2.8082	11.0000
2.8165	10.2313
2.8248	11.0000
2.8332	10.0000
2.8415	10.7075
2.8498	10.3129
2.8582	9.6667
2.8665	10.0000
2.8748	11.7483
2.8832	12.5782
2.8915	11.4898
2.8998	9.8707
2.9082	9.9116
2.9165	10.0000
2.9248	10.5034
2.9332	10.5170
2.9415	9.5374
2.9498	10.5578
2.9582	9.5782
2.9665	10.0000
2.9748	10.6190
2.9831	10.2789
2.9915	9.6803
2.9998	9.0000
3.0081	9.5986
3.0165	9.7211
3.0248	10.0000
3.0331	9.7619
3.0415	9.7823
3.0498	9.3946
3.0581	10.8231
3.0665	9.8435
3.0748	10.8639
3.0831	9.0000
3.0915	9.8095
3.0998	9.9252
3.1081	10.8912
3.1165	10.9660
3.1248	9.0000
3.1331	9.0068
3.1415	9.9728
3.1498	9.9524
3.1581	10.0680
3.1665	9.0884
3.1748	9.0000
3.1831	9.1293
3.1915	10.0000
3.1998	10.0000
3.2081	11.8095
3.2165	9.2109
3.2248	10.2313
3.2331	10.0000
3.2415	9.7279
3.2498	9.2925
3.2581	10.3129
3.2665	11.6667
0.0000	137.1111
0.0083	151.2766
0.0167	172.9569
0.0250	195.7619
0.0333	220.3832
0.0417	237.7846
0.0500	244.8685
0.0583	248.8413
0.0667	249.4649
0.0750	246.3333
0.0833	233.4921
0.0917	211.7052
0.1000	179.2449
0.1083	147.7982
0.1167	124.2381
0.1250	109.1474
0.1333	100.5533
0.1417	96.7868
0.1500	94.6667
0.1583	92.2630
0.1667	92.0862
0.1750	93.6667
0.1833	94.8844
0.1917	96.2676
0.2000	96.5102
0.2083	95.8957
0.2167	94.4853
0.2250	94.9093
0.2333	94.6349
0.2417	95.1338
0.2500	95.6553
0.2583	92.5419
0.2667	91.6122
0.2750	89.9909
0.2833	87.6213
0.2916	85.0317
0.3000	87.1973
0.3083	83.8435
0.3166	84.2971
0.3250	82.7959
0.3333	81.5488
0.3416	83.0000
0.3500	82.2540
0.3583	82.4036
0.3666	83.7936
0.3750	81.2472
0.3833	81.9093
0.3916	82.2517
0.4000	80.8957
0.4083	80.5556
0.4166	77.7438
0.4250	77.0816
0.4333	78.0000
0.4416	79.1134
0.4500	81.4785
0.4583	83.8481
0.4666	87.5079
0.4750	91.0045
0.4833	95.3447
0.4916	101.7914
0.5000	109.5646
0.5083	116.7392
0.5166	126.2698
0.5250	140.4127
0.5333	155.5306
0.5416	169.7528
0.5500	186.3605
0.5583	202.0023
0.5666	222.0000
0.5750	236.3333
0.5833	243.4444
0.5916	250.2177
0.6000	253.8027
0.6083	254.0385
0.6166	247.8844
0.6250	222.6531
0.6333	183.5646
0.6416	144.6825
0.6500	115.9751
0.6583	94.5578
0.6666	80.5533
0.6750	72.9637
0.6833	67.0159
0.6916	69.0272
0.7000	71.7778
0.7083	76.7574
0.7166	85.4898
0.7250	90.0794
0.7333	92.5057
0.7416	92.6825
0.7500	90.2268
0.7583	84.7778
0.7666	77.9297
0.7750	71.0249
0.7833	64.9116
0.7916	58.6077
0.8000	54.8050
0.8083	52.6259
0.8166	51.1111
0.8249	49.8050
0.8333	47.6236
0.8416	47.4558
0.8499	48.8866
0.8583	48.3923
0.8666	46.6372
0.8749	44.6667
0.8833	43.3333
0.8916	43.6667
0.8999	44.3084
0.9083	44.5193
0.9166	43.6304
0.9249	43.7324
0.9333	44.2540
0.9416	42.1746
0.9499	41.4603
0.9583	41.2132
0.9666	40.8005
0.9749	40.7211
0.9833	40.2472
0.9916	41.5238
0.9999	40.6372
1.0083	41.2676
1.0166	41.8821
1.0249	41.7392
1.0333	40.6667
1.0416	40.1156
1.0499	39.3016
1.0583	38.2585
1.0666	39.2426
1.0749	39.2880
1.0833	38.3651
1.0916	40.6485
1.0999	41.9637
1.1083	40.7619
1.1166	40.7347
1.1249	40.4512
1.1333	41.3333
1.1416	41.2902
1.1499	40.2336
1.1583	39.5034
1.1666	39.7937
1.1749	39.0522
1.1833	39.3583
1.1916	38.9184
1.1999	38.6667
1.2083	37.4875
1.2166	38.1043
1.2249	37.5556
1.2333	37.0000
1.2416	37.9161
1.2499	37.6054
1.2583	36.7800
1.2666	36.6508
1.2749	35.1814
1.2833	33.4921
1.2916	33.6576
1.2999	34.0680
1.3083	33.4331
1.3166	32.4490
1.3249	31.3855
1.3333	31.0000
1.3416	30.3333
1.3499	29.0930
1.3582	29.0998
1.3666	28.2404
1.3749	27.9683
1.3832	28.4263
1.3916	28.8390
1.3999	28.8413
1.4082	28.2608
1.4166	27.8685
1.4249	27.9410
1.4332	27.3333
1.4416	27.4853
1.4499	27.1791
1.4582	27.5079
1.4666	25.8503
1.4749	26.3333
1.4832	26.2993
1.4916	24.6667
1.4999	24.6735
1.5082	25.0272
1.5166	25.6190
1.5249	23.9546
1.5332	23.6077
1.5416	23.2971
1.5499	24.3333
1.5582	25.4671
1.5666	25.2200
1.5749	24.3333
1.5832	22.9478
1.5916	24.5125
1.5999	23.6689
1.6082	23.7868
1.6166	24.7642
1.6249	24.5828
1.6332	24.5556
1.6416	24.4308
1.6499	23.4172
1.6582	23.1406
1.6666	24.3900
1.6749	24.8821
1.6832	24.1814
1.6916	24.3016
1.6999	24.8322
1.7082	24.3560
1.7166	23.7664
1.7249	23.3016
1.7332	23.3333
1.7416	24.4671
1.7499	25.0000
1.7582	25.2404
1.7666	25.5533
1.7749	25.6531
1.7832	26.1338
1.7916	26.8141
1.7999	25.8390
1.8082	25.9048
1.8166	24.8844
1.8249	23.8027
1.8332	24.4308
1.8416	24.0726
1.8499	22.8481
1.8582	21.5261
1.8666	21.7619
1.8749	22.6916
1.8832	23.0000
1.8915	23.6667
1.8999	24.0000
1.9082	23.9977
1.9165	24.6576
1.9249	25.0635
1.9332	25.7120
1.9415	26.0000
1.9499	25.2608
1.9582	26.8707
1.9665	29.6508
1.9749	29.2698
1.9832	28.8730
1.9915	31.8073
1.9999	34.9229
2.0082	36.7460
2.0165	39.5465
2.0249	42.9841
2.0332	44.2290
2.0415	45.8889
2.0499	47.0771
2.0582	46.6667
2.0665	45.3243
2.0749	44.2766
2.0832	41.9138
2.0915	40.6077
2.0999	39.1746
2.1082	36.8345
2.1165	35.3560
2.1249	33.4331
2.1332	30.5964
2.1415	27.9637
2.1499	26.5306
2.1582	24.3333
2.1665	23.3605
2.1749	22.4467
2.1832	22.6667
2.1915	22.3333
2.1999	21.3333
2.2082	20.8277
2.2165	20.0952
2.2249	19.5510
2.2332	19.7982
2.2415	19.4512
2.2499	19.7188
2.2582	19.3333
2.2665	19.6667
2.2749	20.0000
2.2832	19.3333
2.2915	18.3696
2.2999	18.6780
2.3082	19.6485
2.3165	20.6689
2.3249	23.6122
2.3332	25.5556
2.3415	27.5601
2.3499	35.0794
2.3582	47.6961
2.3665	62.0658
2.3749	80.2812
2.3832	102.9070
2.3915	129.0476
2.3999	153.3356
2.4082	173.3379
2.4165	194.7574
2.4249	207.2426
2.4332	207.3175
2.4415	200.1020
2.4498	182.5556
2.4582	152.2676
2.4665	118.0522
2.4748	88.0544
2.4832	64.6803
2.4915	49.4308
2.4998	41.3923
2.5082	35.5714
2.5165	31.8435
2.5248	27.9546
2.5332	26.0295
2.5415	25.1791
2.5498	23.8957
2.5582	21.0023
2.5665	20.4286
2.5748	20.4807
2.5832	19.6599
2.5915	19.5465
2.5998	19.5986
2.6082	18.4104
2.6165	18.5918
2.6248	19.3175
2.6332	20.3333
2.6415	21.4694
2.6498	21.2744
2.6582	23.0000
2.6665	24.6667
2.6748	26.1791
2.6832	26.3333
2.6915	28.5918
2.6998	28.0363
2.7082	27.1134
2.7165	27.0272
2.7248	25.6757
2.7332	25.0363
2.7415	23.0476
2.7498	22.6440
2.7582	22.3039
2.7665	21.2608
2.7748	20.8707
2.7832	21.4172
2.7915	21.3333
2.7998	21.0635
2.8082	22.1927
2.8165	23.7438
2.8248	24.7506
2.8332	27.1224
2.8415	27.3741
2.8498	25.9161
2.8582	22.6667
2.8665	21.3537
2.8748	20.8753
2.8832	20.6054
2.8915	20.9751
2.8998	20.6667
2.9082	20.8186
2.9165	21.0000
2.9248	20.3379
2.9332	20.9546
2.9415	20.5125
2.9498	20.0385
2.9582	21.3333
2.9665	21.7324
2.9748	21.8730
2.9831	22.4807
2.9915	22.8934
2.9998	25.0272
3.0081	25.3673
3.0165	26.1474
3.0248	27.0862
3.0331	27.9048
3.0415	30.4490
3.0498	30.7982
3.0581	33.2154
3.0665	36.7914
3.0748	39.2880
3.0831	41.2562
3.0915	45.1111
3.0998	48.1587
3.1081	51.5578
3.1165	54.9773
3.1248	57.3515
3.1331	62.6667
3.1415	66.9819
3.1498	68.7936
3.1581	72.5147
3.1665	79.2154
3.1748	80.8481
3.1831	81.9138
3.1915	84.0839
3.1998	84.8299
3.2081	86.4286
3.2165	86.5261
3.2248	84.2812
3.2331	80.4150
3.2415	78.0295
3.2498	75.1134
3.2581	71.0635
3.2665	67.2222
0.0000	27.4444
0.0083	28.9229
0.0167	28.2517
0.0250	29.8073
0.0333	30.2200
0.0417	30.6236
0.0500	30.9410
0.0583	31.6508
0.0667	31.6644
0.0750	32.5283
0.0833	33.3333
0.0917	34.7755
0.1000	35.1406
0.1083	35.0000
0.1167	35.9206
0.1250	35.7483
0.1333	36.4671
0.1417	37.8662
0.1500	38.6984
0.1583	39.7982
0.1667	41.2698
0.1750	42.2222
0.1833	43.7098
0.1917	43.9955
0.2000	44.4921
0.2083	46.2608
0.2167	47.2721
0.2250	50.2177
0.2333	51.9048
0.2417	51.3832
0.2500	52.4603
0.2583	55.6780
0.2667	58.3197
0.2750	60.3311
0.2833	62.9546
0.2916	64.6032
0.3000	66.4014
0.3083	68.5102
0.3166	70.2608
0.3250	71.0000
0.3333	74.8503
0.3416	80.1066
0.3500	86.2222
0.3583	90.6485
0.3666	94.3855
0.3750	95.4195
0.3833	95.8798
0.3916	92.7075
0.4000	91.4581
0.4083	96.1111
0.4166	105.6258
0.4250	115.2472
0.4333	127.0522
0.4416	135.3651
0.4500	134.7959
0.4583	125.9660
0.4666	115.0159
0.4750	106.8254
0.4833	106.1610
0.4916	116.6168
0.5000	131.0703
0.5083	143.9478
0.5166	157.7324
0.5250	158.5238
0.5333	150.2630
0.5416	133.3197
0.5500	111.6258
0.5583	99.3991
0.5666	98.2562
0.5750	105.9773
0.5833	121.8095
0.5916	136.6236
0.6000	146.5964
0.6083	146.9229
0.6166	136.4785
0.6250	115.1678
0.6333	92.8458
0.6416	78.0317
0.6500	73.8254
0.6583	77.2971
0.6666	89.7007
0.6750	101.6803
0.6833	109.0091
0.6916	110.3605
0.7000	102.6508
0.7083	88.2653
0.7166	71.4014
0.7250	56.5941
0.7333	48.7098
0.7416	48.7007
0.7500	52.8231
0.7583	59.8571
0.7666	69.5442
0.7750	73.0000
0.7833	71.9977
0.7916	66.6667
0.8000	57.2358
0.8083	45.9365
0.8166	36.4444
0.8249	31.6871
0.8333	31.1655
0.8416	33.3946
0.8499	37.5850
0.8583	43.7098
0.8666	47.2744
0.8749	48.3333
0.8833	46.5034
0.8916	41.1610
0.8999	35.0000
0.9083	30.3333
0.9166	26.3333
0.9249	24.3333
0.9333	23.8413
0.9416	25.4807
0.9499	27.8866
0.9583	30.8934
0.9666	32.9342
0.9749	33.9229
0.9833	32.5918
0.9916	29.2381
0.9999	25.8549
1.0083	22.1361
1.0166	20.3923
1.0249	19.3855
1.0333	19.0000
1.0416	20.1791
1.0499	22.8730
1.0583	23.3084
1.0666	24.2608
1.0749	24.3333
1.0833	23.3560
1.0916	23.0000
1.0999	21.6304
1.1083	19.6349
1.1166	18.3333
1.1249	18.6077
1.1333	17.6304
1.1416	17.5805
1.1499	18.5170
1.1583	19.0567
1.1666	19.7302
1.1749	19.3333
1.1833	19.8209
1.1916	19.4218
1.1999	19.0295
1.2083	18.6100
1.2166	18.3333
1.2249	17.4444
1.2333	16.0771
1.2416	16.2925
1.2499	16.6054
1.2583	17.1383
1.2666	18.1020
1.2749	18.0930
1.2833	19.0000
1.2916	18.5011
1.2999	18.6667
1.3083	18.6417
1.3166	18.1474
1.3249	17.3333
1.3333	17.0000
1.3416	15.9206
1.3499	15.1202
1.3582	15.8934
1.3666	16.5601
1.3749	17.3673
1.3832	18.0930
1.3916	18.0862
1.3999	18.1587
1.4082	17.9274
1.4166	19.5397
1.4249	18.8231
1.4332	17.8957
1.4416	17.9546
1.4499	16.7438
1.4582	17.8413
1.4666	16.9751
1.4749	16.7574
1.4832	18.3333
1.4916	18.9955
1.4999	18.3492
1.5082	20.0363
1.5166	20.9683
1.5249	21.6440
1.5332	20.7846
1.5416	21.3333
1.5499	20.6236
1.5582	20.5669
1.5666	19.4966
1.5749	18.8095
1.5832	17.4921
1.5916	18.3084
1.5999	19.1678
1.6082	19.3946
1.6166	19.3333
1.6249	19.9796
1.6332	20.7778
1.6416	21.8821
1.6499	22.3333
1.6582	21.7460
1.6666	21.1134
1.6749	20.3333
1.6832	20.6077
1.6916	20.2857
1.6999	20.0023
1.7082	20.3107
1.7166	20.5125
1.7249	20.7755
1.7332	22.0000
1.7416	22.5986
1.7499	23.5397
1.7582	24.6122
1.7666	24.3265
1.7749	24.4263
1.7832	24.1995
1.7916	23.6281
1.7999	25.1610
1.8082	24.5079
1.8166	23.9274
1.8249	23.0703
1.8332	21.0000
1.8416	21.8435
1.8499	23.4853
1.8582	23.9615
1.8666	25.3333
1.8749	26.7166
1.8832	28.3878
1.8915	30.3220
1.8999	30.3379
1.9082	32.0159
1.9165	30.3696
1.9249	30.3810
1.9332	31.6893
1.9415	31.3333
1.9499	29.1451
1.9582	27.5057
1.9665	26.1156
1.9749	26.1202
1.9832	25.8730
1.9915	24.1406
1.9999	24.3333
2.0082	25.0794
2.0165	23.4240
2.0249	22.6667
2.0332	22.8957
2.0415	23.0000
2.0499	24.0975
2.0582	25.7098
2.0665	26.7370
2.0749	28.3333
2.0832	29.0000
2.0915	29.6077
2.0999	29.2857
2.1082	29.3288
2.1165	28.5057
2.1249	27.9501
2.1332	28.2562
2.1415	27.1927
2.1499	25.5329
2.1582	25.4127
2.1665	24.9728
2.1749	25.3265
2.1832	26.3469
2.1915	26.0340
2.1999	24.3878
2.2082	24.9025
2.2165	25.6825
2.2249	26.4490
2.2332	27.4694
2.2415	27.2744
2.2499	28.6871
2.2582	29.6825
2.2665	30.7438
2.2749	32.5238
2.2832	34.3832
2.2915	36.2608
2.2999	37.6213
2.3082	37.3560
2.3165	39.6644
2.3249	38.3968
2.3332	38.4286
2.3415	38.4467
2.3499	39.3923
2.3582	40.7392
2.3665	43.5374
2.3749	44.8005
2.3832	44.7302
2.3915	45.5873
2.3999	45.4739
2.4082	44.5646
2.4165	43.7483
2.4249	43.0295
2.4332	41.1542
2.4415	41.4376
2.4498	41.5556
2.4582	39.6304
2.4665	40.5397
2.4748	41.2721
2.4832	39.6100
2.4915	37.6236
2.4998	37.6077
2.5082	38.3016
2.5165	37.8345
2.5248	39.8277
2.5332	43.6667
2.5415	48.7823
2.5498	53.8594
2.5582	59.1338
2.5665	61.2540
2.5748	63.3605
2.5832	61.8866
2.5915	59.5601
2.5998	54.1338
2.6082	50.2789
2.6165	48.4830
2.6248	45.3492
2.6332	42.8118
2.6415	40.3379
2.6498	36.4898
2.6582	33.5624
2.6665	29.0454
2.6748	26.2948
2.6832	25.7778
2.6915	24.5420
2.6998	23.3515
2.7082	22.3447
2.7165	23.3243
2.7248	25.9977
2.7332	28.3605
2.7415	34.4286
2.7498	43.7574
2.7582	55.1474
2.7665	67.7392
2.7748	76.9025
2.7832	80.7166
2.7915	83.8367
2.7998	82.4603
2.8082	74.5442
2.8165	66.9229
2.8248	59.4150
2.8332	52.6054
2.8415	46.0000
2.8498	39.2290
2.8582	33.4444
2.8665	28.3129
2.8748	26.6259
2.8832	27.2721
2.8915	25.9751
2.8998	22.0000
2.9082	19.5442
2.9165	18.0317
2.9248	18.1655
2.9332	17.1610
2.9415	17.7460
2.9498	17.8141
2.9582	17.9637
2.9665	18.8639
2.9748	17.5873
2.9831	16.6667
2.9915	16.2200
2.9998	17.1202
3.0081	17.9002
3.0165	18.0000
3.0248	17.3333
3.0331	16.4921
3.0415	17.0295
3.0498	17.1315
3.0581	17.5488
3.0665	17.7392
3.0748	16.6667
3.0831	16.6281
3.0915	15.7619
3.0998	15.0998
3.1081	15.0544
3.1165	15.0113
3.1248	15.0091
3.1331	14.9909
3.1415	14.9819
3.1498	14.9683
3.1581	13.7800
3.1665	12.4807
3.1748	13.9637
3.1831	13.1293
3.1915	12.8662
3.1998	14.8299
3.2081	14.0000
3.2165	13.5964
3.2248	13.7687
3.2331	14.0839
3.2415	13.6054
3.2498	12.4308
3.2581	14.0000
3.2665	13.2222
0.0000	13.6667
0.0083	13.4376
0.0167	13.7642
0.0250	13.3333
0.0333	14.1655
0.0417	13.4354
0.0500	12.4036
0.0583	13.9365
0.0667	14.9433
0.0750	14.3333
0.0833	14.6667
0.0917	14.8549
0.1000	13.6667
0.1083	16.2653
0.1167	16.5714
0.1250	15.2971
0.1333	15.6644
0.1417	14.6803
0.1500	14.0680
0.1583	15.3696
0.1667	15.3832
0.1750	15.7619
0.1833	13.6032
0.1917	13.6508
0.2000	15.3333
0.2083	15.1565
0.2167	15.0658
0.2250	14.0295
0.2333	14.4921
0.2417	15.4943
0.2500	15.4263
0.2583	16.2336
0.2667	16.8934
0.2750	17.0000
0.2833	17.2404
0.2916	18.3651
0.3000	17.5986
0.3083	17.3855
0.3166	17.5578
0.3250	18.2041
0.3333	18.5170
0.3416	18.5011
0.3500	19.1905
0.3583	19.1814
0.3666	19.0862
0.3750	18.3900
0.3833	17.1927
0.3916	17.5828
0.4000	17.5692
0.4083	16.8889
0.4166	17.1043
0.4250	17.9592
0.4333	18.2721
0.4416	18.2517
0.4500	16.8980
0.4583	16.0703
0.4666	16.6667
0.4750	16.7732
0.4833	17.3673
0.4916	16.0862
0.5000	15.7392
0.5083	15.3923
0.5166	16.3560
0.5250	16.3333
0.5333	17.2789
0.5416	17.3311
0.5500	17.6848
0.5583	18.6893
0.5666	19.0363
0.5750	20.3084
0.5833	19.6349
0.5916	18.9229
0.6000	17.4082
0.6083	18.3651
0.6166	18.8231
0.6250	18.6054
0.6333	18.1882
0.6416	19.1746
0.6500	20.5805
0.6583	21.4807
0.6666	23.0340
0.6750	23.2268
0.6833	24.3333
0.6916	24.1474
0.7000	23.0000
0.7083	22.5986
0.7166	21.5261
0.7250	19.2177
0.7333	18.5374
0.7416	18.8277
0.7500	19.6689
0.7583	19.3333
0.7666	19.6667
0.7750	19.9138
0.7833	20.6100
0.7916	21.4036
0.8000	21.4580
0.8083	20.4512
0.8166	19.5556
0.8249	18.4376
0.8333	18.1950
0.8416	18.9388
0.8499	18.5850
0.8583	19.6145
0.8666	21.0340
0.8749	19.1429
0.8833	17.4467
0.8916	18.2834
0.8999	17.5374
0.9083	16.9637
0.9166	16.8821
0.9249	17.4853
0.9333	15.9206
0.9416	14.9909
0.9499	15.0000
0.9583	15.0000
0.9666	13.0454
0.9749	14.0000
0.9833	13.6916
0.9916	13.0317
0.9999	12.4875
1.0083	13.4240
1.0166	13.4376
1.0249	13.1769
1.0333	13.8639
1.0416	13.9274
1.0499	13.2540
1.0583	13.0000
1.0666	13.1859
1.0749	12.8322
1.0833	13.0930
1.0916	13.5533
1.0999	13.8798
1.1083	14.2540
1.1166	14.5329
1.1249	14.5782
1.1333	14.5578
1.1416	14.1791
1.1499	15.3560
1.1583	15.6667
1.1666	15.1746
1.1749	15.6667
1.1833	16.0000
1.1916	15.7234
1.1999	16.5351
1.2083	16.3333
1.2166	16.0000
1.2249	16.6667
1.2333	16.7506
1.2416	16.1950
1.2499	16.6667
1.2583	15.5034
1.2666	14.8980
1.2749	15.6667
1.2833	15.5873
1.2916	16.4467
1.2999	17.6667
1.3083	16.7528
1.3166	17.9637
1.3249	18.9116
1.3333	22.2200
1.3416	25.2698
1.3499	29.9546
1.3582	34.0045
1.3666	39.0045
1.3749	43.6100
1.3832	45.5941
1.3916	46.0249
1.3999	48.7619
1.4082	52.0385
1.4166	53.8481
1.4249	55.6463
1.4332	58.5488
1.4416	59.2018
1.4499	56.6236
1.4582	55.1270
1.4666	52.3673
1.4749	49.5193
1.4832	47.5669
1.4916	45.4535
1.4999	43.5397
1.5082	39.2132
1.5166	36.0476
1.5249	32.7347
1.5332	29.9116
1.5416	27.0385
1.5499	25.6916
1.5582	24.8277
1.5666	22.5034
1.5749	21.2063
1.5832	19.3923
1.5916	17.8118
1.5999	16.8617
1.6082	15.5351
1.6166	14.8322
1.6249	14.4717
1.6332	15.2222
1.6416	14.5624
1.6499	14.9433
1.6582	14.3039
1.6666	14.0839
1.6749	14.5896
1.6832	13.7370
1.6916	14.2698
1.6999	14.9433
1.7082	13.7664
1.7166	14.3764
1.7249	15.0000
1.7332	14.3333
1.7416	15.2880
1.7499	15.3492
1.7582	15.0091
1.7666	15.0000
1.7749	15.0000
1.7832	14.3107
1.7916	14.6485
1.7999	14.4331
1.8082	14.6032
1.8166	15.4354
1.8249	15.7279
1.8332	14.6667
1.8416	14.8435
1.8499	14.7937
1.8582	14.7392
1.8666	14.7619
1.8749	14.9138
1.8832	16.7052
1.8915	16.9320
1.8999	16.4263
1.9082	16.7800
1.9165	17.0544
1.9249	17.7143
1.9332	17.3333
1.9415	18.1565
1.9499	18.2245
1.9582	16.6667
1.9665	16.0227
1.9749	16.6599
1.9832	16.3175
1.9915	14.9705
1.9999	14.8980
2.0082	15.3333
2.0165	15.5351
2.0249	15.4580
2.0332	15.1179
2.0415	14.3333
2.0499	14.1882
2.0582	15.2358
2.0665	14.3946
2.0749	14.4150
2.0832	14.4603
2.0915	14.7891
2.0999	15.6667
2.1082	15.7732
2.1165	15.8005
2.1249	16.5374
2.1332	17.0363
2.1415	18.9116
2.1499	18.6667
2.1582	22.0159
2.1665	24.6848
2.1749	29.6689
2.1832	36.0272
2.1915	43.3673
2.1999	50.7029
2.2082	54.4580
2.2165	56.2698
2.2249	53.0000
2.2332	51.0454
2.2415	49.9161
2.2499	45.0975
2.2582	41.7982
2.2665	39.4490
2.2749	37.4762
2.2832	40.0000
2.2915	42.8526
2.2999	45.0000
2.3082	47.6531
2.3165	48.6667
2.3249	47.1202
2.3332	44.9524
2.3415	41.2676
2.3499	37.0000
2.3582	33.1859
2.3665	29.0249
2.3749	26.2063
2.3832	22.8231
2.3915	19.8095
2.3999	17.9705
2.4082	16.5646
2.4165	15.3900
2.4249	14.0703
2.4332	13.2086
2.4415	12.5283
2.4498	11.4444
2.4582	10.7506
2.4665	11.1383
2.4748	11.4558
2.4832	10.6667
2.4915	10.0771
2.4998	9.8594
2.5082	9.3968
2.5165	10.2766
2.5248	10.7506
2.5332	10.2472
2.5415	9.3333
2.5498	9.6667
2.5582	10.5760
2.5665	10.2381
2.5748	9.9637
2.5832	9.3356
2.5915	9.6485
2.5998	9.9773
2.6082	9.9637
2.6165	9.3084
2.6248	9.6032
2.6332	9.9615
2.6415	10.0000
2.6498	9.4376
2.6582	8.9410
2.6665	10.1361
2.6748	9.8844
2.6832	9.3175
2.6915	10.2472
2.6998	10.5351
2.7082	9.4671
2.7165	9.2404
2.7248	9.1066
2.7332	8.8141
2.7415	9.3333
2.7498	9.3311
2.7582	9.7188
2.7665	9.7052
2.7748	9.5374
2.7832	9.1723
2.7915	9.6621
2.7998	9.9841
2.8082	10.3628
2.8165	10.1020
2.8248	10.8866
2.8332	11.3946
2.8415	11.7914
2.8498	11.8050
2.8582	12.1111
2.8665	14.1247
2.8748	17.9433
2.8832	24.1224
2.8915	34.1701
2.8998	47.5125
2.9082	53.5964
2.9165	53.3968
2.9248	50.7732
2.9332	48.8662
2.9415	50.6236
2.9498	51.4785
2.9582	53.2653
2.9665	58.0227
2.9748	62.0476
2.9831	65.6304
2.9915	67.6780
2.9998	71.3152
3.0081	76.2426
3.0165	77.3696
3.0248	77.7166
3.0331	78.7936
3.0415	79.0771
3.0498	77.9388
3.0581	77.7188
3.0665	76.2540
3.0748	73.2676
3.0831	72.0726
3.0915	70.1905
3.0998	65.2245
3.1081	61.7982
3.1165	61.2653
3.1248	60.6803
3.1331	57.4671
3.1415	55.8141
3.1498	57.0476
3.1581	59.6667
3.1665	59.9116
3.1748	63.1088
3.1831	66.3084
3.1915	68.6553
3.1998	73.4989
3.2081	76.8730
3.2165	78.4263
3.2248	81.6667
3.2331	84.1134
3.2415	86.3424
3.2498	89.4195
3.2581	89.8050
3.2665	89.7778
0.0000	12.3333
0.0083	12.7914
0.0167	12.6259
0.0250	12.8481
0.0333	12.8322
0.0417	12.2562
0.0500	12.1406
0.0583	12.3175
0.0667	12.8934
0.0750	12.5828
0.0833	12.7528
0.0917	12.2608
0.1000	12.5782
0.1083	12.9320
0.1167	12.9524
0.1250	11.6576
0.1333	12.3288
0.1417	13.6712
0.1500	12.6893
0.1583	13.2789
0.1667	13.8503
0.1750	13.3333
0.1833	12.8844
0.1917	12.9093
0.2000	13.5624
0.2083	13.3923
0.2167	12.5306
0.2250	13.2608
0.2333	13.7619
0.2417	14.0862
0.2500	13.6122
0.2583	14.3651
0.2667	14.7460
0.2750	15.1202
0.2833	14.9342
0.2916	14.2540
0.3000	14.0000
0.3083	14.6667
0.3166	15.2948
0.3250	15.1542
0.3333	15.2993
0.3416	16.1723
0.3500	16.8730
0.3583	16.3039
0.3666	15.5805
0.3750	15.0249
0.3833	15.1927
0.3916	14.7075
0.4000	14.3537
0.4083	15.0000
0.4166	14.8957
0.4250	14.2358
0.4333	14.4853
0.4416	14.0816
0.4500	13.7188
0.4583	16.2630
0.4666	16.5397
0.4750	15.4467
0.4833	15.3492
0.4916	17.0431
0.5000	17.9637
0.5083	19.3333
0.5166	19.3333
0.5250	18.9683
0.5333	22.2698
0.5416	23.3175
0.5500	23.6848
0.5583	24.7007
0.5666	26.3152
0.5750	25.6916
0.5833	25.6349
0.5916	25.1406
0.6000	21.6667
0.6083	20.8231
0.6166	19.1769
0.6250	18.0658
0.6333	16.8118
0.6416	16.9048
0.6500	15.2585
0.6583	15.9070
0.6666	15.5669
0.6750	14.7596
0.6833	15.3333
0.6916	15.6395
0.7000	15.0476
0.7083	14.1361
0.7166	15.2812
0.7250	16.0000
0.7333	15.6916
0.7416	16.5283
0.7500	15.6644
0.7583	16.3333
0.7666	16.9410
0.7750	16.0000
0.7833	16.2517
0.7916	17.2721
0.8000	17.8753
0.8083	18.6667
0.8166	18.1111
0.8249	19.2494
0.8333	20.2358
0.8416	20.0907
0.8499	21.3333
0.8583	22.6667
0.8666	24.3333
0.8749	24.4603
0.8833	24.7234
0.8916	25.5669
0.8999	24.0431
0.9083	24.1519
0.9166	22.7347
0.9249	22.4626
0.9333	20.9524
0.9416	18.6667
0.9499	17.3379
0.9583	17.6531
0.9666	16.0227
0.9749	16.3696
0.9833	16.2834
0.9916	15.3651
0.9999	13.7823
1.0083	14.2880
1.0166	14.2812
1.0249	14.1179
1.0333	15.2676
1.0416	16.3039
1.0499	15.3492
1.0583	14.9138
1.0666	14.8141
1.0749	14.7007
1.0833	14.0136
1.0916	14.1134
1.0999	14.7868
1.1083	14.7460
1.1166	15.1338
1.1249	15.1406
1.1333	14.7052
1.1416	14.8458
1.1499	15.0227
1.1583	14.6621
1.1666	15.1746
1.1749	14.5147
1.1833	14.6667
1.1916	14.3333
1.1999	14.4036
1.2083	14.6259
1.2166	14.8821
1.2249	15.4444
1.2333	16.3333
1.2416	17.1791
1.2499	17.1519
1.2583	17.1678
1.2666	15.7438
1.2749	16.3333
1.2833	17.5397
1.2916	19.2766
1.2999	19.4331
1.3083	19.7959
1.3166	20.1814
1.3249	21.3333
1.3333	21.3560
1.3416	22.4127
1.3499	25.0363
1.3582	29.3356
1.3666	33.0045
1.3749	38.6100
1.3832	42.9819
1.3916	47.8753
1.3999	49.3651
1.4082	49.8980
1.4166	52.0907
1.4249	54.7914
1.4332	56.9796
1.4416	58.0000
1.4499	58.8844
1.4582	59.7460
1.4666	58.6667
1.4749	58.1859
1.4832	55.7007
1.4916	52.3333
1.4999	49.1270
1.5082	45.8413
1.5166	43.8413
1.5249	40.8662
1.5332	37.4739
1.5416	34.1474
1.5499	32.6417
1.5582	30.1610
1.5666	27.0045
1.5749	25.6984
1.5832	23.4853
1.5916	22.5215
1.5999	21.1383
1.6082	19.3243
1.6166	18.2494
1.6249	17.5692
1.6332	16.4444
1.6416	16.0000
1.6499	15.7234
1.6582	15.6667
1.6666	15.4172
1.6749	15.5896
1.6832	16.5964
1.6916	16.2063
1.6999	15.8299
1.7082	16.5170
1.7166	20.6122
1.7249	22.4195
1.7332	21.3129
1.7416	16.9773
1.7499	15.0159
1.7582	15.6667
1.7666	15.9955
1.7749	15.3288
1.7832	14.9887
1.7916	14.9637
1.7999	13.7415
1.8082	15.5397
1.8166	15.5510
1.8249	14.9093
1.8332	14.9478
1.8416	14.8821
1.8499	15.3379
1.8582	15.1882
1.8666	15.0000
1.8749	15.0000
1.8832	14.3333
1.8915	14.0000
1.8999	14.4263
1.9082	14.2404
1.9165	14.2676
1.9249	14.5397
1.9332	14.3356
1.9415	14.6508
1.9499	14.9615
1.9582	15.3583
1.9665	14.8503
1.9749	14.8322
1.9832	14.9683
1.9915	14.9705
1.9999	14.9138
2.0082	15.6100
2.0165	15.8594
2.0249	15.9161
2.0332	15.7642
2.0415	15.8889
2.0499	16.9161
2.0582	16.4717
2.0665	17.3333
2.0749	18.1678
2.0832	18.8980
2.0915	19.9819
2.0999	21.7619
2.1082	20.8299
2.1165	20.5669
2.1249	20.3764
2.1332	20.7029
2.1415	21.0000
2.1499	21.0000
2.1582	20.3651
2.1665	22.6576
2.1749	25.9887
2.1832	27.0136
2.1915	30.4014
2.1999	35.9637
2.2082	43.8503
2.2165	48.3968
2.2249	52.6417
2.2332	55.9546
2.2415	56.5828
2.2499	55.9206
2.2582	52.4036
2.2665	49.2177
2.2749	47.8413
2.2832	46.6667
2.2915	45.5351
2.2999	45.9002
2.3082	46.9864
2.3165	49.7800
2.3249	52.1474
2.3332	52.0000
2.3415	51.1995
2.3499	50.4376
2.3582	49.0000
2.3665	45.4875
2.3749	42.0227
2.3832	37.6599
2.3915	33.2857
2.3999	29.6077
2.4082	26.8118
2.4165	24.5533
2.4249	22.3333
2.4332	20.9592
2.4415	18.2154
2.4498	17.0000
2.4582	16.3333
2.4665	15.7234
2.4748	14.0295
2.4832	13.9184
2.4915	14.4354
2.4998	13.3855
2.5082	12.9365
2.5165	12.4467
2.5248	13.2834
2.5332	13.2902
2.5415	12.2608
2.5498	12.6372
2.5582	11.7120
2.5665	12.9841
2.5748	13.9909
2.5832	13.9955
2.5915	12.6939
2.5998	12.6780
2.6082	12.3696
2.6165	12.6417
2.6248	12.3651
2.6332	12.7823
2.6415	12.4694
2.6498	12.5102
2.6582	13.5488
2.6665	13.4649
2.6748	13.2177
2.6832	14.4127
2.6915	14.5057
2.6998	15.7211
2.7082	17.7347
2.7165	17.8798
2.7248	19.0000
2.7332	20.3061
2.7415	20.3651
2.7498	21.1315
2.7582	21.5782
2.7665	22.7370
2.7748	23.1791
2.7832	22.0227
2.7915	21.1701
2.7998	20.3175
2.8082	19.9116
2.8165	18.9138
2.8248	18.6417
2.8332	17.7279
2.8415	17.8753
2.8498	16.8050
2.8582	17.3333
2.8665	18.6667
2.8748	22.1383
2.8832	29.0612
2.8915	39.2494
2.8998	55.0000
2.9082	69.2812
2.9165	74.7460
2.9248	68.7234
2.9332	64.2336
2.9415	61.5918
2.9498	60.8844
2.9582	64.9116
2.9665	70.1973
2.9748	77.1746
2.9831	81.8912
2.9915	86.3016
2.9998	90.6395
3.0081	94.0113
3.0165	97.0907
3.0248	99.4331
3.0331	103.9683
3.0415	104.6281
3.0498	101.6054
3.0581	100.6780
3.0665	101.9410
3.0748	99.0658
3.0831	95.8118
3.0915	89.3175
3.0998	86.1723
3.1081	82.2948
3.1165	77.3991
3.1248	72.1995
3.1331	68.7800
3.1415	63.8141
3.1498	60.1746
3.1581	55.5329
3.1665	53.0884
3.1748	52.0771
3.1831	51.1043
3.1915	52.3107
3.1998	52.0068
3.2081	52.8413
3.2165	53.8186
3.2248	54.9569
3.2331	57.8050
3.2415	59.1224
3.2498	60.2063
3.2581	61.8050
3.2665	63.2222
0.0000	13.8889
0.0083	14.2086
0.0167	13.9025
0.0250	14.3946
0.0333	13.9184
0.0417	14.4875
0.0500	14.3333
0.0583	13.5873
0.0667	13.6667
0.0750	14.6168
0.0833	14.3333
0.0917	14.5941
0.1000	14.3039
0.1083	13.4240
0.1167	14.3016
0.1250	13.6304
0.1333	12.3401
0.1417	15.3288
0.1500	14.9546
0.1583	14.5760
0.1667	13.6667
0.1750	14.3016
0.1833	13.7823
0.1917	13.0907
0.2000	13.6667
0.2083	14.0000
0.2167	13.5964
0.2250	14.3333
0.2333	14.0952
0.2417	13.7415
0.2500	13.6122
0.2583	15.2676
0.2667	14.6803
0.2750	14.8798
0.2833	15.1474
0.2916	15.7143
0.3000	16.2676
0.3083	16.9116
0.3166	17.0385
0.3250	16.6417
0.3333	15.4943
0.3416	16.3424
0.3500	17.3492
0.3583	17.4558
0.3666	17.5215
0.3750	17.1950
0.3833	16.3333
0.3916	16.0000
0.4000	15.0975
0.4083	14.6667
0.4166	14.8957
0.4250	14.8050
0.4333	14.0612
0.4416	15.2494
0.4500	14.8209
0.4583	14.7370
0.4666	14.8730
0.4750	14.2766
0.4833	14.6667
0.4916	14.4195
0.5000	13.4422
0.5083	14.8526
0.5166	14.0227
0.5250	13.0635
0.5333	14.3243
0.5416	14.3265
0.5500	14.6667
0.5583	13.7120
0.5666	14.9637
0.5750	15.9501
0.5833	14.7302
0.5916	14.7823
0.6000	13.7120
0.6083	14.3333
0.6166	15.4308
0.6250	15.0703
0.6333	14.9274
0.6416	15.3492
0.6500	14.0000
0.6583	13.7596
0.6666	15.1338
0.6750	14.7732
0.6833	15.0068
0.6916	15.3605
0.7000	15.7937
0.7083	15.8685
0.7166	15.6667
0.7250	15.4807
0.7333	15.4626
0.7416	15.4830
0.7500	14.5011
0.7583	14.0000
0.7666	14.3039
0.7750	14.1451
0.7833	14.6667
0.7916	14.5964
0.8000	15.2086
0.8083	15.4104
0.8166	14.4444
0.8249	14.0000
0.8333	13.7234
0.8416	14.3333
0.8499	14.9161
0.8583	14.8458
0.8666	14.1224
0.8749	14.0635
0.8833	15.0499
0.8916	13.9501
0.8999	13.1293
0.9083	13.6304
0.9166	13.3039
0.9249	13.6667
0.9333	13.3016
0.9416	14.2880
0.9499	13.6576
0.9583	13.0045
0.9666	12.9773
0.9749	12.3515
0.9833	11.4082
0.9916	11.6984
0.9999	12.0771
1.0083	12.0454
1.0166	13.2290
1.0249	12.4898
1.0333	12.6009
1.0416	13.3764
1.0499	13.1746
1.0583	13.4943
1.0666	12.7596
1.0749	12.7664
1.0833	12.7596
1.0916	12.6803
1.0999	12.4807
1.1083	12.7937
1.1166	13.0000
1.1249	12.3333
1.1333	12.9615
1.1416	13.1542
1.1499	12.7007
1.1583	12.1633
1.1666	12.3492
1.1749	13.8776
1.1833	14.1882
1.1916	13.3333
1.1999	13.8073
1.2083	13.1678
1.2166	14.2154
1.2249	13.4444
1.2333	12.8957
1.2416	13.2766
1.2499	12.9705
1.2583	12.2494
1.2666	12.6667
1.2749	12.8594
1.2833	11.8571
1.2916	12.4467
1.2999	13.0000
1.3083	12.9138
1.3166	13.5578
1.3249	11.4807
1.3333	12.0680
1.3416	12.3651
1.3499	12.6939
1.3582	14.3265
1.3666	15.6576
1.3749	16.6100
1.3832	16.3696
1.3916	17.9501
1.3999	17.7302
1.4082	17.7438
1.4166	18.0000
1.4249	18.5624
1.4332	17.6077
1.4416	18.8685
1.4499	18.4490
1.4582	17.7619
1.4666	16.4082
1.4749	16.0930
1.4832	15.6327
1.4916	15.1066
1.4999	14.3333
1.5082	14.6667
1.5166	14.5873
1.5249	13.7347
1.5332	13.8073
1.5416	14.0771
1.5499	12.9501
1.5582	12.1497
1.5666	12.6712
1.5749	11.6508
1.5832	11.6372
1.5916	11.6236
1.5999	11.8050
1.6082	11.3333
1.6166	11.6667
1.6249	11.5692
1.6332	11.7778
1.6416	12.4580
1.6499	12.4308
1.6582	12.0907
1.6666	11.8322
1.6749	13.2562
1.6832	13.3333
1.6916	13.0000
1.6999	13.1134
1.7082	12.9501
1.7166	12.8707
1.7249	12.8912
1.7332	12.9116
1.7416	13.6440
1.7499	13.9683
1.7582	13.3424
1.7666	13.6599
1.7749	13.3288
1.7832	13.0000
1.7916	13.6304
1.7999	12.1247
1.8082	13.0317
1.8166	13.2948
1.8249	12.9093
1.8332	13.0522
1.8416	12.9410
1.8499	12.8027
1.8582	12.4059
1.8666	12.9048
1.8749	12.5918
1.8832	12.5737
1.8915	12.7007
1.8999	12.6803
1.9082	13.7664
1.9165	14.0930
1.9249	14.8254
1.9332	15.1973
1.9415	15.0522
1.9499	14.4104
1.9582	14.7415
1.9665	15.0113
1.9749	14.3333
1.9832	13.6825
1.9915	14.1519
1.9999	14.5215
2.0082	14.1950
2.0165	14.6667
2.0249	14.7506
2.0332	14.2154
2.0415	14.4444
2.0499	14.2086
2.0582	14.1950
2.0665	13.1202
2.0749	13.6689
2.0832	14.7438
2.0915	13.8073
2.0999	14.2698
2.1082	15.0567
2.1165	14.4830
2.1249	14.0431
2.1332	14.0726
2.1415	14.6961
2.1499	16.2426
2.1582	16.8730
2.1665	16.9728
2.1749	17.6621
2.1832	18.6576
2.1915	19.6780
2.1999	22.0181
2.2082	24.3333
2.2165	27.4762
2.2249	31.4739
2.2332	32.8639
2.2415	33.4059
2.2499	33.0975
2.2582	30.6712
2.2665	28.4354
2.2749	26.8095
2.2832	25.4195
2.2915	25.0000
2.2999	24.8005
2.3082	23.1066
2.3165	22.5669
2.3249	22.9070
2.3332	23.0952
2.3415	22.9320
2.3499	22.4218
2.3582	23.0703
2.3665	21.2041
2.3749	19.3447
2.3832	18.0023
2.3915	17.4921
2.3999	16.4853
2.4082	15.4195
2.4165	14.7800
2.4249	13.9388
2.4332	12.6236
2.4415	12.0204
2.4498	10.6667
2.4582	11.1043
2.4665	11.4308
2.4748	11.0907
2.4832	11.3356
2.4915	11.5125
2.4998	12.1043
2.5082	11.4762
2.5165	11.5533
2.5248	11.3832
2.5332	11.5374
2.5415	11.2608
2.5498	11.0590
2.5582	11.6440
2.5665	11.9524
2.5748	11.3243
2.5832	11.0000
2.5915	10.3469
2.5998	10.6667
2.6082	9.6848
2.6165	11.0249
2.6248	11.3333
2.6332	11.7438
2.6415	10.7120
2.6498	10.8753
2.6582	11.5488
2.6665	11.2018
2.6748	11.6667
2.6832	12.6667
2.6915	14.0113
2.6998	15.0385
2.7082	15.7664
2.7165	17.0930
2.7248	17.6803
2.7332	20.0930
2.7415	21.4921
2.7498	21.5986
2.7582	20.8073
2.7665	20.8141
2.7748	20.6417
2.7832	19.8163
2.7915	19.5079
2.7998	18.5238
2.8082	17.3333
2.8165	16.0431
2.8248	15.4717
2.8332	14.8685
2.8415	15.2925
2.8498	15.2154
2.8582	13.6667
2.8665	14.3129
2.8748	16.3333
2.8832	18.5147
2.8915	23.5828
2.8998	31.2562
2.9082	40.1406
2.9165	42.5238
2.9248	40.1701
2.9332	34.3832
2.9415	32.4943
2.9498	30.2608
2.9582	30.3333
2.9665	30.9546
2.9748	32.3175
2.9831	31.6485
2.9915	32.3356
2.9998	32.3424
3.0081	33.9433
3.0165	35.5397
3.0248	33.3832
3.0331	35.8730
3.0415	35.8073
3.0498	34.2880
3.0581	34.3537
3.0665	33.4898
3.0748	32.0612
3.0831	32.1746
3.0915	32.3175
3.0998	31.4195
3.1081	30.8141
3.1165	30.4331
3.1248	29.4399
3.1331	28.7732
3.1415	28.2132
3.1498	27.0794
3.1581	26.3356
3.1665	26.5782
3.1748	25.2630
3.1831	26.2290
3.1915	27.0340
3.1998	26.6621
3.2081	26.8571
3.2165	27.7551
3.2248	28.0431
3.2331	29.0567
3.2415	28.9388
3.2498	29.2925
3.2581	30.9796
3.2665	30.5556
0.0000	33.8889
0.0083	36.9796
0.0167	37.1542
0.0250	38.6667
0.0333	40.0839
0.0417	40.3855
0.0500	40.9478
0.0583	42.5238
0.0667	41.8367
0.0750	41.4172
0.0833	40.7959
0.0917	38.1814
0.1000	37.6961
0.1083	36.0454
0.1167	33.7143
0.1250	32.3424
0.1333	31.3333
0.1417	29.6667
0.1500	27.1134
0.1583	27.4240
0.1667	27.3333
0.1750	27.6667
0.1833	27.3333
0.1917	27.0000
0.2000	27.1043
0.2083	27.6077
0.2167	29.1361
0.2250	29.1156
0.2333	29.7778
0.2417	28.7415
0.2500	28.6667
0.2583	31.2676
0.2667	31.0000
0.2750	31.4467
0.2833	31.7596
0.2916	31.8730
0.3000	32.9342
0.3083	34.0159
0.3166	34.3719
0.3250	35.4875
0.3333	36.6667
0.3416	37.0045
0.3500	36.7302
0.3583	37.9070
0.3666	38.4785
0.3750	40.2517
0.3833	42.2630
0.3916	42.9977
0.4000	44.1587
0.4083	45.3333
0.4166	46.3129
0.4250	48.6984
0.4333	50.7256
0.4416	52.0862
0.4500	52.9751
0.4583	53.8776
0.4666	55.2698
0.4750	55.5034
0.4833	56.9002
0.4916	55.6780
0.5000	56.3991
0.5083	55.8141
0.5166	56.2653
0.5250	56.3333
0.5333	54.0635
0.5416	53.6871
0.5500	53.3379
0.5583	53.6440
0.5666	53.2789
0.5750	55.4422
0.5833	54.0794
0.5916	52.2562
0.6000	51.8186
0.6083	52.4580
0.6166	53.0590
0.6250	53.3288
0.6333	53.8118
0.6416	54.8571
0.6500	54.7302
0.6583	52.4422
0.6666	52.7347
0.6750	54.2404
0.6833	55.3129
0.6916	55.3719
0.7000	53.8413
0.7083	54.2698
0.7166	55.6145
0.7250	57.1156
0.7333	55.2041
0.7416	55.0113
0.7500	55.8322
0.7583	58.9206
0.7666	59.7302
0.7750	62.3923
0.7833	64.6100
0.7916	65.5261
0.8000	71.6667
0.8083	77.9388
0.8166	82.7778
0.8249	89.3968
0.8333	99.5692
0.8416	108.7891
0.8499	117.8322
0.8583	127.1542
0.8666	137.0181
0.8749	143.9682
0.8833	146.6735
0.8916	145.4490
0.8999	142.3447
0.9083	140.1020
0.9166	136.8934
0.9249	135.8707
0.9333	134.2698
0.9416	138.4059
0.9499	143.0181
0.9583	147.9773
0.9666	152.5873
0.9749	153.9819
0.9833	154.2245
0.9916	154.6032
0.9999	150.0635
1.0083	138.8798
1.0166	125.4581
1.0249	111.7846
1.0333	99.8730
1.0416	88.2744
1.0499	78.4444
1.0583	68.4943
1.0666	61.8526
1.0749	57.7687
1.0833	53.4671
1.0916	51.3197
1.0999	50.7324
1.1083	49.2857
1.1166	49.7959
1.1249	50.5941
1.1333	50.5964
1.1416	50.1791
1.1499	51.0113
1.1583	52.4943
1.1666	52.0317
1.1749	52.1224
1.1833	52.7687
1.1916	55.3401
1.1999	55.9478
1.2083	57.2086
1.2166	59.0975
1.2249	59.2222
1.2333	58.7914
1.2416	59.7642
1.2499	59.4240
1.2583	59.4989
1.2666	58.4354
1.2749	57.1224
1.2833	56.3968
1.2916	55.9433
1.2999	55.8503
1.3083	53.3764
1.3166	52.1814
1.3249	52.1769
1.3333	50.7120
1.3416	48.7302
1.3499	47.3333
1.3582	47.0023
1.3666	45.6440
1.3749	44.2540
1.3832	42.5397
1.3916	41.8005
1.3999	40.0952
1.4082	40.3719
1.4166	40.7732
1.4249	39.8118
1.4332	39.6463
1.4416	40.3379
1.4499	40.1882
1.4582	40.1905
1.4666	39.9025
1.4749	40.3878
1.4832	40.4331
1.4916	40.3197
1.4999	40.1134
1.5082	40.9070
1.5166	38.8730
1.5249	38.2653
1.5332	37.2449
1.5416	36.8526
1.5499	36.0249
1.5582	35.5170
1.5666	34.8299
1.5749	33.8413
1.5832	34.1519
1.5916	33.3923
1.5999	31.4966
1.6082	32.2630
1.6166	32.5828
1.6249	34.3946
1.6332	34.2222
1.6416	34.2925
1.6499	34.1950
1.6582	34.8481
1.6666	34.5850
1.6749	36.7438
1.6832	38.8073
1.6916	40.1429
1.6999	41.5533
1.7082	42.6667
1.7166	43.9252
1.7249	46.7755
1.7332	49.2154
1.7416	50.5306
1.7499	52.3016
1.7582	54.3152
1.7666	54.9887
1.7749	54.9909
1.7832	57.5193
1.7916	56.1156
1.7999	54.2086
1.8082	53.2381
1.8166	53.4739
1.8249	52.5760
1.8332	50.6667
1.8416	49.8821
1.8499	51.5397
1.8582	50.1156
1.8666	47.9841
1.8749	49.5170
1.8832	50.3719
1.8915	49.4331
1.8999	49.0272
1.9082	50.9796
1.9165	51.9728
1.9249	51.3333
1.9332	53.3991
1.9415	53.2449
1.9499	53.9683
1.9582	54.7710
1.9665	55.3220
1.9749	56.1678
1.9832	56.1746
1.9915	54.3628
1.9999	54.5215
2.0082	54.7234
2.0165	56.3243
2.0249	58.3741
2.0332	59.4308
2.0415	60.5556
2.0499	62.8322
2.0582	65.4717
2.0665	69.7279
2.0749	70.3311
2.0832	69.9728
2.0915	72.1927
2.0999	73.4444
2.1082	74.1633
2.1165	77.5170
2.1249	79.0862
2.1332	81.7029
2.1415	81.4898
2.1499	79.6440
2.1582	78.3175
2.1665	77.9002
2.1749	75.9569
2.1832	70.9683
2.1915	62.3560
2.1999	58.3152
2.2082	55.2086
2.2165	51.2063
2.2249	46.1156
2.2332	44.6667
2.2415	43.0522
2.2499	41.8231
2.2582	38.6667
2.2665	34.1746
2.2749	32.9048
2.2832	31.3220
2.2915	29.7755
2.2999	27.3333
2.3082	24.7460
2.3165	23.7937
2.3249	22.3333
2.3332	22.5397
2.3415	22.2018
2.3499	21.0000
2.3582	20.7755
2.3665	20.6667
2.3749	21.5057
2.3832	21.3379
2.3915	20.6984
2.3999	21.2109
2.4082	22.2313
2.4165	22.0816
2.4249	24.3333
2.4332	27.8753
2.4415	30.9592
2.4498	34.6667
2.4582	38.2086
2.4665	41.1791
2.4748	44.5465
2.4832	47.5850
2.4915	50.9751
2.4998	54.5964
2.5082	57.9048
2.5165	60.6236
2.5248	63.5488
2.5332	63.0975
2.5415	60.9206
2.5498	56.8435
2.5582	52.8639
2.5665	47.3333
2.5748	41.0726
2.5832	39.6644
2.5915	37.3288
2.5998	35.4127
2.6082	36.4603
2.6165	39.0499
2.6248	42.5397
2.6332	43.9229
2.6415	44.7574
2.6498	44.1769
2.6582	40.0000
2.6665	37.5306
2.6748	32.4059
2.6832	28.0000
2.6915	23.0227
2.6998	20.3719
2.7082	19.3333
2.7165	16.5737
2.7248	15.5465
2.7332	14.1202
2.7415	12.7143
2.7498	12.6689
2.7582	12.2812
2.7665	11.4104
2.7748	11.6916
2.7832	11.6553
2.7915	11.8345
2.7998	11.6825
2.8082	11.8481
2.8165	12.2902
2.8248	12.1383
2.8332	11.7370
2.8415	11.8753
2.8498	12.6667
2.8582	12.5556
2.8665	12.9796
2.8748	13.5692
2.8832	13.5465
2.8915	13.3333
2.8998	13.3855
2.9082	13.9478
2.9165	15.8095
2.9248	17.0000
2.9332	17.1497
2.9415	18.3764
2.9498	19.1451
2.9582	21.7256
2.9665	23.8481
2.9748	28.7619
2.9831	33.6939
2.9915	38.3356
2.9998	46.6848
3.0081	60.7007
3.0165	78.0907
3.0248	100.2494
3.0331	119.8095
3.0415	118.9093
3.0498	101.0159
3.0581	81.6871
3.0665	71.8050
3.0748	69.8639
3.0831	72.9705
3.0915	79.7302
3.0998	85.2245
3.1081	87.6825
3.1165	92.5692
3.1248	99.1202
3.1331	102.4467
3.1415	107.2404
3.1498	111.2222
3.1581	114.8662
3.1665	116.8231
3.1748	117.3333
3.1831	118.4376
3.1915	120.3673
3.1998	119.9751
3.2081	117.0317
3.2165	113.9410
3.2248	110.0748
3.2331	103.7732
3.2415	98.7460
3.2498	92.5011
3.2581	85.0567
3.2665	76.2222
0.0000	50.4444
0.0083	49.3537
0.0167	50.2925
0.0250	50.5760
0.0333	51.8299
0.0417	51.5125
0.0500	52.7188
0.0583	53.6190
0.0667	53.5465
0.0750	55.9184
0.0833	55.5692
0.0917	54.7098
0.1000	53.8730
0.1083	54.3560
0.1167	55.5714
0.1250	56.6122
0.1333	57.6440
0.1417	55.3605
0.1500	53.3333
0.1583	53.0544
0.1667	53.1497
0.1750	53.7302
0.1833	55.4104
0.1917	56.2268
0.2000	56.6667
0.2083	57.6077
0.2167	56.3946
0.2250	57.2177
0.2333	60.1587
0.2417	62.7415
0.2500	64.8526
0.2583	66.5329
0.2667	66.5465
0.2750	64.5669
0.2833	62.1474
0.2916	63.7937
0.3000	66.0703
0.3083	70.1247
0.3166	72.2562
0.3250	71.0794
0.3333	69.4830
0.3416	65.3447
0.3500	62.5397
0.3583	62.0000
0.3666	63.6236
0.3750	66.1383
0.3833	67.9297
0.3916	69.3764
0.4000	67.7029
0.4083	64.4444
0.4166	59.1247
0.4250	55.3900
0.4333	54.1224
0.4416	54.1610
0.4500	56.3061
0.4583	57.5079
0.4666	57.0794
0.4750	55.7098
0.4833	52.8844
0.4916	49.8277
0.5000	45.7029
0.5083	43.7937
0.5166	43.2426
0.5250	42.3333
0.5333	43.9456
0.5416	46.9751
0.5500	45.9864
0.5583	43.6780
0.5666	41.1633
0.5750	39.4331
0.5833	37.7302
0.5916	35.8594
0.6000	37.0907
0.6083	35.6463
0.6166	37.9410
0.6250	37.2018
0.6333	36.5805
0.6416	36.7937
0.6500	35.5918
0.6583	34.3333
0.6666	33.5329
0.6750	31.2925
0.6833	30.5737
0.6916	31.6281
0.7000	31.8889
0.7083	33.1361
0.7166	33.4580
0.7250	33.4036
0.7333	32.5374
0.7416	31.6440
0.7500	31.5057
0.7583	30.5397
0.7666	29.0590
0.7750	28.6508
0.7833	27.9751
0.7916	27.2018
0.8000	27.3356
0.8083	27.6259
0.8166	28.7778
0.8249	29.5828
0.8333	29.2358
0.8416	29.3628
0.8499	29.1723
0.8583	29.1293
0.8666	28.7891
0.8749	28.3333
0.8833	29.0499
0.8916	27.4830
0.8999	26.5374
0.9083	27.4853
0.9166	27.2449
0.9249	25.6440
0.9333	24.3333
0.9416	25.2971
0.9499	23.3515
0.9583	24.0227
0.9666	25.6780
0.9749	26.0000
0.9833	26.6667
0.9916	27.6032
0.9999	27.2948
1.0083	27.0907
1.0166	27.2608
1.0249	28.3333
1.0333	30.3991
1.0416	29.7392
1.0499	30.1746
1.0583	30.4195
1.0666	29.4263
1.0749	28.0658
1.0833	29.4263
1.0916	30.5669
1.0999	30.2404
1.1083	31.4921
1.1166	32.8639
1.1249	32.7710
1.1333	32.4807
1.1416	33.7460
1.1499	33.8277
1.1583	34.1723
1.1666	34.1905
1.1749	35.0295
1.1833	35.8549
1.1916	36.0000
1.1999	35.3333
1.2083	35.4172
1.2166	34.9796
1.2249	35.1111
1.2333	33.7914
1.2416	33.8617
1.2499	33.2426
1.2583	32.4172
1.2666	32.7937
1.2749	32.5261
1.2833	32.9841
1.2916	35.5533
1.2999	37.5669
1.3083	39.0748
1.3166	41.8186
1.3249	42.9116
1.3333	43.6440
1.3416	45.2698
1.3499	47.2608
1.3582	44.6553
1.3666	42.3288
1.3749	40.0340
1.3832	37.1088
1.3916	35.3333
1.3999	32.9683
1.4082	31.4104
1.4166	29.6213
1.4249	26.9478
1.4332	24.9025
1.4416	24.2630
1.4499	24.3628
1.4582	24.8254
1.4666	23.8390
1.4749	25.3878
1.4832	28.4014
1.4916	31.3333
1.4999	36.5533
1.5082	41.5465
1.5166	47.0000
1.5249	51.1315
1.5332	54.0522
1.5416	54.5510
1.5499	54.6961
1.5582	53.2993
1.5666	50.5125
1.5749	47.6190
1.5832	44.9070
1.5916	43.1293
1.5999	39.5850
1.6082	35.1927
1.6166	31.8345
1.6249	30.0771
1.6332	28.3333
1.6416	26.5215
1.6499	25.7642
1.6582	25.5465
1.6666	24.1633
1.6749	23.3832
1.6832	22.4558
1.6916	22.0000
1.6999	21.5601
1.7082	22.2336
1.7166	22.2472
1.7249	22.0000
1.7332	21.3923
1.7416	20.4467
1.7499	20.0317
1.7582	20.6304
1.7666	19.6621
1.7749	19.0091
1.7832	19.0340
1.7916	19.7211
1.7999	19.4082
1.8082	20.3651
1.8166	22.1791
1.8249	21.9388
1.8332	22.0839
1.8416	23.5692
1.8499	25.9342
1.8582	26.6961
1.8666	28.3968
1.8749	29.7528
1.8832	31.3333
1.8915	31.5329
1.8999	31.5329
1.9082	30.3333
1.9165	29.0272
1.9249	29.1746
1.9332	29.8005
1.9415	30.5624
1.9499	30.2948
1.9582	30.2585
1.9665	30.4943
1.9749	32.8277
1.9832	33.3175
1.9915	34.3333
1.9999	35.3764
2.0082	36.6417
2.0165	40.2812
2.0249	41.8776
2.0332	45.0771
2.0415	48.0000
2.0499	52.4376
2.0582	55.3175
2.0665	54.0930
2.0749	52.5828
2.0832	51.4104
2.0915	48.4739
2.0999	44.9365
2.1082	39.8299
2.1165	35.1837
2.1249	33.6984
2.1332	28.1088
2.1415	26.8526
2.1499	23.9546
2.1582	22.0476
2.1665	21.3243
2.1749	19.6644
2.1832	17.0136
2.1915	17.9887
2.1999	17.6304
2.2082	15.1497
2.2165	14.8254
2.2249	15.7823
2.2332	15.9546
2.2415	15.3855
2.2499	15.7256
2.2582	16.0000
2.2665	15.8549
2.2749	16.7460
2.2832	17.1088
2.2915	18.6667
2.2999	20.3991
2.3082	23.6531
2.3165	27.0136
2.3249	34.5079
2.3332	43.0000
2.3415	50.4014
2.3499	54.6667
2.3582	56.0703
2.3665	55.1043
2.3749	52.1610
2.3832	46.6689
2.3915	42.1746
2.3999	36.9410
2.4082	33.0431
2.4165	29.5533
2.4249	26.9909
2.4332	25.8753
2.4415	25.2154
2.4498	25.6667
2.4582	24.6871
2.4665	22.4717
2.4748	21.2426
2.4832	21.6667
2.4915	19.8458
2.4998	18.5079
2.5082	16.6825
2.5165	14.3968
2.5248	14.4331
2.5332	13.7959
2.5415	13.6667
2.5498	13.3628
2.5582	13.0680
2.5665	12.3810
2.5748	12.6576
2.5832	12.3311
2.5915	12.6576
2.5998	12.9660
2.6082	12.2789
2.6165	11.4580
2.6248	11.1587
2.6332	11.7823
2.6415	11.3787
2.6498	11.1043
2.6582	11.0590
2.6665	11.6667
2.6748	10.8118
2.6832	10.7460
2.6915	10.5057
2.6998	10.7596
2.7082	10.5329
2.7165	9.8934
2.7248	10.7800
2.7332	10.6939
2.7415	10.7937
2.7498	10.0658
2.7582	9.9637
2.7665	10.7052
2.7748	11.0000
2.7832	10.3107
2.7915	10.0023
2.7998	10.0000
2.8082	10.3628
2.8165	10.4785
2.8248	10.3016
2.8332	10.2018
2.8415	11.1678
2.8498	10.3129
2.8582	9.6667
2.8665	10.5624
2.8748	10.5283
2.8832	10.7574
2.8915	10.5011
2.8998	10.7438
2.9082	11.5261
2.9165	11.9365
2.9248	11.4467
2.9332	11.6168
2.9415	10.7098
2.9498	10.1814
2.9582	12.1179
2.9665	11.7800
2.9748	11.7302
2.9831	12.6939
2.9915	14.3356
2.9998	16.3333
3.0081	17.6893
3.0165	22.0907
3.0248	31.2834
3.0331	41.6032
3.0415	48.4875
3.0498	49.5147
3.0581	45.9274
3.0665	42.0408
3.0748	43.2585
3.0831	45.2472
3.0915	47.3968
3.0998	49.4195
3.1081	51.5193
3.1165	52.5669
3.1248	54.6531
3.1331	58.1066
3.1415	57.5737
3.1498	57.0794
3.1581	56.6621
3.1665	57.0522
3.1748	56.7755
3.1831	55.7460
3.1915	53.7937
3.1998	52.6712
3.2081	50.4921
3.2165	46.4853
3.2248	42.4195
3.2331	39.0567
3.2415	35.1927
3.2498	32.7506
3.2581	30.2925
3.2665	26.6667
0.0000	37.1111
0.0083	39.4580
0.0167	40.2358
0.0250	39.8186
0.0333	40.5828
0.0417	41.6667
0.0500	42.1406
0.0583	42.1905
0.0667	42.2834
0.0750	42.6667
0.0833	42.8707
0.0917	44.1519
0.1000	43.5488
0.1083	44.2200
0.1167	44.3016
0.1250	44.6304
0.1333	43.6667
0.1417	42.3333
0.1500	42.6553
0.1583	41.6667
0.1667	41.0499
0.1750	40.9048
0.1833	40.3333
0.1917	41.1973
0.2000	40.4580
0.2083	39.1565
0.2167	38.0045
0.2250	38.2313
0.2333	37.5079
0.2417	37.0227
0.2500	37.8912
0.2583	37.6327
0.2667	38.2540
0.2750	39.7732
0.2833	40.1202
0.2916	39.0794
0.3000	39.2653
0.3083	39.8594
0.3166	39.7052
0.3250	40.1542
0.3333	40.1610
0.3416	39.6689
0.3500	38.5397
0.3583	40.0295
0.3666	39.9569
0.3750	40.5850
0.3833	40.9478
0.3916	39.6259
0.4000	39.4308
0.4083	40.1111
0.4166	41.0408
0.4250	42.1950
0.4333	42.0000
0.4416	42.5782
0.4500	41.8458
0.4583	42.5442
0.4666	43.8571
0.4750	43.2766
0.4833	44.0839
0.4916	43.4943
0.5000	42.3696
0.5083	43.2449
0.5166	42.7120
0.5250	43.3333
0.5333	43.3061
0.5416	44.3039
0.5500	43.6712
0.5583	42.3900
0.5666	42.6667
0.5750	43.0748
0.5833	42.3968
0.5916	42.0771
0.6000	41.2880
0.6083	40.5306
0.6166	38.2925
0.6250	35.6054
0.6333	33.8844
0.6416	33.9841
0.6500	33.7642
0.6583	35.2948
0.6666	36.0340
0.6750	35.9728
0.6833	35.1134
0.6916	36.5850
0.7000	35.0000
0.7083	35.2676
0.7166	35.3333
0.7250	35.2948
0.7333	35.4127
0.7416	36.8050
0.7500	36.8367
0.7583	38.4603
0.7666	37.4853
0.7750	36.4785
0.7833	36.8050
0.7916	36.4739
0.8000	37.5850
0.8083	38.9592
0.8166	41.1111
0.8249	43.1451
0.8333	46.9274
0.8416	51.3651
0.8499	53.4150
0.8583	54.4354
0.8666	54.1224
0.8749	52.7302
0.8833	50.3968
0.8916	47.3492
0.8999	45.3333
0.9083	42.2245
0.9166	39.8141
0.9249	42.1746
0.9333	43.2857
0.9416	43.6757
0.9499	45.3288
0.9583	45.3333
0.9666	43.7460
0.9749	43.7211
0.9833	41.3832
0.9916	40.5714
0.9999	37.0771
1.0083	34.4240
1.0166	32.7710
1.0249	30.4898
1.0333	29.6054
1.0416	28.3764
1.0499	25.9206
1.0583	25.4943
1.0666	23.6122
1.0749	23.7324
1.0833	23.1995
1.0916	23.3469
1.0999	22.5737
1.1083	23.0794
1.1166	23.4671
1.1249	22.8594
1.1333	23.8912
1.1416	24.1791
1.1499	22.9887
1.1583	23.5011
1.1666	22.9524
1.1749	22.7891
1.1833	24.0431
1.1916	23.9184
1.1999	23.7460
1.2083	23.7098
1.2166	24.3129
1.2249	24.0000
1.2333	24.1043
1.2416	23.2358
1.2499	22.7279
1.2583	22.7483
1.2666	22.9229
1.2749	23.0000
1.2833	23.0000
1.2916	23.6667
1.2999	23.4331
1.3083	24.2902
1.3166	23.6304
1.3249	24.9410
1.3333	25.8413
1.3416	25.9524
1.3499	26.0181
1.3582	25.3356
1.3666	24.3469
1.3749	25.9660
1.3832	26.2608
1.3916	24.6916
1.3999	24.0952
1.4082	24.0385
1.4166	23.3333
1.4249	22.8957
1.4332	22.2744
1.4416	22.5351
1.4499	21.7392
1.4582	20.4127
1.4666	20.1497
1.4749	20.9070
1.4832	21.2993
1.4916	21.1066
1.4999	21.4399
1.5082	22.1202
1.5166	22.5397
1.5249	23.1338
1.5332	25.2449
1.5416	26.1156
1.5499	25.3583
1.5582	25.3220
1.5666	26.1655
1.5749	25.8095
1.5832	25.4558
1.5916	24.8549
1.5999	24.5850
1.6082	24.0612
1.6166	24.3333
1.6249	23.9796
1.6332	22.7778
1.6416	22.5624
1.6499	21.8458
1.6582	21.6372
1.6666	21.2494
1.6749	20.4875
1.6832	19.0181
1.6916	19.3333
1.6999	18.6100
1.7082	18.6667
1.7166	19.0862
1.7249	19.0363
1.7332	19.6667
1.7416	18.0907
1.7499	17.7302
1.7582	18.6757
1.7666	18.9955
1.7749	18.9955
1.7832	18.9546
1.7916	18.2608
1.7999	17.4082
1.8082	17.7302
1.8166	19.1791
1.8249	19.7279
1.8332	19.6871
1.8416	18.1179
1.8499	17.9297
1.8582	19.1156
1.8666	19.0159
1.8749	20.0748
1.8832	20.7211
1.8915	20.2336
1.8999	19.5465
1.9082	19.7800
1.9165	20.0000
1.9249	20.0000
1.9332	19.4694
1.9415	20.3175
1.9499	21.2562
1.9582	21.8209
1.9665	22.0000
1.9749	22.3311
1.9832	22.5079
1.9915	23.8186
1.9999	23.3923
2.0082	24.0000
2.0165	24.0612
2.0249	25.4989
2.0332	27.6871
2.0415	28.7778
2.0499	29.4580
2.0582	31.4308
2.0665	32.5760
2.0749	33.4150
2.0832	32.0771
2.0915	31.5964
2.0999	31.2698
2.1082	30.3333
2.1165	29.8005
2.1249	29.2472
2.1332	27.0726
2.1415	26.8141
2.1499	25.8481
2.1582	25.6508
2.1665	24.0000
2.1749	22.9932
2.1832	20.3379
2.1915	19.6780
2.1999	20.0000
2.2082	18.6168
2.2165	17.9683
2.2249	17.3333
2.2332	15.7574
2.2415	15.7188
2.2499	16.0000
2.2582	14.9297
2.2665	15.3333
2.2749	14.9048
2.2832	14.8390
2.2915	15.0000
2.2999	15.2676
2.3082	17.3333
2.3165	19.0068
2.3249	20.8798
2.3332	24.7937
2.3415	27.7302
2.3499	29.0522
2.3582	30.3265
2.3665	30.2834
2.3749	30.0000
2.3832	29.3379
2.3915	27.6825
2.3999	27.3039
2.4082	26.5646
2.4165	26.3333
2.4249	26.5351
2.4332	28.2086
2.4415	28.5283
2.4498	29.4444
2.4582	30.0204
2.4665	29.6100
2.4748	28.3039
2.4832	27.0816
2.4915	24.5646
2.4998	22.7551
2.5082	21.0476
2.5165	19.5601
2.5248	18.4830
2.5332	17.4626
2.5415	15.7029
2.5498	14.9410
2.5582	13.6440
2.5665	12.3968
2.5748	12.0363
2.5832	11.3447
2.5915	11.0000
2.5998	11.0000
2.6082	11.0000
2.6165	10.3832
2.6248	10.0317
2.6332	10.6667
2.6415	10.5147
2.6498	10.5624
2.6582	10.8821
2.6665	9.9297
2.6748	9.5215
2.6832	10.0000
2.6915	10.0862
2.6998	10.1859
2.7082	10.3673
2.7165	11.4807
2.7248	11.0998
2.7332	10.6395
2.7415	9.7937
2.7498	9.8005
2.7582	10.3855
2.7665	10.5578
2.7748	10.1791
2.7832	10.6667
2.7915	9.9977
2.7998	10.1429
2.8082	10.8186
2.8165	10.3333
2.8248	10.3900
2.8332	10.2018
2.8415	10.6667
2.8498	10.5692
2.8582	10.3333
2.8665	10.1043
2.8748	9.8050
2.8832	10.8798
2.8915	10.6667
2.8998	10.7438
2.9082	11.1406
2.9165	10.6508
2.9248	10.5533
2.9332	10.3333
2.9415	10.7959
2.9498	10.4422
2.9582	10.6961
2.9665	12.2426
2.9748	12.9365
2.9831	13.6576
2.9915	13.3469
2.9998	14.3560
3.0081	15.6893
3.0165	19.2971
3.0248	23.6916
3.0331	33.5079
3.0415	43.2948
3.0498	51.3787
3.0581	54.5624
3.0665	51.8435
3.0748	47.3333
3.0831	45.4059
3.0915	46.5714
3.0998	49.0862
3.1081	52.1859
3.1165	54.4331
3.1248	56.5193
3.1331	59.8005
3.1415	62.3061
3.1498	62.3810
3.1581	64.8662
3.1665	65.9478
3.1748	65.8844
3.1831	66.5918
3.1915	65.9773
3.1998	65.5034
3.2081	64.1587
3.2165	62.4263
3.2248	61.0000
3.2331	58.4717
3.2415	53.7982
3.2498	51.3333
3.2581	48.0975
3.2665	44.0000
0.0000	42.7778
0.0083	43.6032
0.0167	45.1791
0.0250	45.0612
0.0333	46.9161
0.0417	47.5374
0.0500	46.5964
0.0583	48.7619
0.0667	49.5964
0.0750	49.4014
0.0833	50.4082
0.0917	51.9342
0.1000	53.3424
0.1083	52.6440
0.1167	52.6508
0.1250	54.9909
0.1333	54.6667
0.1417	54.0136
0.1500	53.3900
0.1583	53.7755
0.1667	55.3333
0.1750	55.3016
0.1833	53.8209
0.1917	53.9388
0.2000	55.6463
0.2083	55.3333
0.2167	54.2676
0.2250	54.5215
0.2333	54.4127
0.2417	55.4195
0.2500	55.5964
0.2583	58.2313
0.2667	60.7868
0.2750	60.4399
0.2833	62.0000
0.2916	61.8571
0.3000	63.4036
0.3083	64.4218
0.3166	64.9547
0.3250	65.4127
0.3333	64.4943
0.3416	66.0045
0.3500	66.3810
0.3583	68.4512
0.3666	69.1134
0.3750	70.6485
0.3833	71.0884
0.3916	70.9592
0.4000	70.5692
0.4083	72.7778
0.4166	72.4989
0.4250	75.6258
0.4333	77.9705
0.4416	78.5850
0.4500	78.6939
0.4583	76.4921
0.4666	76.4921
0.4750	75.7166
0.4833	72.5329
0.4916	70.5918
0.5000	72.6667
0.5083	74.4603
0.5166	75.5533
0.5250	75.2857
0.5333	72.9728
0.5416	71.3129
0.5500	64.3696
0.5583	59.7914
0.5666	61.6485
0.5750	60.2834
0.5833	59.7937
0.5916	60.8209
0.6000	63.1361
0.6083	63.7392
0.6166	60.2948
0.6250	56.1224
0.6333	54.4354
0.6416	51.6032
0.6500	49.4082
0.6583	47.3719
0.6666	45.7324
0.6750	46.1995
0.6833	46.6667
0.6916	47.3061
0.7000	48.1270
0.7083	49.7347
0.7166	51.3696
0.7250	51.2948
0.7333	49.6168
0.7416	48.6667
0.7500	47.5034
0.7583	46.0317
0.7666	46.2698
0.7750	46.4036
0.7833	46.6667
0.7916	46.9297
0.8000	49.5850
0.8083	54.6621
0.8166	60.0000
0.8249	65.8957
0.8333	67.4467
0.8416	69.1519
0.8499	68.9116
0.8583	64.7687
0.8666	61.9116
0.8749	57.6508
0.8833	54.6599
0.8916	50.5510
0.8999	47.1723
0.9083	47.3696
0.9166	50.5782
0.9249	53.8866
0.9333	55.0317
0.9416	57.0000
0.9499	59.9796
0.9583	58.9955
0.9666	55.3560
0.9749	53.3152
0.9833	48.4580
0.9916	45.4921
0.9999	42.4490
1.0083	38.1655
1.0166	35.5941
1.0249	33.6667
1.0333	32.8685
1.0416	32.4059
1.0499	30.3968
1.0583	29.5170
1.0666	30.1474
1.0749	30.8005
1.0833	30.0930
1.0916	30.7868
1.0999	31.7324
1.1083	30.4603
1.1166	29.9342
1.1249	31.1565
1.1333	32.2630
1.1416	31.8209
1.1499	30.8390
1.1583	30.5011
1.1666	31.1587
1.1749	31.8186
1.1833	31.0431
1.1916	31.8050
1.1999	32.5351
1.2083	33.2109
1.2166	33.1542
1.2249	33.2222
1.2333	32.6871
1.2416	32.6100
1.2499	31.8798
1.2583	31.8322
1.2666	31.8458
1.2749	31.1587
1.2833	30.2540
1.2916	30.0000
1.2999	29.0658
1.3083	30.1723
1.3166	31.0000
1.3249	31.0000
1.3333	31.0454
1.3416	30.9524
1.3499	30.3333
1.3582	31.3265
1.3666	30.6712
1.3749	29.3900
1.3832	28.4785
1.3916	30.0249
1.3999	29.0317
1.4082	29.1406
1.4166	28.6213
1.4249	27.3855
1.4332	26.3333
1.4416	26.1315
1.4499	24.5079
1.4582	24.8889
1.4666	26.0113
1.4749	24.9456
1.4832	24.2993
1.4916	24.3197
1.4999	25.8866
1.5082	27.0658
1.5166	26.6667
1.5249	27.0680
1.5332	27.7029
1.5416	27.9615
1.5499	28.7166
1.5582	28.3447
1.5666	27.6689
1.5749	27.1429
1.5832	27.0295
1.5916	26.7528
1.5999	26.1950
1.6082	26.0000
1.6166	25.1655
1.6249	25.1383
1.6332	24.6667
1.6416	24.3537
1.6499	24.1383
1.6582	23.3333
1.6666	22.3333
1.6749	22.3583
1.6832	22.8594
1.6916	22.3333
1.6999	21.8866
1.7082	21.9501
1.7166	21.2472
1.7249	21.5578
1.7332	21.9705
1.7416	21.9546
1.7499	22.0159
1.7582	21.3605
1.7666	21.6735
1.7749	21.9864
1.7832	21.3673
1.7916	21.7392
1.7999	22.6916
1.8082	23.6032
1.8166	24.0385
1.8249	23.9546
1.8332	23.9478
1.8416	24.1179
1.8499	23.5306
1.8582	24.0295
1.8666	25.6508
1.8749	26.2585
1.8832	25.6122
1.8915	26.9002
1.8999	27.4671
1.9082	28.2132
1.9165	27.3605
1.9249	28.9206
1.9332	30.1361
1.9415	30.0884
1.9499	30.2948
1.9582	32.1542
1.9665	32.6553
1.9749	31.8367
1.9832	33.4921
1.9915	34.7007
1.9999	34.5374
2.0082	35.4717
2.0165	36.2630
2.0249	37.2086
2.0332	39.8821
2.0415	41.4444
2.0499	42.1043
2.0582	44.2925
2.0665	46.4830
2.0749	46.3356
2.0832	44.3084
2.0915	43.6667
2.0999	42.6032
2.1082	41.4467
2.1165	41.6168
2.1249	40.8821
2.1332	42.0363
2.1415	41.0295
2.1499	39.4467
2.1582	38.9683
2.1665	36.3152
2.1749	34.3333
2.1832	32.0272
2.1915	29.0454
2.1999	27.3152
2.2082	25.5918
2.2165	23.5714
2.2249	22.2177
2.2332	20.7120
2.2415	19.2812
2.2499	17.8435
2.2582	17.1315
2.2665	17.4354
2.2749	17.5873
2.2832	17.6553
2.2915	17.1315
2.2999	18.0998
2.3082	19.5601
2.3165	21.5601
2.3249	24.6009
2.3332	27.5079
2.3415	31.1995
2.3499	33.1406
2.3582	34.4807
2.3665	35.0000
2.3749	33.3447
2.3832	31.1678
2.3915	28.8730
2.3999	27.0590
2.4082	26.6508
2.4165	25.9751
2.4249	25.6054
2.4332	26.3741
2.4415	28.4717
2.4498	31.3333
2.4582	31.8753
2.4665	31.9433
2.4748	29.5760
2.4832	28.2472
2.4915	26.9229
2.4998	24.7370
2.5082	24.0000
2.5165	23.1066
2.5248	21.0998
2.5332	20.8390
2.5415	18.9637
2.5498	17.3628
2.5582	16.3560
2.5665	14.6667
2.5748	13.9819
2.5832	13.3311
2.5915	13.0045
2.5998	12.3107
2.6082	12.6122
2.6165	11.6916
2.6248	10.4286
2.6332	11.8844
2.6415	12.1519
2.6498	11.8435
2.6582	10.8435
2.6665	11.5964
2.6748	11.4059
2.6832	11.1905
2.6915	10.5805
2.6998	10.0930
2.7082	10.0000
2.7165	10.0000
2.7248	10.6667
2.7332	10.7596
2.7415	10.4603
2.7498	9.3356
2.7582	9.6145
2.7665	10.6667
2.7748	10.9501
2.7832	10.6667
2.7915	10.5011
2.7998	10.4921
2.8082	9.8481
2.8165	9.8549
2.8248	10.0000
2.8332	10.0000
2.8415	9.4150
2.8498	9.9229
2.8582	10.1111
2.8665	10.2494
2.8748	10.3333
2.8832	10.9388
2.8915	10.4172
2.8998	10.0000
2.9082	10.0000
2.9165	10.5397
2.9248	10.3900
2.9332	10.8163
2.9415	11.5374
2.9498	10.6667
2.9582	11.2449
2.9665	11.3333
2.9748	11.7143
2.9831	12.0272
2.9915	13.3265
2.9998	12.6667
3.0081	13.3333
3.0165	13.3878
3.0248	14.3832
3.0331	19.0000
3.0415	24.6417
3.0498	31.6961
3.0581	40.3129
3.0665	44.6871
3.0748	43.7982
3.0831	41.2902
3.0915	39.4603
3.0998	39.5283
3.1081	41.9456
3.1165	44.1338
3.1248	45.9864
3.1331	48.0000
3.1415	49.9728
3.1498	51.8889
3.1581	53.1361
3.1665	52.2971
3.1748	52.1859
3.1831	53.8458
3.1915	53.8730
3.1998	52.4966
3.2081	51.6508
3.2165	50.4263
3.2248	48.6236
3.2331	47.1701
3.2415	44.9388
3.2498	41.7506
3.2581	39.5488
3.2665	35.8889
0.0000	55.8889
0.0083	56.0000
0.0167	56.6825
0.0250	57.6054
0.0333	59.3333
0.0417	59.7959
0.0500	62.0181
0.0583	64.9365
0.0667	64.7234
0.0750	65.6825
0.0833	67.8073
0.0917	69.4785
0.1000	72.6667
0.1083	76.4853
0.1167	76.0000
0.1250	79.0363
0.1333	84.3311
0.1417	85.3469
0.1500	88.9206
0.1583	89.6485
0.1667	91.7166
0.1750	95.5397
0.1833	97.1542
0.1917	97.8027
0.2000	100.9161
0.2083	106.7234
0.2167	106.5261
0.2250	109.4059
0.2333	111.4444
0.2417	112.5170
0.2500	113.4104
0.2583	115.4671
0.2667	117.9070
0.2750	118.8866
0.2833	119.6667
0.2916	121.6825
0.3000	127.5306
0.3083	132.1723
0.3166	133.1542
0.3250	131.9002
0.3333	130.8844
0.3416	130.4943
0.3500	129.1270
0.3583	131.1519
0.3666	137.5215
0.3750	143.3333
0.3833	148.5964
0.3916	147.4581
0.4000	144.4716
0.4083	142.1111
0.4166	137.5419
0.4250	139.4308
0.4333	145.2721
0.4416	155.0884
0.4500	162.0544
0.4583	165.4399
0.4666	163.9682
0.4750	153.5737
0.4833	145.4649
0.4916	142.6984
0.5000	142.1156
0.5083	147.2744
0.5166	157.8866
0.5250	166.5397
0.5333	171.5669
0.5416	169.6576
0.5500	160.0181
0.5583	150.6667
0.5666	136.7937
0.5750	128.5329
0.5833	128.2063
0.5916	130.2948
0.6000	133.3492
0.6083	139.6667
0.6166	142.5896
0.6250	140.9388
0.6333	132.6372
0.6416	124.4921
0.6500	113.9138
0.6583	105.7211
0.6666	98.7664
0.6750	93.8934
0.6833	95.3537
0.6916	99.1202
0.7000	102.9048
0.7083	103.2630
0.7166	101.7551
0.7250	98.4422
0.7333	92.7415
0.7416	86.1610
0.7500	79.6712
0.7583	75.1111
0.7666	73.2154
0.7750	72.6667
0.7833	72.1451
0.7916	73.6054
0.8000	75.9569
0.8083	75.3742
0.8166	76.0000
0.8249	78.0204
0.8333	76.9433
0.8416	75.5147
0.8499	74.5850
0.8583	76.0771
0.8666	76.0884
0.8749	74.7778
0.8833	75.0068
0.8916	74.4331
0.8999	73.1610
0.9083	73.6667
0.9166	75.1270
0.9249	74.4853
0.9333	73.3333
0.9416	73.0453
0.9499	74.9864
0.9583	72.6712
0.9666	71.6667
0.9749	71.3152
0.9833	71.5669
0.9916	68.6667
0.9999	66.8073
1.0083	65.8345
1.0166	63.2290
1.0249	61.9410
1.0333	60.8730
1.0416	60.2608
1.0499	59.9524
1.0583	57.9025
1.0666	57.1859
1.0749	55.0317
1.0833	53.7732
1.0916	54.7800
1.0999	53.5465
1.1083	53.7937
1.1166	54.9320
1.1249	53.6145
1.1333	55.2562
1.1416	56.5125
1.1499	55.8503
1.1583	58.1678
1.1666	59.1746
1.1749	60.3333
1.1833	61.0000
1.1916	61.6667
1.1999	61.5964
1.2083	62.9569
1.2166	63.9025
1.2249	64.2222
1.2333	64.3537
1.2416	65.6667
1.2499	66.0907
1.2583	65.3333
1.2666	66.1791
1.2749	66.0181
1.2833	66.3968
1.2916	65.6100
1.2999	64.5329
1.3083	62.1723
1.3166	62.4422
1.3249	64.0680
1.3333	61.5986
1.3416	59.9841
1.3499	60.6395
1.3582	59.0068
1.3666	57.3515
1.3749	57.0113
1.3832	57.0726
1.3916	55.9660
1.3999	56.6190
1.4082	58.4104
1.4166	59.4853
1.4249	56.4580
1.4332	54.3923
1.4416	52.9955
1.4499	50.4354
1.4582	48.8095
1.4666	50.4943
1.4749	49.8141
1.4832	47.6667
1.4916	45.4263
1.4999	45.3333
1.5082	46.0113
1.5166	44.4444
1.5249	44.9320
1.5332	44.5261
1.5416	42.9615
1.5499	41.1791
1.5582	40.8390
1.5666	40.9909
1.5749	39.6349
1.5832	39.0000
1.5916	38.6236
1.5999	36.9683
1.6082	37.1315
1.6166	36.6236
1.6249	36.6463
1.6332	37.4444
1.6416	37.8957
1.6499	38.0000
1.6582	37.8186
1.6666	36.9138
1.6749	36.1791
1.6832	35.6145
1.6916	35.0000
1.6999	33.6100
1.7082	33.8662
1.7166	34.6667
1.7249	35.4853
1.7332	37.0385
1.7416	34.6667
1.7499	33.7937
1.7582	35.3243
1.7666	35.3243
1.7749	36.3469
1.7832	37.6553
1.7916	37.9456
1.7999	38.5420
1.8082	37.6667
1.8166	36.3719
1.8249	35.4240
1.8332	36.1769
1.8416	35.5488
1.8499	35.1315
1.8582	36.2608
1.8666	36.6032
1.8749	34.5057
1.8832	34.8141
1.8915	34.1995
1.8999	35.0000
1.9082	36.5397
1.9165	36.5465
1.9249	38.2857
1.9332	40.5306
1.9415	41.3333
1.9499	43.4422
1.9582	46.1542
1.9665	47.6667
1.9749	48.3356
1.9832	49.1587
1.9915	50.9070
1.9999	51.0272
2.0082	52.2517
2.0165	52.1927
2.0249	53.6667
2.0332	55.3129
2.0415	55.2222
2.0499	56.5624
2.0582	60.9841
2.0665	62.4853
2.0749	62.2517
2.0832	62.8980
2.0915	61.8776
2.0999	61.0635
2.1082	61.8934
2.1165	64.0000
2.1249	64.1179
2.1332	65.4059
2.1415	67.3333
2.1499	67.8866
2.1582	64.7619
2.1665	62.4059
2.1749	61.9864
2.1832	58.6576
2.1915	54.9206
2.1999	48.6122
2.2082	42.9161
2.2165	41.6984
2.2249	38.7438
2.2332	36.0295
2.2415	35.1565
2.2499	31.7846
2.2582	29.9342
2.2665	29.1156
2.2749	28.0952
2.2832	26.9252
2.2915	26.1859
2.2999	25.5329
2.3082	25.3469
2.3165	26.0000
2.3249	27.8798
2.3332	28.8730
2.3415	31.2676
2.3499	32.1406
2.3582	32.6667
2.3665	33.2585
2.3749	32.5057
2.3832	31.3311
2.3915	30.6825
2.3999	30.4853
2.4082	30.1451
2.4165	29.6100
2.4249	29.3946
2.4332	29.7914
2.4415	30.2358
2.4498	30.7778
2.4582	32.7914
2.4665	32.3741
2.4748	32.5760
2.4832	33.1678
2.4915	34.6145
2.4998	34.9819
2.5082	35.8571
2.5165	37.4467
2.5248	37.3333
2.5332	38.2472
2.5415	37.6304
2.5498	36.4512
2.5582	35.2880
2.5665	33.6032
2.5748	30.9546
2.5832	28.6621
2.5915	26.0181
2.5998	25.0000
2.6082	23.0181
2.6165	23.3583
2.6248	22.7937
2.6332	25.6916
2.6415	23.9546
2.6498	24.2086
2.6582	25.1769
2.6665	24.9342
2.6748	25.3039
2.6832	23.3333
2.6915	21.9138
2.6998	20.2789
2.7082	20.3333
2.7165	18.4399
2.7248	17.9932
2.7332	17.1859
2.7415	16.4603
2.7498	16.5329
2.7582	15.5261
2.7665	14.7052
2.7748	13.8707
2.7832	14.1610
2.7915	15.1655
2.7998	14.8095
2.8082	14.8776
2.8165	15.3333
2.8248	16.8617
2.8332	17.3243
2.8415	16.6236
2.8498	17.4512
2.8582	19.5556
2.8665	20.1043
2.8748	20.4717
2.8832	22.4240
2.8915	23.2472
2.8998	22.5397
2.9082	22.1587
2.9165	23.2698
2.9248	23.2766
2.9332	22.3333
2.9415	21.9138
2.9498	21.2971
2.9582	17.9615
2.9665	19.4014
2.9748	20.2857
2.9831	20.6395
2.9915	21.6599
2.9998	21.3424
3.0081	22.3447
3.0165	24.3333
3.0248	26.2834
3.0331	30.7778
3.0415	38.8844
3.0498	53.9093
3.0581	73.0317
3.0665	92.2562
3.0748	103.3991
3.0831	102.4490
3.0915	96.0952
3.0998	90.5805
3.1081	88.5193
3.1165	89.8322
3.1248	98.0000
3.1331	101.8866
3.1415	104.9070
3.1498	109.4603
3.1581	112.4694
3.1665	114.9841
3.1748	114.3333
3.1831	113.4875
3.1915	112.1950
3.1998	111.1678
3.2081	110.6667
3.2165	108.3968
3.2248	105.1020
3.2331	105.1701
3.2415	103.2721
3.2498	101.0839
3.2581	99.1179
3.2665	97.4444
0.0000	25.7778
0.0083	25.3537
0.0167	26.6100
0.0250	26.3039
0.0333	26.2517
0.0417	26.0000
0.0500	27.2630
0.0583	26.7937
0.0667	27.3900
0.0750	27.9002
0.0833	28.7098
0.0917	27.8481
0.1000	28.8821
0.1083	28.5533
0.1167	27.9524
0.1250	29.2880
0.1333	29.3243
0.1417	29.6621
0.1500	28.6100
0.1583	27.3333
0.1667	27.0748
0.1750	27.5714
0.1833	27.6916
0.1917	26.6213
0.2000	26.2608
0.2083	27.0975
0.2167	27.6712
0.2250	27.4059
0.2333	26.7302
0.2417	27.8277
0.2500	27.3719
0.2583	28.8299
0.2667	30.5850
0.2750	29.9070
0.2833	29.3061
0.2916	28.2540
0.3000	28.4694
0.3083	29.2290
0.3166	29.3016
0.3250	28.6916
0.3333	28.8050
0.3416	28.0000
0.3500	28.4603
0.3583	28.9705
0.3666	28.6236
0.3750	27.8617
0.3833	28.1315
0.3916	27.8753
0.4000	28.7846
0.4083	28.2222
0.4166	28.2925
0.4250	28.8617
0.4333	29.1814
0.4416	30.5850
0.4500	30.9229
0.4583	30.7891
0.4666	30.2698
0.4750	30.6667
0.4833	31.9342
0.4916	31.4943
0.5000	31.5215
0.5083	30.7256
0.5166	32.0000
0.5250	32.9206
0.5333	32.9819
0.5416	32.3379
0.5500	32.0000
0.5583	31.2880
0.5666	30.2608
0.5750	29.9252
0.5833	30.0952
0.5916	30.3084
0.6000	31.3787
0.6083	30.6145
0.6166	29.2154
0.6250	27.7324
0.6333	27.5941
0.6416	25.9206
0.6500	25.0000
0.6583	25.7755
0.6666	25.8345
0.6750	25.8934
0.6833	25.3333
0.6916	25.0000
0.7000	25.4127
0.7083	25.1995
0.7166	24.4376
0.7250	25.4490
0.7333	26.0748
0.7416	26.3333
0.7500	26.1633
0.7583	27.0000
0.7666	28.2109
0.7750	28.5646
0.7833	28.3084
0.7916	28.4739
0.8000	28.8753
0.8083	28.3333
0.8166	30.2222
0.8249	33.7710
0.8333	36.5283
0.8416	39.4535
0.8499	40.6667
0.8583	41.9478
0.8666	40.4739
0.8749	37.2540
0.8833	35.8299
0.8916	35.0340
0.8999	33.0862
0.9083	31.5510
0.9166	32.3333
0.9249	34.3560
0.9333	36.3492
0.9416	36.3696
0.9499	36.0091
0.9583	36.0091
0.9666	33.4014
0.9749	31.4240
0.9833	29.6916
0.9916	29.5397
0.9999	27.2562
1.0083	25.3333
1.0166	24.8957
1.0249	23.0590
1.0333	21.9342
1.0416	21.9864
1.0499	21.3968
1.0583	20.6780
1.0666	21.0385
1.0749	20.6327
1.0833	21.8934
1.0916	22.2200
1.0999	21.5737
1.1083	20.9683
1.1166	21.6009
1.1249	21.8231
1.1333	21.5193
1.1416	20.4875
1.1499	19.6553
1.1583	19.8299
1.1666	20.3016
1.1749	19.7891
1.1833	19.7256
1.1916	19.1633
1.1999	18.6667
1.2083	18.2086
1.2166	19.0975
1.2249	18.7778
1.2333	18.9796
1.2416	19.3741
1.2499	18.9705
1.2583	18.9161
1.2666	19.1542
1.2749	18.9297
1.2833	18.9365
1.2916	19.4399
1.2999	19.8005
1.3083	20.6236
1.3166	21.5941
1.3249	20.7551
1.3333	20.7120
1.3416	21.0317
1.3499	20.3605
1.3582	18.6735
1.3666	18.0136
1.3749	18.0567
1.3832	17.3696
1.3916	17.0000
1.3999	16.9365
1.4082	17.0385
1.4166	17.0454
1.4249	17.0000
1.4332	16.7642
1.4416	16.2018
1.4499	15.4785
1.4582	16.4127
1.4666	17.9887
1.4749	18.1474
1.4832	20.4671
1.4916	21.6803
1.4999	20.5533
1.5082	20.4807
1.5166	20.3492
1.5249	21.1338
1.5332	19.5782
1.5416	18.5578
1.5499	18.4875
1.5582	18.5057
1.5666	17.8345
1.5749	16.1587
1.5832	15.4558
1.5916	16.1020
1.5999	16.5283
1.6082	16.4830
1.6166	15.5011
1.6249	13.4308
1.6332	14.4444
1.6416	15.1043
1.6499	15.0000
1.6582	13.5442
1.6666	13.7528
1.6749	14.2313
1.6832	14.2109
1.6916	15.1429
1.6999	14.6667
1.7082	13.4830
1.7166	13.1293
1.7249	13.1088
1.7332	13.6961
1.7416	14.0000
1.7499	14.0317
1.7582	14.6395
1.7666	14.9909
1.7749	14.9955
1.7832	14.3560
1.7916	14.0181
1.7999	15.3333
1.8082	15.3333
1.8166	16.1791
1.8249	16.8186
1.8332	15.7188
1.8416	16.3923
1.8499	17.5351
1.8582	17.6372
1.8666	16.8254
1.8749	17.5057
1.8832	18.0000
1.8915	18.4671
1.8999	17.9864
1.9082	18.1066
1.9165	18.7596
1.9249	19.8254
1.9332	19.0000
1.9415	19.4739
1.9499	19.6281
1.9582	19.8209
1.9665	20.9660
1.9749	21.5011
1.9832	22.8095
1.9915	22.4263
1.9999	23.6667
2.0082	24.9751
2.0165	27.0703
2.0249	28.6667
2.0332	30.1383
2.0415	30.2222
2.0499	30.6667
2.0582	30.7234
2.0665	28.8481
2.0749	26.0000
2.0832	24.4875
2.0915	23.4036
2.0999	21.7937
2.1082	20.9433
2.1165	19.0499
2.1249	18.0431
2.1332	18.0000
2.1415	16.6667
2.1499	16.5760
2.1582	15.0317
2.1665	14.0544
2.1749	13.9955
2.1832	13.9909
2.1915	13.3447
2.1999	14.3152
2.2082	13.6417
2.2165	13.6032
2.2249	13.9615
2.2332	14.0000
2.2415	13.8957
2.2499	14.6077
2.2582	15.6667
2.2665	16.6667
2.2749	17.0000
2.2832	19.4943
2.2915	23.3878
2.2999	27.0998
2.3082	30.8005
2.3165	32.2200
2.3249	33.2132
2.3332	33.2063
2.3415	32.6009
2.3499	31.3696
2.3582	29.9229
2.3665	27.8707
2.3749	25.7007
2.3832	24.3311
2.3915	22.6984
2.3999	21.3039
2.4082	20.6667
2.4165	20.3583
2.4249	20.7279
2.4332	19.0000
2.4415	18.2358
2.4498	17.6667
2.4582	16.4376
2.4665	16.0000
2.4748	15.5147
2.4832	15.2517
2.4915	14.8730
2.4998	14.2109
2.5082	14.6667
2.5165	13.5533
2.5248	12.8503
2.5332	12.9569
2.5415	13.4490
2.5498	11.9705
2.5582	11.6893
2.5665	12.6667
2.5748	12.3515
2.5832	11.9977
2.5915	11.3424
2.5998	11.6327
2.6082	12.0000
2.6165	12.0249
2.6248	12.0000
2.6332	12.0000
2.6415	11.3333
2.6498	10.8957
2.6582	10.3923
2.6665	11.3991
2.6748	11.3333
2.6832	11.0000
2.6915	11.3220
2.6998	11.5193
2.7082	11.6667
2.7165	11.2268
2.7248	9.8934
2.7332	9.5465
2.7415	9.6190
2.7498	9.7347
2.7582	9.9478
2.7665	10.2948
2.7748	10.1542
2.7832	9.3333
2.7915	10.6689
2.7998	10.8254
2.8082	9.8481
2.8165	9.8549
2.8248	9.6100
2.8332	9.1315
2.8415	9.7483
2.8498	10.0204
2.8582	10.2222
2.8665	10.7710
2.8748	9.8617
2.8832	9.7574
2.8915	9.8322
2.8998	9.9229
2.9082	10.0000
2.9165	10.1270
2.9248	10.1701
2.9332	10.8163
2.9415	9.2154
2.9498	10.0000
2.9582	10.2449
2.9665	10.6440
2.9748	11.6667
2.9831	11.3333
2.9915	11.0045
2.9998	11.0091
3.0081	11.0113
3.0165	11.7029
3.0248	12.6916
3.0331	12.3968
3.0415	14.1156
3.0498	18.7732
3.0581	22.7392
3.0665	28.3719
3.0748	33.0000
3.0831	38.8254
3.0915	39.2063
3.0998	35.2585
3.1081	32.7982
3.1165	30.9660
3.1248	31.0136
3.1331	29.7732
3.1415	30.0930
3.1498	30.4603
3.1581	30.9320
3.1665	30.0000
3.1748	30.1088
3.1831	30.1542
3.1915	30.0000
3.1998	30.0000
3.2081	28.6667
3.2165	27.9410
3.2248	27.9569
3.2331	26.7800
3.2415	26.0703
3.2498	25.5828
3.2581	24.4921
3.2665	25.1111
0.0000	24.5556
0.0083	25.9161
0.0167	27.0000
0.0250	27.4535
0.0333	26.6644
0.0417	26.9229
0.0500	28.4036
0.0583	28.8413
0.0667	28.4535
0.0750	30.4671
0.0833	32.3651
0.0917	32.1156
0.1000	31.2744
0.1083	31.0454
0.1167	31.6508
0.1250	31.3605
0.1333	31.6667
0.1417	32.0227
0.1500	33.9773
0.1583	34.2608
0.1667	32.6916
0.1750	32.0952
0.1833	32.7052
0.1917	32.8186
0.2000	32.7914
0.2083	33.4898
0.2167	34.0748
0.2250	33.8980
0.2333	31.9206
0.2417	32.1610
0.2500	32.1315
0.2583	31.4989
0.2667	31.9864
0.2750	33.2200
0.2833	34.1202
0.2916	33.9683
0.3000	35.1315
0.3083	35.6304
0.3166	34.8912
0.3250	34.8957
0.3333	34.6893
0.3416	34.1701
0.3500	33.3492
0.3583	33.6077
0.3666	32.9138
0.3750	31.3583
0.3833	32.2630
0.3916	32.0839
0.4000	32.5488
0.4083	32.5556
0.4166	32.3333
0.4250	31.1542
0.4333	32.0000
0.4416	33.2472
0.4500	32.5125
0.4583	33.1927
0.4666	35.0159
0.4750	35.2200
0.4833	34.3333
0.4916	35.7415
0.5000	37.2676
0.5083	37.0975
0.5166	36.9093
0.5250	36.9206
0.5333	37.5941
0.5416	36.0023
0.5500	36.3469
0.5583	36.3447
0.5666	36.6848
0.5750	35.0998
0.5833	35.3968
0.5916	36.5896
0.6000	34.8639
0.6083	32.8231
0.6166	31.5692
0.6250	32.2676
0.6333	32.7823
0.6416	31.7460
0.6500	30.9365
0.6583	31.4263
0.6666	30.5669
0.6750	30.0272
0.6833	30.6599
0.6916	30.5737
0.7000	29.8730
0.7083	29.7347
0.7166	29.8435
0.7250	29.9615
0.7333	30.6667
0.7416	31.0000
0.7500	31.0000
0.7583	30.6825
0.7666	30.2404
0.7750	31.3764
0.7833	32.3900
0.7916	33.5351
0.8000	36.5850
0.8083	39.3129
0.8166	41.3333
0.8249	43.1451
0.8333	45.2766
0.8416	44.3039
0.8499	42.4989
0.8583	41.8458
0.8666	39.7891
0.8749	38.2698
0.8833	38.4399
0.8916	38.2336
0.8999	39.2472
0.9083	41.7460
0.9166	42.0091
0.9249	39.1973
0.9333	36.6825
0.9416	36.6395
0.9499	36.3152
0.9583	34.6576
0.9666	33.9546
0.9749	31.9637
0.9833	29.1497
0.9916	28.0952
0.9999	26.7438
1.0083	26.0454
1.0166	25.2290
1.0249	25.0590
1.0333	25.3379
1.0416	24.3039
1.0499	23.5714
1.0583	23.6667
1.0666	22.2789
1.0749	22.2653
1.0833	21.9728
1.0916	21.6667
1.0999	22.1202
1.1083	21.7143
1.1166	21.9320
1.1249	22.4376
1.1333	21.5193
1.1416	20.7415
1.1499	21.5170
1.1583	22.3311
1.1666	23.8095
1.1749	23.1224
1.1833	22.4354
1.1916	21.4717
1.1999	22.7370
1.2083	22.1247
1.2166	22.9229
1.2249	22.7778
1.2333	21.4580
1.2416	21.6667
1.2499	22.1814
1.2583	22.9184
1.2666	23.4354
1.2749	25.0522
1.2833	25.1429
1.2916	24.9433
1.2999	24.3333
1.3083	24.4943
1.3166	23.5215
1.3249	22.3628
1.3333	22.0227
1.3416	20.6984
1.3499	20.0091
1.3582	19.9909
1.3666	19.9909
1.3749	19.2993
1.3832	19.0181
1.3916	19.0249
1.3999	19.5397
1.4082	19.1791
1.4166	18.3787
1.4249	19.0726
1.4332	20.4898
1.4416	22.5964
1.4499	25.5215
1.4582	28.0159
1.4666	29.2585
1.4749	29.0000
1.4832	28.2336
1.4916	26.6667
1.4999	26.2132
1.5082	26.0930
1.5166	23.3333
1.5249	21.8685
1.5332	21.5624
1.5416	21.1474
1.5499	20.3333
1.5582	18.6667
1.5666	18.0000
1.5749	17.3333
1.5832	17.9705
1.5916	17.4785
1.5999	16.3333
1.6082	16.6667
1.6166	16.3333
1.6249	15.5692
1.6332	16.6667
1.6416	16.9161
1.6499	15.9592
1.6582	15.5442
1.6666	15.8345
1.6749	16.1542
1.6832	16.0703
1.6916	15.5873
1.6999	15.7800
1.7082	15.9002
1.7166	15.3764
1.7249	14.4422
1.7332	14.7551
1.7416	15.7347
1.7499	15.3810
1.7582	16.9909
1.7666	16.6735
1.7749	16.6803
1.7832	17.6780
1.7916	18.0363
1.7999	18.7914
1.8082	18.4603
1.8166	19.2948
1.8249	18.6213
1.8332	18.6667
1.8416	19.5488
1.8499	18.8639
1.8582	17.6236
1.8666	19.2698
1.8749	19.5805
1.8832	19.7596
1.8915	20.4671
1.8999	20.6531
1.9082	21.3469
1.9165	21.6667
1.9249	22.8571
1.9332	24.1973
1.9415	24.1927
1.9499	24.9615
1.9582	26.4376
1.9665	29.6780
1.9749	31.9955
1.9832	31.8730
1.9915	33.2109
1.9999	32.6667
2.0082	31.3333
2.0165	29.9297
2.0249	26.7075
2.0332	24.8821
2.0415	23.7778
2.0499	21.3129
2.0582	19.6259
2.0665	18.7279
2.0749	18.1655
2.0832	17.3333
2.0915	16.3333
2.0999	16.0000
2.1082	15.8866
2.1165	15.7506
2.1249	14.7528
2.1332	14.6667
2.1415	13.6961
2.1499	13.6440
2.1582	13.9841
2.1665	14.0000
2.1749	14.0000
2.1832	14.0091
2.1915	14.6327
2.1999	15.0000
2.2082	15.0249
2.2165	16.2698
2.2249	18.2177
2.2332	20.2880
2.2415	22.4376
2.2499	26.3923
2.2582	31.2018
2.2665	34.8413
2.2749	39.1587
2.2832	41.5805
2.2915	40.4807
2.2999	39.5011
2.3082	35.7868
2.3165	31.7732
2.3249	27.7868
2.3332	23.8730
2.3415	22.1995
2.3499	21.0522
2.3582	20.5578
2.3665	20.4875
2.3749	21.1497
2.3832	21.1678
2.3915	20.6508
2.3999	20.0930
2.4082	19.2902
2.4165	18.3333
2.4249	16.4036
2.4332	15.2086
2.4415	14.5692
2.4498	13.6667
2.4582	13.5828
2.4665	12.9592
2.4748	12.3628
2.4832	11.5850
2.4915	11.0771
2.4998	11.0000
2.5082	10.4603
2.5165	10.1701
2.5248	10.5170
2.5332	11.0000
2.5415	10.5147
2.5498	10.7256
2.5582	11.0454
2.5665	9.7460
2.5748	11.0181
2.5832	11.3333
2.5915	10.9864
2.5998	10.9887
2.6082	10.3696
2.6165	10.6417
2.6248	10.9683
2.6332	11.5896
2.6415	10.8027
2.6498	9.5420
2.6582	9.8435
2.6665	10.6009
2.6748	10.2608
2.6832	10.8254
2.6915	11.0862
2.6998	10.8141
2.7082	10.9002
2.7165	10.0930
2.7248	10.3333
2.7332	10.8798
2.7415	10.5873
2.7498	10.5329
2.7582	10.2971
2.7665	10.0385
2.7748	10.3583
2.7832	10.5170
2.7915	9.4989
2.7998	10.0159
2.8082	10.5442
2.8165	9.5215
2.8248	10.0567
2.8332	9.9388
2.8415	10.1247
2.8498	10.1179
2.8582	10.6667
2.8665	9.8753
2.8748	8.8209
2.8832	9.6961
2.8915	10.5828
2.8998	10.1020
2.9082	10.3152
2.9165	9.7937
2.9248	10.8866
2.9332	10.5669
2.9415	10.0862
2.9498	10.6304
2.9582	10.8526
2.9665	10.9093
2.9748	10.2857
2.9831	10.0091
2.9915	10.6644
2.9998	11.0045
3.0081	11.0113
3.0165	10.9637
3.0248	10.3084
3.0331	11.3968
3.0415	12.6281
3.0498	13.5306
3.0581	14.0522
3.0665	14.7256
3.0748	15.7982
3.0831	18.7392
3.0915	23.4921
3.0998	30.7415
3.1081	39.8141
3.1165	49.1995
3.1248	55.6803
3.1331	53.7732
3.1415	49.7596
3.1498	45.1270
3.1581	40.0680
3.1665	37.4739
3.1748	37.8844
3.1831	36.7959
3.1915	34.6667
3.1998	32.6621
3.2081	30.9683
3.2165	30.2109
3.2248	29.0000
3.2331	28.1882
3.2415	27.9909
3.2498	25.5828
3.2581	24.3129
3.2665	23.8889