0.0000	168.6667
0.0083	192.0612
0.0167	217.0000
0.0250	232.1837
0.0333	251.0000
0.0417	249.4354
0.0500	255.0000
0.0583	249.6667
0.0667	250.5170
0.0750	232.7211
0.0833	207.2993
0.0917	171.0000
0.1000	140.5306
0.1083	119.1973
0.1167	109.0000
0.1250	103.0000
0.1333	98.3401
0.1417	97.0408
0.1500	98.4014
0.1583	95.0000
0.1667	98.2245
0.1750	98.3333
0.1833	98.1292
0.1917	94.7891
0.2000	98.4694
0.2083	97.3742
0.2167	94.5918
0.2250	96.7687
0.2333	99.8095
0.2417	94.8503
0.2500	92.9456
0.2583	88.1361
0.2667	90.0136
0.2750	85.0000
0.2833	88.0544
0.2916	87.9048
0.3000	85.0680
0.3083	86.0884
0.3166	86.7823
0.3250	85.2585
0.3333	88.1020
0.3416	84.4898
0.3500	80.8095
0.3583	82.7891
0.3666	82.4626
0.3750	82.2585
0.3833	83.2721
0.3916	81.0000
0.4000	79.6258
0.4083	80.3333
0.4166	79.3537
0.4250	80.6258
0.4333	83.2109
0.4416	81.8299
0.4500	87.4354
0.4583	85.5442
0.4666	96.0476
0.4750	95.9932
0.4833	106.4490
0.4916	113.6122
0.5000	124.0000
0.5083	133.1565
0.5166	147.4014
0.5250	163.1429
0.5333	176.0816
0.5416	195.6599
0.5500	211.9592
0.5583	230.1020
0.5666	242.0476
0.5750	250.9660
0.5833	252.0476
0.5916	253.6939
0.6000	254.0000
0.6083	241.0000
0.6166	210.0000
0.6250	170.3197
0.6333	132.2313
0.6416	102.0952
0.6500	87.0000
0.6583	74.0000
0.6666	69.9320
0.6750	70.0136
0.6833	72.9864
0.6916	74.0000
0.7000	80.0952
0.7083	86.9320
0.7166	90.7347
0.7250	94.7823
0.7333	93.8708
0.7416	87.8980
0.7500	80.8299
0.7583	77.4286
0.7666	68.1565
0.7750	60.2313
0.7833	58.7483
0.7916	53.1837
0.8000	52.0000
0.8083	47.9388
0.8166	50.6667
0.8249	47.4150
0.8333	50.0000
0.8416	49.4218
0.8499	45.8299
0.8583	45.5646
0.8666	45.0884
0.8749	44.4762
0.8833	46.4966
0.8916	44.5170
0.8999	44.5374
0.9083	43.5578
0.9166	43.8435
0.9249	43.0000
0.9333	44.0000
0.9416	40.3605
0.9499	43.3401
0.9583	39.6395
0.9666	43.5034
0.9749	40.0000
0.9833	41.2245
0.9916	40.7143
0.9999	43.0000
1.0083	41.3946
1.0166	41.6463
1.0249	40.0000
1.0333	38.2721
1.0416	38.8844
1.0499	38.9048
1.0583	38.1497
1.0666	39.8912
1.0749	43.8639
1.0833	41.0272
1.0916	41.0000
1.0999	40.0000
1.1083	42.0476
1.1166	42.8639
1.1249	40.0884
1.1333	41.8912
1.1416	39.2585
1.1499	39.1497
1.1583	40.8299
1.1666	38.1905
1.1749	37.8435
1.1833	38.5374
1.1916	37.2517
1.1999	38.7279
1.2083	37.0000
1.2166	38.0612
1.2249	34.3333
1.2333	36.3537
1.2416	37.0000
1.2499	35.1837
1.2583	35.0000
1.2666	36.1293
1.2749	35.0884
1.2833	33.0476
1.2916	32.4966
1.2999	31.9660
1.3083	31.4626
1.3166	30.8844
1.3249	30.0000
1.3333	29.7959
1.3416	29.0000
1.3499	30.0000
1.3582	28.3197
1.3666	29.3605
1.3749	28.7007
1.3832	28.0000
1.3916	28.2585
1.3999	28.7619
1.4082	26.0000
1.4166	26.8027
1.4249	27.0000
1.4332	28.0000
1.4416	27.7279
1.4499	26.8844
1.4582	24.1905
1.4666	26.9252
1.4749	25.1088
1.4832	25.9660
1.4916	26.9864
1.4999	25.0136
1.5082	26.0000
1.5166	25.0000
1.5249	25.8639
1.5332	25.8231
1.5416	23.8912
1.5499	25.7415
1.5582	24.8503
1.5666	26.8299
1.5749	23.5714
1.5832	24.7891
1.5916	24.2313
1.5999	24.7551
1.6082	24.0000
1.6166	23.2925
1.6249	25.3741
1.6332	24.6667
1.6416	24.3537
1.6499	24.2517
1.6582	23.7891
1.6666	23.7551
1.6749	23.4354
1.6832	24.3673
1.6916	23.4762
1.6999	24.5034
1.7082	23.9660
1.7166	24.5374
1.7249	25.0000
1.7332	24.4218
1.7416	25.3946
1.7499	26.0000
1.7582	26.6395
1.7666	27.3401
1.7749	26.3197
1.7832	27.4014
1.7916	27.0000
1.7999	25.2585
1.8082	22.4762
1.8166	25.3469
1.8249	25.0000
1.8332	22.0000
1.8416	23.0000
1.8499	24.0000
1.8582	22.0000
1.8666	23.0952
1.8749	22.2245
1.8832	25.0544
1.8915	20.0680
1.8999	24.9592
1.9082	23.0136
1.9165	25.0000
1.9249	25.0000
1.9332	27.0000
1.9415	27.0000
1.9499	27.1088
1.9582	28.0000
1.9665	28.2993
1.9749	31.0000
1.9832	33.1905
1.9915	36.4218
1.9999	38.4626
2.0082	40.5034
2.0165	42.7279
2.0249	43.0000
2.0332	45.0000
2.0415	45.3333
2.0499	44.0000
2.0582	42.6259
2.0665	44.2109
2.0749	39.0000
2.0832	38.4354
2.0915	36.0000
2.0999	35.4286
2.1082	34.0000
2.1165	34.0000
2.1249	30.0748
2.1332	28.6735
2.1415	26.5782
2.1499	26.1973
2.1582	24.3810
2.1665	23.3605
2.1749	22.6599
2.1832	22.3605
2.1915	23.1020
2.1999	20.2789
2.2082	20.7415
2.2165	20.2381
2.2249	19.2177
2.2332	19.1973
2.2415	20.0000
2.2499	20.0000
2.2582	21.7279
2.2665	19.2313
2.2749	20.0952
2.2832	20.0000
2.2915	19.0544
2.2999	20.0000
2.3082	23.0000
2.3165	25.0136
2.3249	31.0816
2.3332	37.2857
2.3415	51.5442
2.3499	67.7075
2.3582	92.5442
2.3665	113.9048
2.3749	137.3469
2.3832	162.0204
2.3915	181.9524
2.3999	197.7891
2.4082	206.7687
2.4165	203.4898
2.4249	193.0000
2.4332	172.0748
2.4415	137.3061
2.4498	103.0000
2.4582	71.5850
2.4665	52.1293
2.4748	41.4218
2.4832	33.7551
2.4915	28.5646
2.4998	27.5442
2.5082	23.4762
2.5165	22.4966
2.5248	22.0000
2.5332	21.5374
2.5415	21.0000
2.5498	19.7347
2.5582	20.4014
2.5665	18.3810
2.5748	20.0000
2.5832	19.6803
2.5915	18.6395
2.5998	20.7007
2.6082	21.4422
2.6165	21.7075
2.6248	23.2381
2.6332	21.7823
2.6415	28.6054
2.6498	27.6463
2.6582	26.0000
2.6665	25.4082
2.6748	28.8844
2.6832	27.0000
2.6915	27.7755
2.6998	26.9456
2.7082	25.0340
2.7165	24.9864
2.7248	22.0000
2.7332	21.9728
2.7415	20.9048
2.7498	19.0000
2.7582	19.0884
2.7665	19.0000
2.7748	21.2585
2.7832	21.7007
2.7915	21.0000
2.7998	22.0000
2.8082	22.4218
2.8165	27.7687
2.8248	27.0000
2.8332	26.9116
2.8415	23.2925
2.8498	21.6871
2.8582	20.3333
2.8665	20.0000
2.8748	19.6259
2.8832	20.6054
2.8915	21.0000
2.8998	20.0000
2.9082	20.5442
2.9165	20.0000
2.9248	21.4966
2.9332	21.9660
2.9415	21.4626
2.9498	21.5578
2.9582	22.0000
2.9665	22.8027
2.9748	24.6190
2.9831	25.0000
2.9915	25.3401
2.9998	25.3197
3.0081	26.7007
3.0165	27.0000
3.0248	30.7415
3.0331	31.0000
3.0415	32.0000
3.0498	35.8027
3.0581	36.0000
3.0665	41.0000
3.0748	42.8639
3.0831	46.0000
3.0915	49.0952
3.0998	52.0748
3.1081	58.8912
3.1165	60.0680
3.1248	64.9728
3.1331	69.0068
3.1415	71.9728
3.1498	75.9524
3.1581	76.0000
3.1665	81.0884
3.1748	82.0000
3.1831	86.5170
3.1915	86.4490
3.1998	82.8299
3.2081	83.3810
3.2165	84.1565
3.2248	79.7687
3.2331	76.0000
3.2415	72.0000
3.2498	69.0000
3.2581	62.9388
3.2665	58.6667
