0	135.8889
1	143.3267
2	152.3201
3	164.6358
4	177.5193
5	195.8104
6	217.7903
7	238.1226
8	245.9882
9	251.2870
10	248.1724
11	245.9919
12	244.1405
13	230.2961
14	201.7878
15	170.0088
16	144.7074
17	135.2556
18	131.2840
19	129.6667
20	128.1454
21	129.0699
22	128.4822
23	126.1506
24	126.4150
25	123.9747
26	124.7076
27	126.6468
28	129.3689
29	130.4516
30	129.0441
31	126.6164
32	124.8092
33	122.6203
34	122.0944
35	124.6833
36	125.5732
37	126.6122
38	127.5462
39	128.0920
40	130.6699
41	133.0608
42	138.3289
43	141.6350
44	143.0571
45	143.6667
46	145.7761
47	148.2642
48	149.8418
49	151.3844
50	154.9394
51	159.8124
52	163.5519
53	165.0851
54	167.6321
55	170.8786
56	172.6255
57	177.3731
58	180.2080
59	184.9039
60	192.2318
61	196.6581
62	202.6350
63	208.3547
64	217.0218
65	228.3468
66	236.3753
67	247.7214
68	252.3056
69	248.9978
70	251.6394
71	249.0083
72	250.7807
73	250.5266
74	252.4148
75	254.1847
76	253.8703
77	252.1700
78	252.2185
79	253.8114
80	254.7385
81	252.5717
82	253.4253
83	255.0000
84	246.3304
85	215.6964
86	174.5946
87	143.0662
88	128.3853
89	123.5298
90	123.3341
91	127.5982
92	138.1859
93	147.6549
94	154.9142
95	160.9838
96	164.9868
97	165.5396
98	164.4054
99	156.0824
100	143.3520
101	128.4609
102	114.5673
103	101.0005
104	90.0822
105	82.9338
106	76.6051
107	72.8241
108	71.4128
109	69.4361
110	67.5524
111	68.9500
112	68.9701
113	68.1945
114	68.5276
115	67.6966
116	66.6125
117	65.3657
118	65.6331
119	65.7542
120	65.9117
121	65.5632
122	64.8077
123	64.0905
124	62.7076
125	62.7663
126	63.5247
127	63.0935
128	63.0483
129	63.5239
130	62.7150
131	60.8595
132	60.9492
133	60.9083
134	59.7653
135	58.5769
136	57.4334
137	57.9431
138	58.1015
139	57.1023
140	57.2303
141	57.2914
142	56.2504
143	57.5381
144	58.2524
145	57.2934
146	57.3728
147	58.0390
148	59.8207
149	61.7427
150	63.4459
151	65.0741
152	67.5161
153	68.6306
154	68.8867
155	68.7807
156	69.4371
157	72.1705
158	73.1163
159	72.4834
160	73.9801
161	73.5060
162	70.5401
163	67.1464
164	63.5134
165	61.2730
166	59.3961
167	58.1521
168	58.0000
169	58.0000
170	57.0974
171	55.4319
172	56.2870
173	56.7677
174	57.2568
175	56.1818
176	56.6610
177	56.5210
178	53.7739
179	53.7133
180	54.6895
181	54.2887
182	53.8442
183	54.1773
184	53.0937
185	52.3537
186	52.1369
187	51.3140
188	51.5283
189	51.2965
190	50.3154
191	49.6493
192	49.5085
193	49.6667
194	49.1428
195	48.6667
196	48.8408
197	49.3478
198	48.9720
199	48.5067
200	47.9740
201	49.0625
202	49.2853
203	48.5173
204	48.4834
205	47.8281
206	48.1818
207	48.1523
208	48.5227
209	48.9914
210	48.4960
211	48.8447
212	49.3333
213	48.4834
214	48.6851
215	49.3277
216	48.8308
217	48.4977
218	48.6708
219	48.6630
220	48.5016
221	48.8347
222	48.8322
223	48.1641
224	48.0012
225	49.0015
226	48.6659
227	47.6667
228	48.6645
229	48.3382
230	48.1607
231	48.0088
232	47.4933
233	48.1683
234	47.8352
235	47.8312
236	47.1783
237	47.1538
238	47.5085
239	47.1636
240	48.1501
241	47.3689
242	46.6439
243	47.5040
244	47.8205
245	46.8742
246	47.1141
247	48.6767
248	48.6561
249	49.1611
250	49.3333
251	48.0481
252	46.8271
253	47.8008
254	48.0270
255	48.1317
256	48.6811
257	48.3333
258	48.0155
259	48.7775
260	49.3662
261	49.2995
262	49.0522
263	48.6309
264	49.9632
265	49.7233
266	48.1957
267	47.5099
268	47.4898
269	48.4479
270	48.3974
271	46.0873
272	44.9777
273	45.4886
274	46.7518
275	48.3095
276	46.6578
277	44.9505
278	46.2828
279	46.6924
280	46.6404
281	46.2335
282	46.0986
283	47.0000
284	46.2372
285	45.4857
286	44.9063
287	46.1256
288	47.6056
289	47.2414
290	48.6355
291	49.1508
292	49.0321
293	49.2681
294	50.4503
295	51.2997
296	52.8636
297	54.6321
298	55.7456
299	56.9644
300	59.5629
301	63.2237
302	65.9630
303	69.9227
304	74.1052
305	77.3652
306	81.3157
307	85.2544
308	86.8801
309	88.4393
310	88.8538
311	87.4991
312	85.4172
313	83.2122
314	81.0429
315	77.9124
316	72.4520
317	68.5553
318	65.5129
319	62.7042
320	59.4189
321	56.0419
322	53.4739
323	50.9034
324	49.7138
325	48.9566
326	45.8131
327	44.3826
328	43.0076
329	42.5158
330	43.3841
331	41.8717
332	40.3333
333	40.7550
334	41.0527
335	41.0868
336	41.8065
337	41.5813
338	40.7214
339	40.1943
340	40.0000
341	39.0299
342	39.1884
343	41.1952
344	40.1729
345	39.5504
346	41.1575
347	41.0993
348	40.2914
349	40.8469
350	39.6667
351	40.6196
352	40.6412
353	38.9379
354	40.1457
355	41.0630
356	40.3969
357	41.0773
358	44.1452
359	47.9433
360	53.6814
361	63.3454
362	75.1369
363	89.3922
364	108.5082
365	128.8970
366	147.8830
367	169.7775
368	194.1121
369	215.0346
370	232.5921
371	240.7979
372	241.5239
373	243.9021
374	244.7675
375	240.2495
376	225.4302
377	189.6870
378	145.9411
379	106.1894
380	74.6892
381	57.1369
382	48.8151
383	44.1788
384	42.3333
385	41.9500
386	41.7160
387	41.8241
388	40.6188
389	40.3804
390	41.3797
391	41.4947
392	40.7927
393	41.1258
394	41.7101
395	42.3333
396	42.0831
397	41.9164
398	41.7103
399	41.2884
400	41.7128
401	41.4099
402	41.9249
403	40.9134
404	41.2102
405	41.3687
406	41.3868
407	40.4557
408	41.1553
409	40.9029
410	39.9733
411	41.7881
412	41.6365
413	40.7582
414	40.4540
415	40.5462
416	40.2131
417	40.0000
418	39.8803
419	39.6667
420	39.4283
421	38.8810
422	38.3105
423	38.6144
424	39.9787
425	39.0974
426	38.4312
427	38.0000
428	39.1724
429	40.6313
430	38.6328
431	37.6829
432	38.6821
433	39.6814
434	40.2176
435	40.1155
436	40.7945
437	41.2065
438	40.6777
439	41.9061
440	42.6571
441	41.2016
442	40.2357
443	41.5605
444	42.2266
445	42.8928
446	44.1231
447	46.0044
448	45.4310
449	42.8879
450	42.7785
451	42.6652
452	42.6681
453	43.3333
0	90.7778
1	92.1099
2	93.3319
3	94.5526
4	95.2212
5	95.1123
6	96.9868
7	97.1180
8	99.0895
9	100.1133
10	100.4395
11	99.7886
12	102.6225
13	104.3333
14	105.8649
15	109.2892
16	107.8288
17	108.2958
18	113.0361
19	114.7824
20	115.9706
21	117.3179
22	119.4013
23	119.9002
24	119.6667
25	123.1241
26	124.7842
27	125.7447
28	128.7022
29	130.8604
30	133.4820
31	135.0959
32	135.3333
33	136.4040
34	137.8555
35	139.8288
36	141.9470
37	146.5033
38	151.2215
39	149.9021
40	150.8823
41	152.1212
42	154.9669
43	156.2433
44	157.2686
45	162.4349
46	164.3672
47	165.8962
48	171.2090
49	174.7177
50	174.9134
51	174.6667
52	178.6466
53	181.8369
54	185.4680
55	190.0468
56	196.4619
57	197.4592
58	195.5013
59	195.2077
60	195.1258
61	199.3525
62	208.2104
63	218.8234
64	228.1631
65	233.8087
66	234.0971
67	229.6291
68	219.5227
69	210.9713
70	213.3829
71	225.3449
72	240.2053
73	248.4518
74	251.2244
75	253.4268
76	250.6689
77	243.6566
78	229.2936
79	219.5659
80	220.6338
81	231.4393
82	248.0451
83	254.5963
84	254.7366
85	253.7918
86	251.3910
87	248.3245
88	232.5541
89	210.1749
90	196.8631
91	202.0625
92	222.4413
93	242.5033
94	252.7192
95	254.6022
96	252.3466
97	249.8094
98	230.9652
99	197.0912
100	169.0878
101	156.0510
102	160.0383
103	177.2720
104	202.3272
105	221.5254
106	230.9245
107	230.5310
108	214.2406
109	186.5440
110	157.2092
111	129.5386
112	112.6856
113	110.6117
114	118.7991
115	133.3674
116	150.0218
117	164.7410
118	168.9804
119	163.9463
120	150.5894
121	130.6772
122	112.2440
123	96.8830
124	86.6387
125	81.7510
126	82.4378
127	89.9232
128	99.2948
129	109.2892
130	117.8067
131	119.9063
132	117.0552
133	108.8869
134	96.9939
135	87.1280
136	78.1896
137	71.1707
138	68.6233
139	69.6502
140	71.2303
141	75.6071
142	81.1028
143	85.2458
144	87.9345
145	88.4800
146	86.8420
147	82.6880
148	78.4741
149	74.0292
150	69.0706
151	64.7778
152	63.0000
153	63.0000
154	62.2622
155	63.3245
156	66.1383
157	68.4356
158	70.6176
159	70.9338
160	70.6993
161	69.7209
162	66.4768
163	65.0312
164	62.9674
165	61.7270
166	60.6998
167	59.3333
168	58.7903
169	57.9718
170	59.1109
171	60.3333
172	61.4135
173	63.4121
174	64.1538
175	62.7449
176	62.3829
177	63.5364
178	62.3929
179	59.3951
180	58.5342
181	57.3996
182	56.5327
183	57.5320
184	56.7604
185	58.3194
186	59.7837
187	60.4108
188	61.4906
189	61.5092
190	61.4910
191	61.3333
192	61.8587
193	61.1091
194	60.5239
195	60.8256
196	60.3184
197	59.1305
198	59.2016
199	60.1734
200	59.6407
201	59.8646
202	61.3574
203	61.6551
204	61.3333
205	60.9895
206	62.0402
207	62.4761
208	63.2075
209	63.8119
210	60.9514
211	60.5342
212	61.1489
213	61.1832
214	62.0000
215	61.4915
216	60.6615
217	61.0093
218	61.1604
219	60.8352
220	62.0096
221	64.0081
222	65.1678
223	66.0034
224	66.1648
225	66.0007
226	65.9998
227	66.3328
228	66.3348
229	65.8327
230	65.8342
231	65.9978
232	66.6640
233	66.1746
234	65.8278
235	66.8271
236	66.1830
237	65.6564
238	66.8249
239	65.8609
240	66.2936
241	68.0071
242	66.6895
243	66.4798
244	67.4957
245	68.1531
246	67.5335
247	66.3333
248	68.1087
249	69.3554
250	68.5058
251	69.7793
252	71.4937
253	71.6667
254	72.3064
255	73.7984
256	74.8261
257	75.0000
258	74.8411
259	75.3014
260	76.1584
261	75.5423
262	75.9303
263	75.5985
264	73.3517
265	73.0000
266	72.3721
267	72.2936
268	72.0611
269	72.5624
270	73.0854
271	73.2242
272	76.8661
273	81.4842
274	87.2786
275	90.3571
276	93.2450
277	95.9200
278	96.3611
279	98.3333
280	98.1798
281	99.0731
282	102.1700
283	104.7918
284	105.6385
285	104.1722
286	101.2396
287	97.9041
288	93.1810
289	89.6380
290	87.0935
291	84.9441
292	82.3113
293	79.1631
294	77.6336
295	76.2016
296	73.2519
297	72.0346
298	71.6667
299	72.8577
300	73.5901
301	75.0410
302	79.7778
303	84.6623
304	88.8859
305	90.7371
306	91.6667
307	91.6667
308	92.2534
309	92.8536
310	92.5205
311	91.4577
312	91.0618
313	90.9818
314	88.9406
315	86.2605
316	82.5529
317	79.5109
318	77.5673
319	76.5681
320	75.7125
321	74.6159
322	72.0910
323	69.5710
324	69.9993
325	71.9034
326	72.5244
327	72.6174
328	72.5747
329	74.2644
330	77.3333
331	79.8720
332	83.8965
333	87.1965
334	91.9294
335	93.9468
336	97.2693
337	101.1938
338	102.5325
339	104.6667
340	104.6667
341	104.8053
342	104.1700
343	104.5190
344	106.6667
345	106.2539
346	105.2546
347	104.5296
348	104.8808
349	103.3441
350	99.8636
351	101.0280
352	103.4077
353	104.5426
354	106.6873
355	108.2612
356	109.5553
357	111.3907
358	109.3279
359	107.2600
360	104.1935
361	100.3959
362	97.8666
363	96.6012
364	94.6012
365	95.0616
366	95.4746
367	93.0056
368	91.4722
369	89.8764
370	88.9296
371	88.1523
372	85.2855
373	82.7515
374	82.1163
375	85.9382
376	88.4400
377	89.5033
378	98.1082
379	105.8438
380	115.4940
381	129.5901
382	144.2696
383	156.7717
384	166.5342
385	172.6890
386	172.2926
387	166.7086
388	157.0285
389	143.4023
390	132.3171
391	121.3824
392	116.0000
393	116.2517
394	115.7876
395	114.9600
396	116.0000
397	113.5031
398	108.0873
399	102.3937
400	91.9895
401	82.5610
402	77.0221
403	71.4459
404	66.1891
405	62.6836
406	60.8774
407	60.7891
408	60.7557
409	59.4800
410	59.4599
411	63.8212
412	68.4540
413	74.1440
414	81.8389
415	90.2431
416	103.7417
417	120.6497
418	140.8484
419	160.2365
420	180.7020
421	201.9245
422	218.2919
423	233.6946
424	241.3547
425	240.5843
426	239.5305
427	239.2786
428	228.1562
429	212.0331
430	195.1624
431	181.8867
432	174.7756
433	170.0000
434	171.0419
435	174.1553
436	175.5264
437	167.9031
438	149.3311
439	129.0128
440	108.2372
441	86.5865
442	68.5776
443	58.7214
444	52.6468
445	49.7621
446	46.9845
447	45.1126
448	45.8950
449	45.9912
450	44.1118
451	44.6681
452	45.5560
453	45.8889
0	57.3333
1	55.3355
2	53.0029
3	52.1118
4	50.8938
5	49.0074
6	46.5673
7	45.8872
8	45.5595
9	45.7734
10	45.5605
11	46.2114
12	47.1052
13	46.0191
14	45.1145
15	45.8742
16	45.0235
17	44.3333
18	43.6799
19	45.0738
20	45.7827
21	45.2325
22	45.4337
23	45.2335
24	45.4327
25	45.8828
26	46.4317
27	46.4511
28	46.3333
29	46.9787
30	46.9036
31	45.3790
32	45.3098
33	45.2384
34	47.3527
35	47.8121
36	47.9735
37	47.6939
38	47.5462
39	48.7299
40	48.4837
41	47.1513
42	47.5143
43	48.6350
44	51.3257
45	50.9772
46	48.9453
47	48.1226
48	48.6313
49	51.3122
50	52.8766
51	52.7903
52	53.2951
53	52.4113
54	50.4128
55	50.2929
56	50.6667
57	52.3326
58	52.5014
59	51.5845
60	51.7483
61	53.2436
62	54.4140
63	52.5990
64	52.5725
65	54.1585
66	58.7873
67	65.8607
68	61.8837
69	57.0508
70	55.6414
71	53.9760
72	52.3105
73	50.8494
74	50.5374
75	48.6284
76	47.9441
77	47.1133
78	46.3333
79	47.7533
80	47.4511
81	46.0596
82	47.0814
83	47.1925
84	46.8683
85	47.2014
86	48.1378
87	48.2649
88	48.2006
89	48.3333
90	48.7336
91	49.0000
92	48.4010
93	49.7947
94	51.5975
95	50.6076
96	49.8653
97	50.5953
98	49.8109
99	50.7815
100	51.2092
101	51.6539
102	52.1361
103	52.0000
104	52.3934
105	53.6490
106	54.9220
107	54.9414
108	55.0581
109	53.5740
110	54.4810
111	55.6100
112	57.0861
113	58.7223
114	59.3885
115	60.6367
116	61.3333
117	61.3333
118	60.5602
119	59.2279
120	56.9316
121	55.8592
122	56.0000
123	55.4238
124	53.8492
125	51.6591
126	49.5188
127	47.7113
128	46.6183
129	45.3804
130	44.6667
131	43.9063
132	43.7130
133	44.1896
134	44.7120
135	45.7564
136	44.8224
137	43.6667
138	44.6085
139	45.3333
140	44.3939
141	44.6049
142	44.5838
143	44.3743
144	43.1714
145	44.2399
146	44.6951
147	44.0390
148	44.3333
149	44.7047
150	45.7417
151	45.5926
152	44.0753
153	44.4415
154	45.7022
155	45.2632
156	44.4827
157	45.9868
158	46.0491
159	45.5497
160	46.3660
161	46.4839
162	47.0633
163	47.4844
164	47.6973
165	47.8182
166	48.2112
167	48.3041
168	48.1810
169	48.1526
170	47.4584
171	47.9014
172	49.7469
173	49.9475
174	49.1538
175	49.0000
176	50.0743
177	51.0000
178	50.4643
179	50.0000
180	49.8219
181	51.0893
182	52.1558
183	54.3054
184	62.5315
185	61.2799
186	55.3333
187	55.8624
188	58.9750
189	63.7954
190	68.6343
191	72.0522
192	74.0508
193	75.3498
194	75.3174
195	75.5232
196	75.6517
197	75.5072
198	76.3613
199	78.7341
200	81.8918
201	84.0250
202	84.8393
203	86.0346
204	86.4834
205	84.6245
206	79.5560
207	76.1714
208	75.3061
209	73.4785
210	73.8617
211	73.8067
212	72.1560
213	71.1567
214	68.1207
215	64.8192
216	63.4923
217	61.3100
218	58.1479
219	56.4982
220	54.8190
221	52.3252
222	52.0044
223	51.8290
224	50.6654
225	50.1663
226	48.6657
227	47.3333
228	46.0029
229	45.1648
230	44.5060
231	44.6578
232	45.8347
233	45.0064
234	43.8389
235	43.0042
236	42.9953
237	43.4974
238	43.6667
239	43.1759
240	42.0132
241	41.9858
242	42.8295
243	43.0000
244	43.9742
245	43.8651
246	43.1523
247	44.3132
248	42.9019
249	41.9558
250	42.6897
251	43.7672
252	45.1854
253	43.8658
254	43.7996
255	44.3473
256	44.3189
257	44.8259
258	45.0000
259	44.3652
260	44.1420
261	43.8756
262	43.6318
263	44.1756
264	44.6299
265	45.3333
266	45.8043
267	45.5497
268	44.1972
269	44.1354
270	45.4467
271	46.3333
272	46.9554
273	48.4430
274	49.0233
275	49.7501
276	50.6909
277	50.0248
278	48.7425
279	49.5121
280	51.3596
281	51.0000
282	50.2347
283	49.7918
284	50.3333
285	50.6380
286	49.9355
287	49.4258
288	49.1207
289	48.7260
290	49.3956
291	48.9684
292	49.3333
293	48.8823
294	47.4327
295	47.0827
296	48.0000
297	47.4025
298	46.9649
299	47.4822
300	47.8153
301	47.7032
302	46.8889
303	46.3333
304	46.1857
305	47.4741
306	48.8918
307	48.1864
308	49.7601
309	51.7071
310	52.3566
311	53.9585
312	55.3532
313	57.6848
314	61.1781
315	68.4937
316	78.6748
317	89.6787
318	100.5607
319	109.4101
320	117.9267
321	123.0971
322	121.8045
323	118.6183
324	115.5254
325	111.3841
326	109.3821
327	108.7160
328	106.6321
329	104.7579
330	104.6269
331	102.9615
332	103.1263
333	104.1045
334	106.1393
335	111.2605
336	114.9573
337	120.5975
338	124.1094
339	121.6645
340	118.3615
341	116.0299
342	112.5916
343	107.3191
344	103.7243
345	101.5445
346	96.9397
347	91.1207
348	84.8102
349	79.3441
350	74.2271
351	69.2163
352	63.3566
353	59.0505
354	56.3127
355	54.1982
356	51.9765
357	48.1921
358	46.8656
359	46.6667
360	45.1935
361	42.8663
362	41.9995
363	41.3996
364	41.8671
365	41.0032
366	40.6623
367	40.8734
368	40.3265
369	41.0699
370	40.2723
371	39.9291
372	39.6784
373	39.1896
374	40.1305
375	39.9426
376	39.8533
377	40.4072
378	39.4820
379	38.2789
380	38.4408
381	40.0530
382	39.8955
383	38.0253
384	37.2561
385	37.5389
386	37.8435
387	38.4121
388	38.8894
389	39.6993
390	38.1604
391	37.9649
392	38.7479
393	38.4592
394	39.1690
395	39.2480
396	38.1251
397	38.2085
398	38.0000
399	38.4974
400	39.3333
401	38.7140
402	38.4084
403	39.0498
404	38.1231
405	38.4562
406	37.5629
407	36.6458
408	38.3333
409	38.5771
410	38.3917
411	37.5762
412	38.2423
413	39.0294
414	39.4253
415	38.8796
416	38.7869
417	38.7601
418	38.2136
419	39.0751
420	39.8079
421	38.2615
422	38.9772
423	38.2149
424	38.2365
425	38.7846
426	38.8823
427	39.3716
428	40.4322
429	39.5320
430	38.6667
431	39.5987
432	41.2171
433	40.7680
434	40.9122
435	41.6534
436	41.3458
437	42.1150
438	43.0221
439	43.8752
440	44.2573
441	46.5526
442	46.4471
443	47.2345
444	48.4467
445	48.4405
446	48.1128
447	48.6711
448	49.8950
449	52.3451
450	55.7829
451	58.7842
452	64.5619
453	74.1111
0	56.8889
1	55.6674
2	55.1116
3	52.5636
4	50.0059
5	48.4493
6	47.5585
7	47.9949
8	45.6902
9	43.8933
10	44.3260
11	43.5690
12	44.5350
13	44.0191
14	43.1145
15	43.0000
16	42.7817
17	43.5389
18	44.4356
19	43.3613
20	43.7533
21	43.2480
22	44.4013
23	44.4670
24	43.1347
25	43.5310
26	43.7842
27	43.4511
28	42.6873
29	43.6240
30	44.9779
31	44.6895
32	43.2615
33	43.9514
34	44.6667
35	44.4530
36	44.7601
37	45.0000
38	45.0000
39	45.6380
40	45.5752
41	45.7577
42	47.4834
43	47.0633
44	46.7562
45	46.1553
46	45.0338
47	44.2453
48	45.0522
49	45.2463
50	44.1602
51	43.6667
52	43.8761
53	43.7908
54	43.8756
55	44.4175
56	44.0412
57	44.9161
58	44.2107
59	45.2031
60	45.5033
61	46.0363
62	47.0807
63	47.7469
64	48.8261
65	48.3019
66	47.4606
67	48.9796
68	50.4111
69	50.8720
70	51.0000
71	51.0000
72	52.4319
73	53.3333
74	51.9048
75	49.1656
76	47.7964
77	48.4800
78	47.9845
79	44.8992
80	44.5489
81	45.5357
82	44.8582
83	44.9389
84	44.9301
85	44.0625
86	44.6723
87	44.5298
88	43.7994
89	43.8671
90	44.2001
91	44.1334
92	44.3993
93	44.0684
94	44.4633
95	45.5968
96	46.0000
97	44.8094
98	44.0000
99	44.0000
100	45.3839
101	46.7282
102	48.3804
103	49.5303
104	49.8634
105	50.7859
106	51.3333
107	51.9213
108	52.5291
109	53.6441
110	55.1143
111	56.2517
112	55.6929
113	55.3890
114	54.6954
115	55.9402
116	58.1084
117	57.8926
118	57.7199
119	58.3861
120	57.8955
121	56.9482
122	56.4744
123	55.7572
124	54.9497
125	52.7510
126	51.3333
127	50.7601
128	49.1884
129	47.3804
130	46.6667
131	46.0964
132	44.3377
133	44.4709
134	44.9546
135	44.0993
136	44.2333
137	44.2894
138	44.1884
139	43.7689
140	42.2060
141	42.6468
142	42.9171
143	41.9590
144	41.8536
145	42.5600
146	43.3728
147	44.7837
148	44.5511
149	43.4810
150	43.8896
151	43.7778
152	43.3333
153	43.7027
154	44.5533
155	42.6053
156	42.5063
157	43.8163
158	43.8501
159	42.9007
160	43.0979
161	43.0863
162	44.5232
163	44.6932
164	44.2433
165	44.6365
166	44.8778
167	44.9708
168	45.3907
169	46.5423
170	47.1805
171	47.5136
172	48.3868
173	48.6404
174	49.5901
175	52.2804
176	53.3086
177	52.2848
178	51.8452
179	51.8217
180	51.6667
181	50.5997
182	53.0407
183	54.7586
184	53.4896
185	53.1565
186	53.0000
187	55.6453
188	56.5911
189	56.3885
190	58.3871
191	63.0162
192	65.8079
193	68.8310
194	72.5239
195	73.5232
196	73.4776
197	72.1305
198	70.9860
199	72.0540
200	72.6407
201	73.5563
202	76.0361
203	77.0000
204	76.6556
205	76.3333
206	76.3333
207	73.9330
208	70.6394
209	68.4700
210	66.6505
211	65.8295
212	64.8156
213	63.6600
214	62.1452
215	60.4915
216	58.9845
217	57.8310
218	57.3292
219	55.3149
220	52.8254
221	52.6721
222	52.4945
223	50.4940
224	48.8315
225	48.1663
226	47.3328
227	46.3336
228	45.5011
229	43.3395
230	42.8273
231	43.6689
232	42.6721
233	41.0096
234	40.8241
235	41.1729
236	40.9953
237	40.6770
238	40.3277
239	40.1759
240	40.9735
241	41.6809
242	41.6515
243	41.8455
244	41.3333
245	40.8469
246	41.3046
247	42.0101
248	42.3122
249	43.4834
250	42.3910
251	41.3093
252	41.5188
253	41.0000
254	40.8401
255	41.6247
256	42.3478
257	42.0000
258	44.0662
259	45.3812
260	45.4425
261	46.8249
262	46.2102
263	44.2293
264	43.9448
265	44.0567
266	42.8430
267	42.3532
268	41.2176
269	41.1145
270	41.6880
271	41.9563
272	42.0446
273	41.1781
274	41.6201
275	43.1072
276	42.6093
277	41.6171
278	41.8712
279	42.4099
280	42.4383
281	41.0000
282	42.2244
283	42.4442
284	42.0679
285	43.0287
286	42.5146
287	42.4852
288	43.2730
289	44.4540
290	44.2445
291	44.0876
292	44.5482
293	43.6993
294	43.4834
295	43.9664
296	44.1837
297	44.0000
298	44.5965
299	45.0356
300	46.0044
301	47.6667
302	47.0741
303	47.3687
304	48.2237
305	48.2563
306	48.4113
307	47.8136
308	48.4400
309	49.5857
310	49.0177
311	47.7712
312	48.6247
313	49.1455
314	50.4950
315	52.8698
316	55.0130
317	59.6561
318	66.1634
319	72.7434
320	80.5413
321	87.3466
322	92.6225
323	94.9053
324	96.5232
325	97.0966
326	96.6179
327	96.5740
328	95.4329
329	94.5251
330	94.6159
331	94.4359
332	93.3851
333	93.9838
334	94.4915
335	93.1933
336	93.8389
337	95.5583
338	99.3983
339	104.2230
340	103.0564
341	100.6105
342	100.5850
343	98.6191
344	95.4260
345	91.6026
346	88.8040
347	87.0805
348	83.7859
349	82.0437
350	78.7574
351	73.2774
352	68.5180
353	65.7057
354	61.5732
355	58.0540
356	54.9129
357	51.1214
358	48.9301
359	49.8092
360	53.6071
361	51.9897
362	45.3328
363	43.6674
364	42.2678
365	41.5340
366	41.5982
367	41.3390
368	40.9931
369	41.0780
370	40.1925
371	41.1312
372	40.8094
373	40.1307
374	40.2028
375	40.1302
376	39.9433
377	39.9821
378	40.2230
379	39.3878
380	39.7420
381	40.1060
382	40.3051
383	38.9232
384	39.9735
385	40.6166
386	39.1072
387	37.9213
388	38.4604
389	41.5833
390	46.8396
391	44.8877
392	40.2073
393	39.4967
394	39.0434
395	39.7920
396	39.7498
397	39.5830
398	40.0000
399	40.7461
400	41.3794
401	40.9527
402	42.1236
403	42.5801
404	43.2463
405	43.9124
406	44.3333
407	44.8229
408	45.5445
409	45.5771
410	46.0000
411	46.9713
412	48.1820
413	48.3007
414	50.3620
415	49.3140
416	46.6939
417	46.8536
418	45.2818
419	43.7611
420	43.8102
421	43.9529
422	42.7854
423	43.0000
424	42.8818
425	42.1948
426	42.0397
427	43.2158
428	43.4690
429	43.3974
430	41.7834
431	42.1165
432	42.4496
433	42.5507
434	42.5649
435	42.7689
436	42.3333
437	42.1033
438	42.0110
439	42.6667
440	42.5524
441	42.9036
442	43.8862
443	43.8938
444	44.7866
445	45.7797
446	46.7898
447	48.1082
448	47.5543
449	47.8938
450	49.0000
451	49.0000
452	50.2249
453	53.4444
0	59.7778
1	57.0029
2	55.4449
3	53.7829
4	50.5663
5	48.8913
6	47.7837
7	46.8923
8	46.0059
9	44.3466
10	43.4469
11	42.6748
12	42.7719
13	42.3429
14	45.0630
15	44.2627
16	43.4366
17	44.7569
18	44.4621
19	44.4351
20	44.4493
21	44.1163
22	44.4337
23	45.3164
24	45.6667
25	45.8828
26	46.2158
27	46.9801
28	46.0412
29	46.4089
30	46.3554
31	46.6439
32	50.8587
33	48.7174
34	45.9056
35	45.0258
36	45.5202
37	45.3606
38	45.8516
39	45.0574
40	43.9085
41	44.9397
42	43.9713
43	43.2117
44	44.6019
45	44.2774
46	43.4557
47	43.5440
48	44.2980
49	45.5075
50	45.3701
51	46.0486
52	46.8761
53	47.0000
54	47.0000
55	46.5825
56	45.7079
57	45.5416
58	45.6667
59	45.2512
60	45.0000
61	46.2436
62	45.5509
63	44.4599
64	44.1268
65	44.8251
66	45.1273
67	45.2058
68	45.1278
69	44.1788
70	42.6414
71	43.4337
72	44.7425
73	44.1827
74	43.4626
75	43.3333
76	42.5190
77	42.6100
78	44.4216
79	43.7106
80	43.4771
81	41.5717
82	41.8190
83	42.1925
84	43.8845
85	43.9237
86	42.1955
87	42.2693
88	42.6667
89	43.2678
90	42.8661
91	41.5337
92	41.9983
93	42.8661
94	42.6017
95	41.9355
96	42.0640
97	42.7302
98	42.8018
99	42.4687
100	41.9379
101	42.2590
102	43.2583
103	43.6667
104	42.4864
105	44.0243
106	44.8818
107	42.5695
108	42.3120
109	43.3910
110	44.2524
111	42.1317
112	41.1123
113	42.8337
114	42.8896
115	42.1393
116	42.0000
117	42.1935
118	42.3333
119	41.7542
120	42.6829
121	42.1263
122	41.3846
123	41.4746
124	41.5251
125	41.6667
126	40.9014
127	39.7601
128	40.0966
129	40.0949
130	40.0473
131	40.3333
132	39.9536
133	39.6667
134	40.6134
135	40.0096
136	39.1889
137	40.0878
138	40.8550
139	41.1881
140	40.3939
141	39.4790
142	40.2703
143	40.2514
144	40.7881
145	41.2934
146	40.8136
147	40.8528
148	40.4422
149	40.7427
150	42.0751
151	42.2963
152	39.9657
153	40.1803
154	41.2978
155	39.5264
156	39.8050
157	41.1837
158	40.9664
159	40.4834
160	39.6014
161	40.2791
162	40.9684
163	40.6667
164	41.5766
165	41.2428
166	40.6963
167	40.4562
168	40.0000
169	41.0846
170	41.4584
171	40.8197
172	40.6667
173	40.6667
174	40.1280
175	40.0253
176	40.3333
177	40.1545
178	40.1786
179	41.4032
180	41.6210
181	40.1109
182	39.3333
183	39.1560
184	39.5313
185	40.8842
186	41.1369
187	41.5484
188	42.6856
189	42.8241
190	44.5985
191	46.6841
192	47.5254
193	47.6502
194	47.3333
195	47.8565
196	46.4177
197	45.8840
198	47.3473
199	47.8401
200	47.6537
201	47.3333
202	46.6426
203	47.3794
204	47.2892
205	45.8281
206	45.1516
207	44.1523
208	43.3243
209	43.1710
210	42.6505
211	42.3409
212	42.3262
213	41.1501
214	41.0123
215	41.8362
216	41.3230
217	41.0047
218	40.8271
219	40.6703
220	40.3270
221	39.4986
222	39.8366
223	40.1658
224	41.3382
225	42.1656
226	41.6667
227	41.8332
228	41.6674
229	41.0012
230	40.1692
231	39.3355
232	39.0000
233	39.8254
234	40.3370
235	40.9875
236	40.6853
237	39.1692
238	39.3277
239	39.0123
240	38.8234
241	40.3120
242	40.6819
243	40.3252
244	39.5300
245	38.0091
246	38.4761
247	39.6566
248	39.8386
249	39.1832
250	38.9885
251	39.3333
252	39.8146
253	40.6537
254	40.5202
255	40.1597
256	39.6956
257	39.6367
258	40.1744
259	39.8413
260	39.5082
261	39.3333
262	38.7015
263	38.1577
264	38.6483
265	39.1572
266	39.0194
267	38.8234
268	39.1565
269	40.1145
270	40.0640
271	40.2460
272	40.8891
273	40.3105
274	39.8916
275	39.7739
276	40.5121
277	40.6419
278	41.3081
279	42.1280
280	42.8202
281	41.4670
282	40.7380
283	41.8472
284	40.5987
285	40.2472
286	41.6375
287	42.4555
288	42.3937
289	41.6667
290	41.2134
291	41.2701
292	42.3012
293	42.5163
294	40.6821
295	39.8656
296	41.0341
297	40.8160
298	40.8509
299	41.2622
300	41.2568
301	41.3721
302	41.7778
303	40.9625
304	41.4810
305	41.3718
306	41.2943
307	41.5197
308	41.6267
309	42.8786
310	43.1229
311	42.7297
312	43.3753
313	43.1455
314	44.6402
315	47.9279
316	50.8683
317	54.1670
318	57.7211
319	59.9625
320	63.5352
321	65.1391
322	64.2865
323	64.0947
324	63.7616
325	63.6208
326	61.3863
327	60.2347
328	60.1494
329	59.0000
330	57.7285
331	56.7052
332	56.8219
333	56.0883
334	55.8249
335	54.1064
336	53.8926
337	53.6897
338	52.1940
339	52.5563
340	52.6392
341	52.0824
342	51.5600
343	50.0000
344	49.3108
345	49.1589
346	48.9598
347	46.7258
348	46.3333
349	46.3333
350	45.9242
351	44.7888
352	44.1359
353	43.6551
354	42.8021
355	43.2703
356	43.2620
357	43.0706
358	43.6667
359	42.7275
360	41.3333
361	40.5313
362	40.4008
363	41.3341
364	40.4663
365	40.5340
366	40.4658
367	41.1955
368	41.3402
369	40.8602
370	40.2205
371	38.1312
372	39.2502
373	40.4052
374	39.6085
375	39.2605
376	39.5367
377	39.7226
378	39.8153
379	40.1634
380	41.6129
381	41.0000
382	40.6144
383	39.8717
384	39.9227
385	39.9500
386	39.5884
387	40.3819
388	40.4918
389	39.9203
390	40.7130
391	41.5860
392	42.1261
393	42.3333
394	41.8310
395	41.2507
396	41.5416
397	41.7079
398	43.2055
399	44.0449
400	43.6206
401	44.7905
402	44.6291
403	44.7402
404	46.1231
405	46.5791
406	47.1226
407	47.5781
408	48.1222
409	48.0895
410	48.1533
411	48.7572
412	48.3333
413	48.3333
414	48.3333
415	47.9720
416	47.8141
417	47.4673
418	45.5727
419	45.4027
420	44.9294
421	45.1673
422	44.0228
423	44.4297
424	44.2365
425	43.9588
426	43.1376
427	43.8825
428	44.3701
429	45.1987
430	43.6328
431	42.7994
432	44.0155
433	43.8545
434	42.4491
435	43.1288
436	44.0000
437	43.8850
438	44.0110
439	45.0103
440	45.6667
441	45.5526
442	46.1300
443	47.7802
444	47.8867
445	47.4405
446	47.2257
447	48.1170
448	49.3370
449	50.0000
450	50.1118
451	50.8913
452	52.1114
453	53.3333
0	119.1111
1	118.7758
2	121.8840
3	121.4496
4	118.2330
5	108.6022
6	99.2561
7	95.3436
8	93.7856
9	91.1332
10	87.1430
11	83.2519
12	80.4650
13	79.6667
14	77.9164
15	77.0000
16	76.3451
17	76.6542
18	76.5644
19	78.0738
20	80.0866
21	78.9301
22	81.4692
23	80.7344
24	84.5254
25	85.1724
26	85.0792
27	85.4511
28	84.9026
29	85.9573
30	87.5261
31	89.0731
32	89.8810
33	92.5695
34	92.7167
35	93.7091
36	94.8801
37	95.8526
38	97.8236
39	98.6667
40	99.7287
41	98.2117
42	97.6358
43	97.1533
44	96.0324
45	96.5114
46	95.1015
47	94.4214
48	92.3517
49	90.3694
50	86.6407
51	85.2958
52	83.5720
53	81.0780
54	78.4525
55	76.7071
56	74.2485
57	73.4165
58	72.4187
59	72.4977
60	71.1325
61	68.7564
62	68.8281
63	68.2995
64	67.4601
65	69.1898
66	67.2428
67	65.9507
68	65.1001
69	66.7969
70	67.5131
71	67.6144
72	69.4319
73	70.5377
74	70.0545
75	68.4437
76	69.0917
77	69.1867
78	69.8852
79	70.6667
80	70.4641
81	70.9404
82	73.9608
83	74.4555
84	74.8764
85	79.4928
86	80.1898
87	82.4150
88	85.6699
89	89.1388
90	92.8013
91	93.2004
92	93.8646
93	92.6726
94	93.7233
95	94.9355
96	98.0442
97	107.8737
98	119.3419
99	131.7822
100	147.2180
101	162.6878
102	173.2024
103	175.1516
104	171.3826
105	166.1898
106	161.6453
107	154.7086
108	147.6725
109	145.3333
110	145.1381
111	150.6549
112	158.3669
113	170.7253
114	185.4371
115	198.3726
116	202.8916
117	198.8499
118	193.0476
119	187.9642
120	176.9389
121	164.9421
122	156.7694
123	146.3687
124	135.8212
125	126.6363
126	115.9706
127	106.2232
128	96.1786
129	89.0464
130	83.9073
131	80.1928
132	78.3841
133	76.5291
134	72.8263
135	69.5320
136	68.2889
137	66.8683
138	64.6814
139	62.5379
140	60.5394
141	58.9161
142	57.9585
143	57.2924
144	55.6917
145	55.6000
146	56.3333
147	55.2163
148	54.7052
149	55.3714
150	55.6667
151	54.0000
152	53.0365
153	52.4099
154	53.3267
155	55.5877
156	58.1729
157	57.6458
158	56.0000
159	55.4503
160	53.9021
161	52.6345
162	51.7859
163	52.0623
164	52.4847
165	52.1516
166	52.7260
167	52.9708
168	51.9426
169	50.2487
170	50.2360
171	51.0000
172	50.6399
173	51.4121
174	52.6924
175	53.5379
176	54.0000
177	53.8212
178	52.7739
179	51.8217
180	52.2009
181	54.0893
182	55.6885
183	56.1773
184	55.9792
185	56.9046
186	64.0044
187	61.5737
188	53.4339
189	53.2127
190	53.2975
191	52.8420
192	51.9492
193	51.5247
194	51.6507
195	51.5077
196	51.3184
197	52.0434
198	53.5210
199	52.6127
200	52.1992
201	53.3458
202	54.1847
203	54.4942
204	52.4393
205	50.6667
206	52.3836
207	54.0000
208	53.8288
209	53.4957
210	52.9919
211	53.1781
212	52.8156
213	53.0199
214	54.1697
215	54.1638
216	55.6924
217	57.3333
218	55.9833
219	56.0147
220	59.1842
221	60.1599
222	59.8366
223	59.4957
224	59.6703
225	60.3326
226	59.8332
227	59.0005
228	58.1670
229	57.8339
230	58.3299
231	57.3444
232	55.8320
233	55.1746
234	55.1575
235	55.8354
236	55.9953
237	55.5129
238	54.8305
239	55.1636
240	54.1898
241	54.1418
242	54.6819
243	54.8131
244	55.1795
245	55.3152
246	55.5143
247	55.9698
248	56.0316
249	55.0000
250	55.4827
251	56.1607
252	55.3709
253	54.3333
254	54.8131
255	54.6946
256	54.3189
257	55.1442
258	55.9845
259	56.0159
260	55.6667
261	55.1921
262	55.2985
263	55.0537
264	54.3149
265	54.8239
266	55.6279
267	55.0795
268	54.1361
269	54.9792
270	54.3974
271	53.9563
272	55.5997
273	55.2693
274	54.1317
275	54.2024
276	53.8212
277	54.3086
278	53.5884
279	53.5636
280	55.3071
281	55.2068
282	54.0545
283	54.4030
284	56.2769
285	55.7815
286	54.3333
287	54.4852
288	54.3635
289	53.3947
290	53.5732
291	53.6107
292	51.7309
293	51.3007
294	50.3157
295	49.2661
296	49.5511
297	48.5519
298	48.7456
299	49.0711
300	47.5901
301	45.9247
302	45.4444
303	45.4084
304	44.6667
305	44.3718
306	44.5887
307	44.3049
308	42.5600
309	42.0000
310	42.2924
311	41.7910
312	42.1236
313	43.1273
314	41.5644
315	40.5651
316	39.7106
317	40.0557
318	41.7211
319	41.8028
320	40.6667
321	40.3797
322	40.5730
323	40.6183
324	40.2377
325	40.7150
326	40.7601
327	40.7653
328	40.8506
329	41.2924
330	40.3333
331	40.6154
332	42.5487
333	43.9639
334	43.8418
335	44.7199
336	45.0324
337	46.5583
338	47.4727
339	48.0839
340	50.3326
341	52.8052
342	53.9684
343	55.7476
344	57.0226
345	58.1376
346	57.5092
347	56.3333
348	55.7859
349	54.5901
350	53.5909
351	51.7748
352	50.9512
353	52.1977
354	51.3230
355	49.7927
356	49.4047
357	49.7307
358	48.7957
359	48.4025
360	48.0625
361	47.2014
362	48.4003
363	48.7336
364	47.9345
365	47.0679
366	47.0640
367	46.8734
368	45.7986
369	45.6049
370	44.3427
371	43.3333
372	43.4643
373	43.4052
374	42.6085
375	41.8698
376	41.6667
377	41.6667
378	41.5372
379	41.2041
380	41.1290
381	41.4621
382	41.0240
383	40.1283
384	39.4371
385	38.5112
386	40.2261
387	41.5394
388	40.4440
389	38.8732
390	39.4260
391	39.7824
392	38.4594
393	39.0442
394	40.2946
395	40.7066
396	39.4165
397	40.1236
398	41.8754
399	41.5423
400	40.9610
401	40.9527
402	41.3819
403	40.5801
404	40.7537
405	40.4562
406	41.0346
407	40.6875
408	40.2215
409	42.2114
410	41.5134
411	40.9095
412	41.9392
413	42.2745
414	41.6034
415	42.1849
416	40.8526
417	40.3598
418	41.4788
419	42.6917
420	42.9757
421	43.1661
422	44.5480
423	43.8595
424	43.3547
425	43.7640
426	42.3915
427	40.6667
428	41.0184
429	41.9007
430	43.1506
431	44.4337
432	43.7675
433	43.1013
434	43.2455
435	44.2178
436	45.1528
437	46.5281
438	45.0000
439	45.0000
440	46.2573
441	48.6667
442	48.8943
443	49.9012
444	51.1133
445	51.4464
446	52.4565
447	53.4371
448	53.5690
449	56.2242
450	57.6733
451	60.4479
452	64.0044
453	71.2222
0	80.2222
1	75.6703
2	71.5610
3	68.7829
4	69.1062
5	68.1197
6	68.2163
7	67.5641
8	68.7621
9	68.5666
10	68.6593
11	70.5367
12	70.2369
13	68.7905
14	68.9897
15	69.1148
16	68.5634
17	68.5514
18	68.2310
19	67.7824
20	68.1013
21	68.3333
22	69.6343
23	69.4670
24	70.0817
25	70.4506
26	69.6858
27	66.9617
28	67.3895
29	70.6995
30	72.0000
31	69.2100
32	67.0235
33	66.4525
34	64.8362
35	64.6409
36	65.4268
37	67.1587
38	68.6387
39	68.3620
40	68.0000
41	68.6365
42	68.5762
43	68.7567
44	70.4800
45	70.4886
46	71.8985
47	74.4749
48	71.9661
49	71.0510
50	71.8766
51	71.1611
52	71.9235
53	73.0851
54	76.0500
55	77.8754
56	75.7066
57	74.5416
58	73.4187
59	70.5892
60	68.7108
61	67.9188
62	67.0456
63	68.3208
64	69.7464
65	69.5874
66	68.9213
67	67.0204
68	64.3557
69	62.3068
70	59.2060
71	57.4619
72	57.5379
73	57.8710
74	57.1837
75	56.8705
76	55.9821
77	55.9433
78	55.9272
79	55.0581
80	53.8563
81	55.7616
82	55.5143
83	54.1315
84	55.2097
85	57.0069
86	58.4712
87	59.6026
88	60.2006
89	60.5337
90	60.2664
91	60.1999
92	59.3350
93	59.0655
94	58.9350
95	59.0645
96	60.3267
97	63.3812
98	65.9909
99	70.6255
100	73.9264
101	73.1486
102	72.5305
103	71.8788
104	69.5629
105	67.3510
106	65.2931
107	63.1575
108	63.3120
109	63.0226
110	64.6762
111	67.1133
112	68.8352
113	71.6117
114	72.4172
115	71.2239
116	71.8293
117	70.7314
118	66.8207
119	63.2627
120	61.2288
121	59.3189
122	56.4104
123	53.8477
124	51.6573
125	51.2414
126	51.6667
127	50.9024
128	50.3333
129	50.5239
130	51.2377
131	51.4766
132	50.7638
133	50.1437
134	50.7574
135	50.3878
136	50.2333
137	51.0439
138	51.1450
139	50.8119
140	50.6667
141	49.9161
142	50.2703
143	52.4972
144	52.7322
145	52.5600
146	53.1864
147	52.5887
148	52.5578
149	53.0000
150	51.8874
151	50.8148
152	51.4064
153	52.3694
154	52.4822
155	52.1491
156	52.3679
157	53.4015
158	52.8992
159	52.1832
160	54.1631
161	56.9458
162	58.5475
163	58.6355
164	57.9693
165	58.3937
166	58.6370
167	58.8771
168	58.2472
169	55.7064
170	54.6944
171	54.2789
172	52.5865
173	51.3071
174	50.8205
175	49.5909
176	47.7714
177	47.1788
178	46.9762
179	46.3100
180	46.8904
181	46.4219
182	45.3333
183	46.2200
184	48.2396
185	48.2723
186	47.6865
187	49.2345
188	51.2139
189	53.5828
190	55.7025
191	56.6841
192	56.1244
193	54.1091
194	53.6986
195	54.6821
196	53.9551
197	52.6522
198	52.5070
199	52.3198
200	50.9610
201	50.3458
202	50.1486
203	48.8045
204	46.9669
205	45.4842
206	45.3434
207	44.6380
208	43.3243
209	43.1710
210	43.8455
211	43.8219
212	42.8227
213	42.3333
214	41.9939
215	41.8362
216	41.4923
217	42.0140
218	42.4937
219	41.4945
220	41.5048
221	42.0000
222	42.5033
223	41.9949
224	41.1673
225	41.3333
226	42.0005
227	41.8339
228	40.8337
229	41.6630
230	41.6718
231	41.6600
232	42.8320
233	42.3397
234	42.1611
235	42.3375
236	42.0000
237	42.8205
238	43.3390
239	43.0000
240	43.0000
241	42.8369
242	44.1325
243	44.5283
244	43.3333
245	44.7925
246	46.6571
247	46.5151
248	47.1298
249	47.3664
250	46.1724
251	47.1246
252	47.2104
253	45.6797
254	46.9325
255	47.2296
256	46.4638
257	46.6966
258	46.9536
259	47.2065
260	46.4918
261	47.1413
262	47.3507
263	47.9463
264	49.4724
265	49.8428
266	50.9225
267	53.2737
268	54.0204
269	54.2916
270	55.6240
271	57.4236
272	59.2887
273	60.9316
274	62.0000
275	62.3095
276	62.9757
277	63.9505
278	63.7425
279	62.5129
280	62.7940
281	62.4135
282	60.4150
283	58.8749
284	58.0282
285	57.2097
286	55.1459
287	52.8778
288	51.4238
289	50.1820
290	48.6402
291	47.1508
292	46.5803
293	45.3660
294	44.8499
295	44.3669
296	43.4015
297	42.5173
298	43.0790
299	43.8511
300	43.5180
301	42.7398
302	42.4444
303	42.2605
304	41.3333
305	41.4807
306	42.1082
307	43.1074
308	43.9600
309	44.4798
310	45.3976
311	46.3333
312	47.3532
313	50.1212
314	54.3233
315	60.2325
316	66.8943
317	72.1114
318	75.8749
319	78.3333
320	78.0459
321	77.6667
322	75.5180
323	72.6667
324	71.3819
325	69.5242
326	68.7643
327	66.5798
328	63.5325
329	61.0093
330	58.6777
331	56.7692
332	54.5921
333	51.9639
334	51.2806
335	52.3669
336	51.7954
337	49.6667
338	48.6914
339	47.7506
340	48.7498
341	47.5318
342	44.1700
343	43.2762
344	42.8396
345	41.9419
346	42.1960
347	41.3144
348	40.3333
349	40.7432
350	40.6515
351	39.5305
352	39.3333
353	39.0621
354	39.0728
355	39.5315
356	39.6031
357	39.5960
358	38.8656
359	38.3983
360	38.2678
361	38.1320
362	36.9330
363	36.5997
364	37.6647
365	39.1974
366	39.3377
367	37.6723
368	36.5347
369	36.5968
370	36.8685
371	36.7979
372	37.1310
373	37.0719
374	36.5362
375	36.4636
376	37.3167
377	38.2036
378	37.4820
379	37.0545
380	37.0216
381	36.6439
382	37.2811
383	36.0253
384	35.7682
385	36.6166
386	36.0000
387	37.1457
388	38.6188
389	38.0000
390	37.6203
391	36.7474
392	36.5855
393	37.0000
394	37.2512
395	37.6667
396	37.1663
397	36.5830
398	36.3770
399	35.7064
400	36.0851
401	35.7905
402	36.9890
403	37.9264
404	37.0361
405	37.4209
406	36.8774
407	36.6667
408	36.4224
409	36.8533
410	37.4817
411	35.7572
412	36.3027
413	37.6372
414	36.7586
415	36.9355
416	37.2789
417	36.1199
418	36.4530
419	36.6667
420	36.9051
421	36.7385
422	36.0228
423	37.1405
424	36.9360
425	36.1798
426	37.7447
427	36.6667
428	37.1356
429	37.5320
430	36.9002
431	37.6829
432	37.8683
433	37.0000
434	37.1158
435	37.3333
436	37.1028
437	37.4719
438	39.0000
439	38.5418
440	38.0096
441	38.6667
442	38.7805
443	38.0915
444	37.0132
445	38.5595
446	39.7898
447	40.5453
448	39.4493
449	40.7817
450	41.8904
451	43.1145
452	45.4462
453	48.2222
0	68.3333
1	65.5568
2	62.3392
3	61.8859
4	61.4484
5	61.8840
6	61.2296
7	61.3282
8	61.4464
9	62.2134
10	63.1062
11	62.4552
12	62.4386
13	60.4763
14	59.9897
15	60.9890
16	60.6784
17	60.9875
18	58.9375
19	60.7125
20	61.2467
21	59.5813
22	60.7346
23	61.6667
24	62.5320
25	62.1356
26	60.8033
27	61.6269
28	61.4719
29	59.7093
30	59.4297
31	60.3105
32	60.8810
33	61.0000
34	59.5028
35	61.4440
36	62.1464
37	62.0930
38	62.1204
39	61.5747
40	62.6078
41	63.9698
42	63.2737
43	63.3017
44	64.7238
45	63.4327
46	61.7005
47	61.5440
48	61.8771
49	63.0510
50	63.2467
51	64.8874
52	66.6284
53	64.4893
54	62.1641
55	60.6230
56	58.7491
57	58.8330
58	58.9173
59	59.0822
60	59.9558
61	59.5043
62	61.2772
63	59.5651
64	56.6340
65	56.4126
66	54.6063
67	54.1565
68	53.8445
69	53.5386
70	55.1020
71	54.3615
72	53.9470
73	55.3549
74	55.3878
75	53.7770
76	53.8143
77	54.3333
78	53.9272
79	55.6951
80	57.2026
81	58.7498
82	62.2941
83	64.6056
84	66.2097
85	65.1876
86	64.6034
87	64.5982
88	63.1295
89	64.3373
90	65.6667
91	66.6662
92	73.7223
93	82.5865
94	92.6375
95	103.1020
96	111.3709
97	115.3255
98	111.8381
99	103.0618
100	95.2438
101	88.3228
102	81.1921
103	75.3790
104	73.5300
105	75.6313
106	81.9056
107	89.8408
108	97.1104
109	101.7594
110	101.6333
111	97.9367
112	91.7155
113	83.9985
114	77.5585
115	72.0351
116	67.1477
117	61.4628
118	58.2801
119	55.4906
120	54.4378
121	53.2671
122	51.0385
123	49.7572
124	48.9497
125	48.2835
126	48.7653
127	49.3333
128	49.9058
129	48.6181
130	49.0464
131	50.1432
132	50.0000
133	49.6208
134	50.0908
135	56.5291
136	55.9007
137	51.0569
138	50.3333
139	50.3333
140	50.7091
141	50.4371
142	50.3748
143	50.4795
144	49.2119
145	48.3333
146	48.3333
147	50.0088
148	50.4037
149	49.6667
150	50.0375
151	50.1481
152	50.7398
153	50.7793
154	51.6245
155	53.5877
156	55.0692
157	55.1155
158	55.5840
159	56.6998
160	56.4511
161	55.6345
162	54.2384
163	53.6978
164	54.0000
165	53.6365
166	52.2443
167	49.7020
168	47.7903
169	47.3333
170	48.0554
171	47.4047
172	45.9733
173	46.7454
174	47.1280
175	47.2046
176	48.0248
177	47.2605
178	49.1903
179	49.7052
180	50.4930
181	52.3110
182	54.1310
183	56.0000
184	57.9480
185	58.4287
186	56.2737
187	55.8624
188	55.6289
189	57.2862
190	57.7528
191	56.6841
192	56.1244
193	54.2840
194	54.3812
195	54.4614
196	52.7959
197	51.1305
198	50.1597
199	50.3468
200	49.2813
201	47.8271
202	47.3213
203	47.3449
204	46.1170
205	44.4947
206	45.0201
207	45.8381
208	44.6304
209	44.3591
210	45.1626
211	44.1477
212	44.8653
213	47.1832
214	47.8303
215	46.9887
216	46.8411
217	46.4883
218	45.3292
219	45.6740
220	45.6603
221	46.1761
222	46.3267
223	45.6684
224	45.4982
225	45.6681
226	46.1665
227	46.0000
228	45.8337
229	45.9988
230	46.0017
231	45.8322
232	46.8266
233	49.1523
234	50.8315
235	51.6583
236	52.6620
237	53.6564
238	54.9887
239	56.6483
240	56.8499
241	57.4680
242	58.0228
243	58.3010
244	59.3419
245	60.2970
246	61.0191
247	59.8484
248	60.7859
249	61.6887
250	61.9654
251	62.1967
252	61.6542
253	62.9610
254	63.8401
255	64.9441
256	66.0145
257	66.6218
258	68.6203
259	70.6188
260	72.9343
261	74.8079
262	77.3868
263	80.7707
264	84.3620
265	92.1884
266	99.7268
267	104.6446
268	107.2176
269	105.0834
270	103.0427
271	101.0873
272	98.8891
273	96.6026
274	93.6049
275	89.9880
276	86.5850
277	82.8649
278	78.4596
279	76.0515
280	73.0302
281	70.6399
282	68.5511
283	65.5139
284	64.2654
285	61.9338
286	59.9063
287	59.3037
288	57.5445
289	53.7893
290	52.0312
291	51.8175
292	51.2470
293	48.6794
294	46.3664
295	46.1499
296	46.6326
297	47.1494
298	48.2281
299	48.8867
300	48.7793
301	49.4817
302	50.1111
303	51.5541
304	53.7003
305	56.0319
306	58.8050
307	62.5766
308	68.9603
309	78.6858
310	90.5141
311	101.7945
312	112.4945
313	120.5818
314	121.4785
315	120.9419
316	117.3951
317	108.9436
318	99.8815
319	95.5148
320	92.9939
321	88.7969
322	83.7108
323	80.4270
324	77.6196
325	74.8141
326	71.7643
327	71.2840
328	71.9502
329	72.0503
330	72.0905
331	71.6794
332	68.7846
333	66.8072
334	64.7552
335	60.9664
336	58.8815
337	55.6586
338	52.0795
339	49.4989
340	47.9169
341	46.7790
342	44.8933
343	43.1952
344	41.8972
345	40.3333
346	40.1960
347	40.1371
348	39.5121
349	38.4700
350	38.1212
351	37.3333
352	37.4692
353	37.8023
354	37.4584
355	36.5315
356	36.1984
357	35.7307
358	35.6022
359	36.5367
360	36.7976
361	36.1337
362	36.0665
363	36.0662
364	36.4008
365	37.0616
366	38.2693
367	36.8734
368	36.1945
369	36.7366
370	35.9389
371	36.1207
372	36.2855
373	35.0589
374	35.9276
375	36.2031
376	35.8700
377	35.5369
378	35.0743
379	34.9252
380	35.7204
381	36.2046
382	35.8715
383	35.6667
384	35.5386
385	35.5889
386	35.3623
387	34.7152
388	35.0792
389	34.5399
390	34.7130
391	35.4597
392	35.2884
393	35.0442
394	35.6667
395	35.1653
396	34.4584
397	35.1661
398	36.0000
399	35.5026
400	34.2943
401	34.5337
402	35.7528
403	35.4567
404	36.0361
405	35.5607
406	34.2799
407	35.2109
408	35.6107
409	36.6667
410	35.9367
411	34.9095
412	35.2122
413	35.4837
414	36.0920
415	35.6667
416	35.1859
417	35.1729
418	36.1879
419	35.6917
420	36.4525
421	36.7856
422	36.4064
423	35.5703
424	35.8818
425	36.0206
426	37.2553
427	37.5109
428	35.8828
429	36.4857
430	37.8832
431	37.6667
432	37.3179
433	36.4346
434	36.2315
435	37.0132
436	37.7819
437	37.5399
438	36.7815
439	37.2291
440	37.4381
441	37.1141
442	38.0162
443	39.1062
444	38.6667
445	39.2320
446	39.8820
447	39.7881
448	41.5580
449	42.8967
450	45.1141
451	46.3348
452	49.0044
453	54.7778
0	104.7778
1	103.0007
2	100.6711
3	97.0088
4	95.2242
5	91.2431
6	88.2296
7	85.9026
8	82.3569
9	80.7800
10	78.2492
11	77.4390
12	77.8859
13	78.6571
14	79.6564
15	78.6887
16	77.5634
17	78.6416
18	79.3333
19	81.0738
20	82.0000
21	83.0854
22	86.2686
23	89.6159
24	89.8013
25	90.4138
26	94.6694
27	99.2539
28	105.1891
29	107.6667
30	111.7491
31	116.1462
32	120.5489
33	123.4040
34	126.3527
35	127.8803
36	128.0000
37	126.2948
38	123.8430
39	120.8734
40	117.5426
41	114.2117
42	110.8808
43	106.0682
44	102.0971
45	98.4658
46	92.5703
47	88.1038
48	83.4224
49	78.6007
50	75.7402
51	72.4834
52	71.6284
53	69.9078
54	68.2487
55	68.4175
56	68.8752
57	69.4165
58	67.1707
59	67.1209
60	67.7925
61	69.1175
62	72.0702
63	72.9198
64	73.6993
65	75.7773
66	78.3149
67	78.9218
68	79.0778
69	77.8962
70	76.7949
71	77.2811
72	79.3032
73	82.7851
74	85.9659
75	89.8536
76	94.1096
77	96.2767
78	97.0728
79	96.9276
80	97.2745
81	98.0714
82	100.5565
83	105.0280
84	111.4356
85	122.7910
86	138.9931
87	153.6336
88	164.0839
89	173.0773
90	176.6667
91	174.0679
92	168.9392
93	162.0802
94	154.6183
95	149.2796
96	145.8786
97	146.0557
98	151.1619
99	159.7402
100	168.8067
101	176.0849
102	175.9058
103	169.4700
104	163.5793
105	158.7197
106	152.1535
107	143.1207
108	132.1494
109	120.1003
110	110.1190
111	104.1317
112	98.2436
113	92.4157
114	89.3620
115	87.1145
116	85.6125
117	84.1722
118	82.9468
119	79.3851
120	77.5784
121	78.9627
122	78.5129
123	76.5144
124	75.8585
125	76.0000
126	75.0434
127	73.5690
128	72.4275
129	72.0000
130	71.2387
131	70.6667
132	68.7682
133	65.6269
134	65.2801
135	64.4871
136	64.0888
137	64.1008
138	62.3480
139	61.7096
140	61.6242
141	61.1457
142	60.2504
143	57.7952
144	55.5857
145	54.8133
146	52.6161
147	50.2553
148	49.8526
149	50.3714
150	50.1104
151	50.2222
152	50.4817
153	50.7027
154	50.8156
155	52.6929
156	53.5975
157	52.2651
158	52.0336
159	52.6998
160	51.7192
161	50.8494
162	50.6350
163	49.2399
164	50.5173
165	51.6063
166	49.3664
167	48.5438
168	48.6380
169	47.7910
170	46.4307
171	45.8469
172	45.2799
173	46.1050
174	45.8970
175	45.2046
176	45.4876
177	45.1545
178	44.8214
179	45.0233
180	45.8675
181	46.1555
182	44.9345
183	44.7093
184	45.5104
185	46.5509
186	47.1567
187	46.4709
188	46.5283
189	46.2965
190	46.3691
191	46.4739
192	46.3503
193	47.5411
194	47.1109
195	46.1744
196	46.5075
197	47.0145
198	47.8543
199	49.7206
200	52.7317
201	52.4312
202	49.9760
203	50.0231
204	51.3554
205	52.1719
206	53.0201
207	53.6667
208	53.6667
209	54.6924
210	54.9838
211	53.6515
212	53.5107
213	54.5099
214	55.3395
215	56.0056
216	56.3333
217	56.5023
218	57.3417
219	57.8315
220	57.4984
221	58.1734
222	58.8322
223	59.0017
224	60.6716
225	62.0000
226	62.8339
227	64.9990
228	68.6615
229	71.4982
230	72.4974
231	74.6556
232	76.4986
233	76.6667
234	76.5018
235	76.4979
236	77.1597
237	78.4871
238	79.1695
239	80.6360
240	82.8234
241	83.9858
242	84.6667
243	85.8050
244	86.5129
245	86.4864
246	88.1332
247	89.8182
248	89.8492
249	90.3002
250	92.1378
251	92.1967
252	92.7770
253	94.8138
254	98.0520
255	103.2355
256	107.1015
257	112.8055
258	117.9691
259	120.2536
260	120.7324
261	117.4349
262	114.2276
263	110.4766
264	107.0368
265	104.6039
266	100.3120
267	96.2561
268	92.4758
269	88.9063
270	88.6026
271	90.2897
272	90.0670
273	89.7763
274	90.0466
275	89.1786
276	86.8366
277	83.7162
278	84.2323
279	85.6667
280	87.2021
281	90.5330
282	90.1906
283	88.4307
284	88.2654
285	85.7815
286	81.1398
287	75.3596
288	71.4842
289	68.9100
290	65.5825
291	61.4599
292	58.3434
293	55.4312
294	54.6336
295	52.9019
296	50.7822
297	52.0802
298	53.1491
299	53.9289
300	54.8153
301	55.8904
302	55.8148
303	54.1854
304	52.5234
305	50.2244
306	49.5195
307	48.7456
308	47.5600
309	46.1214
310	44.2691
311	43.9171
312	44.2296
313	44.8303
314	44.7361
315	42.3767
316	42.4341
317	42.1332
318	41.1442
319	42.6291
320	43.6147
321	42.5232
322	42.9063
323	42.8087
324	41.9522
325	40.9083
326	39.8536
327	40.5740
328	39.5747
329	40.5568
330	41.2539
331	38.6282
332	38.5114
333	38.6829
334	37.6139
335	38.2801
336	38.1074
337	37.7520
338	37.9154
339	37.6115
340	37.7223
341	37.8877
342	38.2517
343	37.2524
344	36.8045
345	36.7248
346	36.6080
347	36.8629
348	36.1192
349	35.3333
350	36.1516
351	37.1972
352	37.1359
353	37.3333
354	36.6564
355	36.2073
356	36.8651
357	36.8013
358	36.4623
359	35.3983
360	35.0000
361	34.7326
362	35.1339
363	35.6674
364	35.0655
365	35.7994
366	35.7351
367	35.5977
368	35.7361
369	35.7285
370	36.3333
371	35.6772
372	35.5835
373	35.9541
374	34.7248
375	35.5938
376	36.2600
377	36.1477
378	35.2038
379	34.6122
380	34.9031
381	36.2046
382	36.1285
383	35.5636
384	34.7174
385	34.8222
386	35.0204
387	36.7940
388	36.8729
389	36.7935
390	36.4937
391	36.4246
392	37.0363
393	35.8742
394	36.2946
395	37.4587
396	36.9161
397	36.0412
398	36.5421
399	36.0846
400	36.0390
401	36.1712
402	35.7042
403	36.5801
404	37.0000
405	37.2458
406	37.5440
407	38.5573
408	40.6667
409	38.7162
410	35.8200
411	36.4238
412	35.7577
413	36.4216
414	37.8506
415	36.5183
416	35.7869
417	35.8801
418	35.9061
419	36.6917
420	36.7373
421	35.5477
422	35.4520
423	35.7851
424	36.8276
425	37.5075
426	36.1177
427	36.6858
428	36.9816
429	36.8013
430	37.3164
431	36.6667
432	36.7829
433	37.3480
434	38.5789
435	38.7425
436	37.8070
437	39.5634
438	40.2296
439	40.5521
440	41.2477
441	43.0000
442	43.9105
443	46.3480
444	48.5732
445	51.6902
446	55.5744
447	59.4636
448	64.1307
449	71.1415
450	81.3554
451	92.7989
452	105.7854
453	118.3333
0	57.3333
1	56.2234
2	55.6667
3	56.5526
4	56.5575
5	56.1123
6	56.0000
7	57.1025
8	56.7856
9	56.9934
10	56.8938
11	57.9838
12	58.8859
13	59.6571
14	60.8752
15	63.9558
16	62.7138
17	63.7319
18	65.0000
19	65.8702
20	68.7238
21	69.5659
22	69.1165
23	69.6497
24	71.2980
25	73.2965
26	73.5683
27	76.9985
28	77.2772
29	76.7635
30	75.0662
31	74.4292
32	74.6667
33	74.2384
34	72.5028
35	71.0258
36	71.5202
37	66.4582
38	61.8430
39	61.6380
40	61.7876
41	62.0910
42	61.0618
43	59.4866
44	59.0000
45	58.3664
46	58.2109
47	59.3868
48	59.1582
49	56.7748
50	55.2467
51	54.7903
52	55.7140
53	56.3333
54	55.7064
55	54.2897
56	54.7091
57	55.3333
58	55.7493
59	56.6233
60	56.3775
61	56.2073
62	60.4736
63	62.7932
64	63.2862
65	63.2541
66	62.7940
67	62.4609
68	62.9500
69	64.1545
70	67.1273
71	71.3292
72	74.4319
73	80.0326
74	85.6529
75	87.5372
76	87.6667
77	85.8366
78	84.2605
79	82.7829
80	80.7844
81	76.7623
82	76.2835
83	76.5259
84	77.0081
85	80.4859
86	85.1491
87	89.2097
88	91.0679
89	89.9306
90	87.1987
91	84.2009
92	80.4045
93	77.8690
94	73.3500
95	70.8656
96	69.8079
97	68.2063
98	67.8649
99	65.8227
100	62.7518
101	62.4565
102	63.5916
103	63.2122
104	64.4371
105	61.9338
106	59.1371
107	60.5678
108	59.1222
109	57.7243
110	57.0238
111	57.5033
112	57.7491
113	57.5278
114	58.4437
115	57.4479
116	56.1396
117	55.6129
118	55.7199
119	56.1930
120	55.9478
121	54.8965
122	54.1410
123	52.8477
124	51.6164
125	50.3755
126	50.0493
127	51.0976
128	51.2850
129	49.4753
130	48.7140
131	49.1901
132	49.1435
133	48.6208
134	49.0908
135	50.8013
136	50.9112
137	50.8992
138	50.2031
139	48.0164
140	47.3758
141	47.2914
142	46.2504
143	46.4153
144	45.5048
145	45.0800
146	45.1074
147	44.8528
148	44.4422
149	44.3714
150	44.1104
151	43.8519
152	44.0000
153	43.6306
154	44.9934
155	46.3333
156	46.5173
157	47.4015
158	48.0000
159	47.6336
160	48.2482
161	47.9036
162	47.3650
163	46.9377
164	47.2433
165	47.0912
166	44.8813
167	43.8479
168	44.0000
169	44.5423
170	44.6390
171	43.6122
172	44.2602
173	43.8950
174	43.9235
175	43.9242
176	43.5372
177	41.8543
178	41.7856
179	43.3333
180	43.3333
181	43.6890
182	43.8224
183	44.9080
184	46.1771
185	45.6259
186	46.4128
187	47.8430
188	48.3522
189	48.8425
190	48.4731
191	48.1754
192	47.9831
193	48.7160
194	48.7935
195	47.6512
196	47.6816
197	48.5217
198	48.6527
199	47.2929
200	47.3723
201	46.9500
202	47.9115
203	49.6551
204	48.9890
205	49.1825
206	49.6667
207	51.2097
208	53.0091
209	54.7010
210	56.0000
211	56.6819
212	57.6738
213	57.8300
214	57.1575
215	58.5310
216	59.4871
217	58.3287
218	59.0125
219	60.5055
220	61.1683
221	60.3252
222	60.5077
223	62.1692
224	63.1685
225	63.4996
226	64.3341
227	66.6657
228	68.3326
229	68.1685
230	69.4906
231	71.1678
232	71.9919
233	73.3301
234	74.6556
235	75.5021
236	77.3054
237	79.4974
238	81.1413
239	83.8119
240	86.3068
241	89.1347
242	89.3637
243	87.0243
244	84.5386
245	81.8651
246	78.4003
247	75.1918
248	72.0738
249	68.0552
250	66.0115
251	64.0601
252	62.8146
253	63.4935
254	62.3873
255	60.5210
256	61.1160
257	61.3782
258	58.5850
259	56.5080
260	55.6995
261	54.0508
262	52.6841
263	51.8602
264	49.9161
265	48.1761
266	46.5872
267	45.6269
268	44.2990
269	43.4062
270	43.9080
271	43.6012
272	43.8891
273	44.3974
274	45.2249
275	44.3333
276	44.4879
277	45.2838
278	46.9242
279	49.0765
280	52.0223
281	55.2264
282	56.9728
283	57.7918
284	58.9436
285	58.9051
286	58.0000
287	57.0890
288	54.9389
289	52.4560
290	51.3022
291	50.3091
292	47.1607
293	45.9348
294	45.7660
295	44.3669
296	43.7008
297	43.6321
298	45.1930
299	45.7734
300	45.2612
301	46.2968
302	46.5185
303	46.6291
304	46.1141
305	45.2948
306	45.5195
307	43.8641
308	42.0000
309	41.4143
310	40.2281
311	39.2288
312	38.9581
313	38.6061
314	37.6667
315	37.5217
316	36.8992
317	36.4778
318	36.2340
319	36.8185
320	36.8960
321	35.4305
322	35.7135
323	35.6193
324	36.0000
325	35.4300
326	35.0935
327	35.6667
328	36.0920
329	35.9590
330	35.2826
331	35.2436
332	34.6667
333	34.5261
334	34.7542
335	35.3333
336	35.0537
337	34.6667
338	35.3633
339	36.1943
340	35.4447
341	34.5281
342	34.6100
343	34.7238
344	33.9198
345	33.8837
346	34.5293
347	34.1962
348	34.0000
349	34.4099
350	34.5909
351	33.8639
352	33.9384
353	33.9264
354	32.5210
355	32.4145
356	34.5396
357	35.0640
358	33.8602
359	32.6667
360	33.6041
361	35.0000
362	34.0660
363	33.0662
364	32.7361
365	32.3949
366	34.0000
367	33.7356
368	33.7292
369	34.5968
370	34.6056
371	33.8688
372	32.8808
373	33.1047
374	34.5504
375	33.5938
376	33.4800
377	32.6667
378	33.1847
379	34.0000
380	33.8710
381	33.2804
382	33.3093
383	34.3333
384	33.5651
385	33.2279
386	35.1768
387	35.2362
388	33.6188
389	33.6340
390	34.4135
391	34.5053
392	35.3333
393	35.8366
394	36.2899
395	35.2907
396	35.4172
397	36.5418
398	36.2087
399	36.1244
400	37.4503
401	39.0856
402	38.1722
403	37.8268
404	38.4204
405	38.0000
406	38.2453
407	38.2995
408	36.9338
409	36.5200
410	38.3650
411	38.0287
412	37.3027
413	38.3954
414	37.2127
415	37.1204
416	36.7324
417	36.3863
418	37.7864
419	37.5222
420	37.0243
421	37.3098
422	36.7854
423	36.1707
424	35.8489
425	37.7640
426	36.9801
427	36.3333
428	36.5678
429	36.6490
430	35.8832
431	35.8997
432	36.9146
433	38.0000
434	38.5789
435	40.8219
436	42.4236
437	42.4837
438	45.0110
439	45.4376
440	45.8001
441	47.9036
442	49.3414
443	50.7949
444	53.0132
445	54.4464
446	55.9078
447	59.3466
448	60.5470
449	59.4484
450	61.2281
451	63.1116
452	63.2220
453	63.1111
