0.00000	12
0.00769	11
0.01538	10
0.02307	9
0.03077	9
0.03846	7
0.04615	8
0.05384	8
0.06153	8
0.06922	8
0.07691	8
0.08461	7
0.09230	8
0.09999	8
0.10768	8
0.11537	8
0.12306	7
0.13075	6
0.13845	7
0.14614	8
0.15383	7
0.16152	8
0.16921	8
0.17690	8
0.18459	7
0.19228	7
0.19998	7
0.20767	7
0.21536	8
0.22305	7
0.23074	8
0.23843	7
0.24612	7
0.25382	7
0.26151	8
0.26920	7
0.27689	7
0.28458	7
0.29227	8
0.29996	8
0.30766	8
0.31535	6
0.32304	7
0.33073	7
0.33842	6
0.34611	6
0.35380	7
0.36150	7
0.36919	8
0.37688	7
0.38457	7
0.39226	7
0.39995	6
0.40764	8
0.41534	9
0.42303	8
0.43072	8
0.43841	7
0.44610	7
0.45379	7
0.46148	8
0.46918	6
0.47687	7
0.48456	8
0.49225	7
0.49994	6
0.50763	7
0.51532	8
0.52302	6
0.53071	7
0.53840	7
0.54609	6
0.55378	9
0.56147	12
0.56916	9
0.57685	6
0.58455	7
0.59224	7
0.59993	8
0.60762	7
0.61531	8
0.62300	7
0.63069	8
0.63839	7
0.64608	6
0.65377	7
0.66146	7
0.66915	7
0.67684	7
0.68453	7
0.69223	7
0.69992	7
0.70761	8
0.71530	8
0.72299	8
0.73068	7
0.73837	8
0.74607	8
0.75376	8
0.76145	6
0.76914	7
0.77683	8
0.78452	6
0.79221	8
0.79991	7
0.80760	6
0.81529	6
0.82298	7
0.83067	8
0.83836	7
0.84605	6
0.85375	6
0.86144	7
0.86913	7
0.87682	9
0.88451	7
0.89220	8
0.89989	8
0.90758	7
0.91528	9
0.92297	7
0.93066	6
0.93835	8
0.94604	6
0.95373	8
0.96142	7
0.96912	8
0.97681	7
0.98450	10
0.99219	7
0.99988	9
1.00757	8
1.01526	8
1.02296	7
1.03065	7
1.03834	7
1.04603	8
1.05372	7
1.06141	9
1.06910	7
1.07680	9
1.08449	8
1.09218	8
1.09987	7
1.10756	8
1.11525	8
1.12294	9
1.13064	7
1.13833	7
1.14602	7
1.15371	8
1.16140	8
1.16909	7
1.17678	7
1.18448	8
1.19217	7
1.19986	9
1.20755	10
1.21524	8
1.22293	7
1.23062	8
1.23831	9
1.24601	9
1.25370	9
1.26139	8
1.26908	9
1.27677	8
1.28446	6
1.29215	9
1.29985	8
1.30754	7
1.31523	8
1.32292	8
1.33061	7
1.33830	8
1.34599	7
1.35369	9
1.36138	7
1.36907	9
1.37676	9
1.38445	7
1.39214	8
1.39983	8
1.40753	8
1.41522	8
1.42291	9
1.43060	8
1.43829	9
1.44598	8
1.45367	10
1.46137	8
1.46906	8
1.47675	9
1.48444	8
1.49213	7
1.49982	9
1.50751	9
1.51521	9
1.52290	8
1.53059	9
1.53828	9
1.54597	9
1.55366	11
1.56135	8
1.56905	8
1.57674	9
1.58443	8
1.59212	7
1.59981	9
1.60750	9
1.61519	10
1.62288	9
1.63058	10
1.63827	9
1.64596	8
1.65365	9
1.66134	9
1.66903	10
1.67672	9
1.68442	8
1.69211	9
1.69980	11
1.70749	10
1.71518	9
1.72287	9
1.73056	8
1.73826	9
1.74595	9
1.75364	9
1.76133	9
1.76902	11
1.77671	10
1.78440	9
1.79210	8
1.79979	10
1.80748	8
1.81517	9
1.82286	8
1.83055	9
1.83824	9
1.84594	11
1.85363	9
1.86132	9
1.86901	9
1.87670	10
1.88439	9
1.89208	9
1.89978	11
1.90747	8
1.91516	10
1.92285	9
1.93054	8
1.93823	10
1.94592	9
1.95361	10
1.96131	9
1.96900	9
1.97669	8
1.98438	9
1.99207	8
1.99976	10
2.00745	9
2.01515	9
2.02284	10
2.03053	10
2.03822	9
2.04591	8
2.05360	10
2.06129	9
2.06899	9
2.07668	8
2.08437	8
2.09206	10
2.09975	9
2.10744	9
2.11513	9
2.12283	9
2.13052	9
2.13821	9
2.14590	9
2.15359	10
2.16128	8
2.16897	9
2.17667	11
2.18436	9
2.19205	10
2.19974	8
2.20743	9
2.21512	8
2.22281	9
2.23051	9
2.23820	10
2.24589	9
2.25358	9
2.26127	11
2.26896	10
2.27665	9
2.28435	10
2.29204	8
2.29973	9
2.30742	8
2.31511	9
2.32280	9
2.33049	9
2.33818	8
2.34588	10
2.35357	9
2.36126	9
2.36895	10
2.37664	8
2.38433	9
2.39202	10
2.39972	8
2.40741	9
2.41510	10
2.42279	8
2.43048	9
2.43817	9
2.44586	9
2.45356	12
2.46125	15
2.46894	16
2.47663	13
2.48432	11
2.49201	10
2.49970	8
2.50740	8
2.51509	9
2.52278	9
2.53047	7
2.53816	9
2.54585	9
2.55354	10
2.56124	8
2.56893	9
2.57662	8
2.58431	9
2.59200	9
2.59969	10
2.60738	9
2.61508	10
2.62277	11
2.63046	11
2.63815	13
2.64584	13
2.65353	11
2.66122	10
2.66892	9
2.67661	8
2.68430	9
2.69199	8
2.69968	9
2.70737	10
2.71506	10
2.72275	7
2.73045	8
2.73814	8
2.74583	7
2.75352	9
2.76121	7
2.76890	9
2.77659	9
2.78429	10
2.79198	9
2.79967	9
2.80736	7
2.81505	9
2.82274	9
2.83043	9
2.83813	9
2.84582	9
2.85351	10
2.86120	8
2.86889	9
2.87658	9
2.88427	9
2.89197	10
2.89966	9
2.90735	10
2.91504	9
2.92273	10
2.93042	9
2.93811	8
2.94581	10
2.95350	7
2.96119	10
2.96888	9
2.97657	10
2.98426	8
2.99195	9
2.99964	8
3.00734	9
3.01503	9
3.02272	8
3.03041	9
3.03810	10
3.04579	10
3.05348	9
3.06118	10
3.06887	9
3.07656	8
3.08425	9
3.09194	9
3.09963	9
3.10732	10
3.11502	10
3.12271	9
3.13040	9
3.13809	7
3.14578	9
3.15347	10
3.16116	9
3.16886	9
3.17655	9
3.18424	10
3.19193	8
3.19962	8
3.20731	9
3.21500	8
3.22270	10
3.23039	8
3.23808	8
3.24577	8
3.25346	9
3.26115	8
3.26884	9
3.27654	7
3.28423	9
3.29192	9
3.29961	10
3.30730	9
3.31499	8
3.32268	8
3.33038	8
3.33807	10
3.34576	9
3.35345	8
3.36114	9
3.36883	9
3.37652	9
3.38421	8
3.39191	9
3.39960	8
3.40729	9
3.41498	9
3.42267	8
3.43036	8
3.43805	8
3.44575	9
3.45344	9
3.46113	8
3.46882	8
3.47651	9
3.48420	9
3.49189	8
3.49959	8
3.50728	9
3.51497	8
3.52266	7
3.53035	8
3.53804	8
3.54573	8
3.55343	10
3.56112	9
3.56881	9
3.57650	10
3.58419	10
3.59188	8
3.59957	8
3.60727	9
3.61496	11
3.62265	9
3.63034	9
3.63803	9
3.64572	10
3.65341	8
3.66111	7
3.66880	9
3.67649	8
3.68418	9
3.69187	9
3.69956	8
3.70725	9
3.71495	9
3.72264	8
3.73033	8
3.73802	9
3.74571	10
3.75340	8
3.76109	8
3.76878	10
3.77648	9
3.78417	7
3.79186	9
3.79955	9
3.80724	9
3.81493	8
3.82262	8
3.83032	9
3.83801	9
3.84570	8
3.85339	9
3.86108	9
3.86877	9
3.87646	10
3.88416	10
3.89185	9
3.89954	10
3.90723	9
3.91492	7
3.92261	9
3.93030	8
3.93800	8
3.94569	8
3.95338	9
3.96107	9
3.96876	8
3.97645	8
3.98414	8
3.99184	9
3.99953	9
4.00722	8
4.01491	8
4.02260	8
4.03029	9
4.03798	8
4.04568	9
4.05337	9
4.06106	8
4.06875	10
4.07644	9
4.08413	9
4.09182	8
4.09951	10
4.10721	10
4.11490	9
4.12259	9
4.13028	9
4.13797	8
4.14566	9
4.15335	9
4.16105	9
4.16874	9
4.17643	9
4.18412	7
4.19181	8
4.19950	8
4.20719	10
4.21489	9
4.22258	6
4.23027	10
4.23796	9
4.24565	9
4.25334	9
4.26103	9
4.26873	8
4.27642	9
4.28411	9
4.29180	9
4.29949	9
4.30718	9
4.31487	8
4.32257	10
4.33026	8
4.33795	9
4.34564	8
4.35333	9
4.36102	9
4.36871	9
4.37641	8
4.38410	10
4.39179	9
4.39948	8
4.40717	9
4.41486	9
4.42255	9
4.43024	8
4.43794	8
4.44563	8
4.45332	8
4.46101	10
4.46870	9
4.47639	10
4.48408	10
4.49178	7
4.49947	9
4.50716	8
4.51485	8
4.52254	8
4.53023	10
4.53792	8
4.54562	8
4.55331	8
4.56100	9
4.56869	8
4.57638	8
4.58407	8
4.59176	8
4.59946	8
4.60715	9
4.61484	8
4.62253	9
4.63022	8
4.63791	8
4.64560	7
4.65330	7
4.66099	9
4.66868	8
4.67637	7
4.68406	8
4.69175	6
4.69944	9
4.70714	8
4.71483	8
4.72252	8
4.73021	8
4.73790	8
4.74559	7
4.75328	10
4.76097	8
4.76867	6
4.77636	8
4.78405	6
4.79174	8
4.79943	8
4.80712	8
4.81482	9
4.82251	9
4.83020	9
4.83789	8
4.84558	8
4.85327	8
4.86096	8
4.86865	8
4.87635	8
4.88404	9
4.89173	10
4.89942	8
4.90711	9
4.91480	8
4.92249	9
4.93019	8
4.93788	8
4.94557	8
4.95326	9
4.96095	10
4.96864	8
4.97633	9
4.98403	9
4.99172	10
4.99941	9
5.00710	9
5.01479	9
5.02248	9
5.03017	8
5.03787	9
5.04556	10
5.05325	9
5.06094	10
5.06863	9
5.07632	10
5.08401	9
5.09171	9
5.09940	9
5.10709	10
5.11478	10
5.12247	11
5.13016	11
5.13785	9
5.14555	12
5.15324	10
5.16093	10
5.16862	12
5.17631	10
5.18400	9
5.19169	10
5.19938	9
5.20708	9
5.21477	10
5.22246	10
5.23015	8
5.23784	9
5.24553	10
5.25322	10
5.26092	8
5.26861	9
5.27630	9
5.28399	8
5.29168	10
5.29937	10
5.30706	8
5.31476	10
5.32245	11
5.33014	13
5.33783	11
5.34552	10
5.35321	9
5.36090	8
5.36860	10
5.37629	10
5.38398	9
5.39167	9
5.39936	9
5.40705	9
5.41474	9
5.42244	11
5.43013	9
5.43782	9
5.44551	9
5.45320	9
5.46089	9
5.46858	9
5.47627	8
5.48397	9
5.49166	10
5.49935	9
5.50704	10
5.51473	9
5.52242	9
5.53011	10
5.53781	10
5.54550	11
5.55319	10
5.56088	9
5.56857	9
5.57626	10
5.58395	10
5.59165	10
5.59934	9
5.60703	8
5.61472	8
5.62241	10
5.63010	10
5.63779	10
5.64549	10
5.65318	10
5.66087	10
5.66856	9
5.67625	8
5.68394	10
5.69163	9
5.69933	13
5.70702	14
5.71471	13
5.72240	10
5.73009	12
5.73778	10
5.74547	9
5.75317	9
5.76086	9
5.76855	9
5.77624	7
5.78393	9
5.79162	10
5.79931	9
5.80700	10
5.81470	8
5.82239	11
5.83008	8
0.00000	13
0.00769	15
0.01538	14
0.02307	14
0.03077	12
0.03846	12
0.04615	10
0.05384	11
0.06153	11
0.06922	11
0.07691	10
0.08461	10
0.09230	11
0.09999	10
0.10768	10
0.11537	8
0.12306	10
0.13075	8
0.13845	10
0.14614	9
0.15383	8
0.16152	8
0.16921	9
0.17690	9
0.18459	8
0.19228	9
0.19998	9
0.20767	9
0.21536	9
0.22305	9
0.23074	8
0.23843	8
0.24612	9
0.25382	8
0.26151	9
0.26920	10
0.27689	16
0.28458	11
0.29227	10
0.29996	10
0.30766	10
0.31535	10
0.32304	11
0.33073	12
0.33842	12
0.34611	12
0.35380	12
0.36150	14
0.36919	14
0.37688	15
0.38457	17
0.39226	18
0.39995	19
0.40764	19
0.41534	22
0.42303	23
0.43072	24
0.43841	25
0.44610	26
0.45379	27
0.46148	25
0.46918	30
0.47687	28
0.48456	29
0.49225	29
0.49994	28
0.50763	29
0.51532	30
0.52302	30
0.53071	30
0.53840	29
0.54609	30
0.55378	29
0.56147	29
0.56916	26
0.57685	26
0.58455	25
0.59224	22
0.59993	22
0.60762	24
0.61531	24
0.62300	22
0.63069	22
0.63839	21
0.64608	20
0.65377	19
0.66146	20
0.66915	19
0.67684	18
0.68453	18
0.69223	18
0.69992	19
0.70761	16
0.71530	15
0.72299	14
0.73068	14
0.73837	16
0.74607	15
0.75376	15
0.76145	14
0.76914	15
0.77683	14
0.78452	14
0.79221	13
0.79991	14
0.80760	13
0.81529	16
0.82298	12
0.83067	14
0.83836	12
0.84605	13
0.85375	12
0.86144	12
0.86913	12
0.87682	14
0.88451	13
0.89220	14
0.89989	14
0.90758	14
0.91528	14
0.92297	13
0.93066	14
0.93835	12
0.94604	16
0.95373	15
0.96142	13
0.96912	15
0.97681	14
0.98450	14
0.99219	15
0.99988	13
1.00757	12
1.01526	12
1.02296	12
1.03065	12
1.03834	13
1.04603	14
1.05372	12
1.06141	13
1.06910	13
1.07680	13
1.08449	13
1.09218	13
1.09987	13
1.10756	13
1.11525	13
1.12294	13
1.13064	10
1.13833	13
1.14602	12
1.15371	13
1.16140	13
1.16909	13
1.17678	13
1.18448	11
1.19217	12
1.19986	13
1.20755	10
1.21524	12
1.22293	12
1.23062	11
1.23831	11
1.24601	11
1.25370	11
1.26139	12
1.26908	12
1.27677	13
1.28446	12
1.29215	14
1.29985	13
1.30754	13
1.31523	12
1.32292	12
1.33061	11
1.33830	13
1.34599	12
1.35369	11
1.36138	11
1.36907	11
1.37676	13
1.38445	12
1.39214	12
1.39983	12
1.40753	12
1.41522	11
1.42291	12
1.43060	11
1.43829	12
1.44598	13
1.45367	11
1.46137	13
1.46906	12
1.47675	14
1.48444	13
1.49213	11
1.49982	12
1.50751	12
1.51521	12
1.52290	12
1.53059	12
1.53828	12
1.54597	14
1.55366	12
1.56135	13
1.56905	16
1.57674	16
1.58443	14
1.59212	18
1.59981	17
1.60750	17
1.61519	19
1.62288	22
1.63058	21
1.63827	23
1.64596	24
1.65365	25
1.66134	27
1.66903	27
1.67672	28
1.68442	32
1.69211	35
1.69980	38
1.70749	39
1.71518	41
1.72287	42
1.73056	47
1.73826	48
1.74595	52
1.75364	52
1.76133	53
1.76902	60
1.77671	61
1.78440	63
1.79210	67
1.79979	68
1.80748	72
1.81517	74
1.82286	74
1.83055	77
1.83824	81
1.84594	82
1.85363	82
1.86132	85
1.86901	84
1.87670	85
1.88439	88
1.89208	92
1.89978	93
1.90747	92
1.91516	95
1.92285	93
1.93054	94
1.93823	96
1.94592	92
1.95361	91
1.96131	85
1.96900	81
1.97669	73
1.98438	70
1.99207	64
1.99976	54
2.00745	49
2.01515	43
2.02284	39
2.03053	31
2.03822	28
2.04591	25
2.05360	25
2.06129	22
2.06899	18
2.07668	18
2.08437	19
2.09206	17
2.09975	15
2.10744	16
2.11513	14
2.12283	15
2.13052	15
2.13821	17
2.14590	17
2.15359	18
2.16128	14
2.16897	16
2.17667	18
2.18436	15
2.19205	16
2.19974	16
2.20743	16
2.21512	15
2.22281	16
2.23051	14
2.23820	17
2.24589	16
2.25358	16
2.26127	16
2.26896	16
2.27665	17
2.28435	17
2.29204	17
2.29973	18
2.30742	17
2.31511	19
2.32280	18
2.33049	19
2.33818	22
2.34588	29
2.35357	38
2.36126	49
2.36895	62
2.37664	68
2.38433	75
2.39202	85
2.39972	86
2.40741	92
2.41510	95
2.42279	92
2.43048	90
2.43817	88
2.44586	81
2.45356	80
2.46125	72
2.46894	69
2.47663	68
2.48432	66
2.49201	66
2.49970	69
2.50740	73
2.51509	68
2.52278	71
2.53047	65
2.53816	69
2.54585	64
2.55354	69
2.56124	68
2.56893	70
2.57662	72
2.58431	70
2.59200	71
2.59969	71
2.60738	73
2.61508	69
2.62277	74
2.63046	75
2.63815	74
2.64584	76
2.65353	78
2.66122	81
2.66892	79
2.67661	78
2.68430	80
2.69199	78
2.69968	78
2.70737	75
2.71506	72
2.72275	71
2.73045	69
2.73814	71
2.74583	69
2.75352	68
2.76121	70
2.76890	68
2.77659	69
2.78429	71
2.79198	73
2.79967	74
2.80736	71
2.81505	78
2.82274	78
2.83043	77
2.83813	81
2.84582	88
2.85351	88
2.86120	88
2.86889	95
2.87658	94
2.88427	104
2.89197	107
2.89966	107
2.90735	120
2.91504	127
2.92273	138
2.93042	148
2.93811	155
2.94581	164
2.95350	182
2.96119	194
2.96888	210
2.97657	217
2.98426	233
2.99195	241
2.99964	249
3.00734	249
3.01503	252
3.02272	249
3.03041	254
3.03810	248
3.04579	244
3.05348	255
3.06118	255
3.06887	255
3.07656	254
3.08425	255
3.09194	250
3.09963	229
3.10732	194
3.11502	162
3.12271	136
3.13040	120
3.13809	103
3.14578	93
3.15347	91
3.16116	85
3.16886	86
3.17655	90
3.18424	92
3.19193	96
3.19962	102
3.20731	104
3.21500	110
3.22270	115
3.23039	120
3.23808	120
3.24577	123
3.25346	117
3.26115	113
3.26884	106
3.27654	97
3.28423	94
3.29192	89
3.29961	83
3.30730	78
3.31499	76
3.32268	73
3.33038	72
3.33807	72
3.34576	69
3.35345	69
3.36114	69
3.36883	68
3.37652	66
3.38421	65
3.39191	65
3.39960	66
3.40729	68
3.41498	68
3.42267	67
3.43036	66
3.43805	67
3.44575	67
3.45344	66
3.46113	70
3.46882	68
3.47651	66
3.48420	65
3.49189	63
3.49959	62
3.50728	64
3.51497	62
3.52266	64
3.53035	62
3.53804	59
3.54573	62
3.55343	59
3.56112	57
3.56881	58
3.57650	56
3.58419	56
3.59188	56
3.59957	54
3.60727	54
3.61496	54
3.62265	54
3.63034	54
3.63803	55
3.64572	52
3.65341	54
3.66111	55
3.66880	56
3.67649	55
3.68418	58
3.69187	59
3.69956	60
3.70725	61
3.71495	63
3.72264	66
3.73033	65
3.73802	66
3.74571	70
3.75340	71
3.76109	71
3.76878	73
3.77648	71
3.78417	68
3.79186	65
3.79955	65
3.80724	63
3.81493	62
3.82262	57
3.83032	58
3.83801	55
3.84570	54
3.85339	51
3.86108	49
3.86877	49
3.87646	49
3.88416	48
3.89185	48
3.89954	49
3.90723	46
3.91492	47
3.92261	46
3.93030	46
3.93800	45
3.94569	46
3.95338	48
3.96107	48
3.96876	47
3.97645	47
3.98414	48
3.99184	48
3.99953	51
4.00722	48
4.01491	48
4.02260	46
4.03029	47
4.03798	46
4.04568	46
4.05337	47
4.06106	47
4.06875	46
4.07644	43
4.08413	46
4.09182	46
4.09951	46
4.10721	46
4.11490	45
4.12259	45
4.13028	44
4.13797	44
4.14566	44
4.15335	44
4.16105	44
4.16874	43
4.17643	43
4.18412	45
4.19181	42
4.19950	41
4.20719	43
4.21489	42
4.22258	43
4.23027	43
4.23796	44
4.24565	41
4.25334	44
4.26103	43
4.26873	44
4.27642	44
4.28411	43
4.29180	42
4.29949	43
4.30718	42
4.31487	44
4.32257	43
4.33026	43
4.33795	42
4.34564	44
4.35333	42
4.36102	41
4.36871	41
4.37641	42
4.38410	43
4.39179	43
4.39948	43
4.40717	42
4.41486	42
4.42255	40
4.43024	44
4.43794	42
4.44563	42
4.45332	41
4.46101	42
4.46870	44
4.47639	42
4.48408	41
4.49178	43
4.49947	43
4.50716	42
4.51485	39
4.52254	42
4.53023	43
4.53792	43
4.54562	41
4.55331	41
4.56100	42
4.56869	43
4.57638	42
4.58407	42
4.59176	41
4.59946	43
4.60715	44
4.61484	42
4.62253	44
4.63022	44
4.63791	45
4.64560	41
4.65330	41
4.66099	42
4.66868	42
4.67637	38
4.68406	39
4.69175	35
4.69944	35
4.70714	35
4.71483	34
4.72252	33
4.73021	36
4.73790	33
4.74559	34
4.75328	33
4.76097	33
4.76867	35
4.77636	35
4.78405	37
4.79174	35
4.79943	34
4.80712	36
4.81482	39
4.82251	37
4.83020	38
4.83789	40
4.84558	41
4.85327	41
4.86096	42
4.86865	40
4.87635	42
4.88404	40
4.89173	42
4.89942	43
4.90711	42
4.91480	45
4.92249	42
4.93019	45
4.93788	45
4.94557	48
4.95326	52
4.96095	50
4.96864	53
4.97633	56
4.98403	56
4.99172	55
4.99941	53
5.00710	59
5.01479	54
5.02248	53
5.03017	53
5.03787	52
5.04556	50
5.05325	47
5.06094	43
5.06863	43
5.07632	44
5.08401	39
5.09171	40
5.09940	39
5.10709	37
5.11478	35
5.12247	34
5.13016	34
5.13785	32
5.14555	30
5.15324	30
5.16093	29
5.16862	28
5.17631	26
5.18400	25
5.19169	25
5.19938	24
5.20708	24
5.21477	24
5.22246	23
5.23015	21
5.23784	22
5.24553	22
5.25322	22
5.26092	20
5.26861	20
5.27630	21
5.28399	20
5.29168	20
5.29937	22
5.30706	22
5.31476	22
5.32245	19
5.33014	21
5.33783	21
5.34552	23
5.35321	24
5.36090	21
5.36860	23
5.37629	23
5.38398	22
5.39167	22
5.39936	24
5.40705	23
5.41474	24
5.42244	28
5.43013	31
5.43782	30
5.44551	35
5.45320	41
5.46089	45
5.46858	49
5.47627	52
5.48397	59
5.49166	62
5.49935	68
5.50704	67
5.51473	69
5.52242	70
5.53011	68
5.53781	60
5.54550	56
5.55319	49
5.56088	42
5.56857	37
5.57626	31
5.58395	27
5.59165	28
5.59934	24
5.60703	24
5.61472	22
5.62241	22
5.63010	20
5.63779	22
5.64549	21
5.65318	19
5.66087	21
5.66856	21
5.67625	19
5.68394	19
5.69163	19
5.69933	19
5.70702	18
5.71471	18
5.72240	17
5.73009	18
5.73778	17
5.74547	18
5.75317	17
5.76086	17
5.76855	17
5.77624	18
5.78393	17
5.79162	16
5.79931	16
5.80700	17
5.81470	18
5.82239	18
5.83008	17
0.00000	60
0.00769	51
0.01538	43
0.02307	38
0.03077	34
0.03846	30
0.04615	27
0.05384	24
0.06153	23
0.06922	22
0.07691	20
0.08461	20
0.09230	19
0.09999	20
0.10768	19
0.11537	17
0.12306	17
0.13075	18
0.13845	17
0.14614	17
0.15383	14
0.16152	15
0.16921	16
0.17690	16
0.18459	14
0.19228	17
0.19998	13
0.20767	15
0.21536	12
0.22305	13
0.23074	14
0.23843	13
0.24612	12
0.25382	13
0.26151	14
0.26920	14
0.27689	13
0.28458	14
0.29227	12
0.29996	12
0.30766	13
0.31535	12
0.32304	12
0.33073	12
0.33842	11
0.34611	12
0.35380	10
0.36150	10
0.36919	11
0.37688	11
0.38457	10
0.39226	11
0.39995	11
0.40764	11
0.41534	11
0.42303	9
0.43072	11
0.43841	11
0.44610	11
0.45379	17
0.46148	13
0.46918	12
0.47687	12
0.48456	11
0.49225	12
0.49994	12
0.50763	11
0.51532	11
0.52302	11
0.53071	12
0.53840	19
0.54609	39
0.55378	50
0.56147	38
0.56916	20
0.57685	15
0.58455	11
0.59224	12
0.59993	11
0.60762	10
0.61531	11
0.62300	11
0.63069	10
0.63839	12
0.64608	11
0.65377	9
0.66146	11
0.66915	10
0.67684	11
0.68453	11
0.69223	11
0.69992	12
0.70761	12
0.71530	11
0.72299	10
0.73068	10
0.73837	11
0.74607	11
0.75376	12
0.76145	11
0.76914	11
0.77683	10
0.78452	8
0.79221	11
0.79991	12
0.80760	11
0.81529	12
0.82298	10
0.83067	10
0.83836	11
0.84605	12
0.85375	11
0.86144	12
0.86913	11
0.87682	11
0.88451	11
0.89220	11
0.89989	12
0.90758	12
0.91528	11
0.92297	12
0.93066	13
0.93835	13
0.94604	15
0.95373	13
0.96142	13
0.96912	15
0.97681	16
0.98450	15
0.99219	14
0.99988	17
1.00757	19
1.01526	17
1.02296	17
1.03065	15
1.03834	15
1.04603	15
1.05372	16
1.06141	19
1.06910	19
1.07680	20
1.08449	18
1.09218	20
1.09987	20
1.10756	23
1.11525	22
1.12294	20
1.13064	20
1.13833	20
1.14602	24
1.15371	24
1.16140	20
1.16909	23
1.17678	24
1.18448	22
1.19217	24
1.19986	22
1.20755	24
1.21524	26
1.22293	25
1.23062	24
1.23831	24
1.24601	23
1.25370	23
1.26139	21
1.26908	23
1.27677	24
1.28446	24
1.29215	24
1.29985	22
1.30754	22
1.31523	20
1.32292	20
1.33061	23
1.33830	21
1.34599	21
1.35369	18
1.36138	19
1.36907	19
1.37676	21
1.38445	19
1.39214	18
1.39983	19
1.40753	19
1.41522	17
1.42291	19
1.43060	20
1.43829	19
1.44598	19
1.45367	17
1.46137	19
1.46906	19
1.47675	19
1.48444	19
1.49213	22
1.49982	21
1.50751	22
1.51521	20
1.52290	20
1.53059	19
1.53828	19
1.54597	19
1.55366	19
1.56135	21
1.56905	20
1.57674	20
1.58443	21
1.59212	22
1.59981	23
1.60750	22
1.61519	24
1.62288	22
1.63058	24
1.63827	25
1.64596	24
1.65365	29
1.66134	28
1.66903	24
1.67672	28
1.68442	28
1.69211	27
1.69980	30
1.70749	31
1.71518	30
1.72287	31
1.73056	30
1.73826	30
1.74595	34
1.75364	34
1.76133	33
1.76902	35
1.77671	36
1.78440	33
1.79210	35
1.79979	36
1.80748	31
1.81517	33
1.82286	31
1.83055	32
1.83824	31
1.84594	31
1.85363	32
1.86132	30
1.86901	29
1.87670	29
1.88439	28
1.89208	28
1.89978	28
1.90747	27
1.91516	28
1.92285	27
1.93054	30
1.93823	27
1.94592	26
1.95361	25
1.96131	25
1.96900	24
1.97669	25
1.98438	23
1.99207	27
1.99976	23
2.00745	23
2.01515	23
2.02284	23
2.03053	24
2.03822	25
2.04591	22
2.05360	24
2.06129	23
2.06899	25
2.07668	22
2.08437	26
2.09206	25
2.09975	26
2.10744	23
2.11513	25
2.12283	27
2.13052	27
2.13821	27
2.14590	29
2.15359	29
2.16128	31
2.16897	32
2.17667	31
2.18436	32
2.19205	33
2.19974	33
2.20743	34
2.21512	36
2.22281	39
2.23051	41
2.23820	39
2.24589	38
2.25358	39
2.26127	36
2.26896	36
2.27665	34
2.28435	34
2.29204	32
2.29973	34
2.30742	34
2.31511	33
2.32280	33
2.33049	33
2.33818	36
2.34588	33
2.35357	37
2.36126	34
2.36895	33
2.37664	37
2.38433	33
2.39202	34
2.39972	36
2.40741	35
2.41510	35
2.42279	35
2.43048	35
2.43817	36
2.44586	35
2.45356	36
2.46125	35
2.46894	36
2.47663	36
2.48432	35
2.49201	35
2.49970	38
2.50740	35
2.51509	36
2.52278	39
2.53047	38
2.53816	39
2.54585	39
2.55354	40
2.56124	40
2.56893	41
2.57662	40
2.58431	39
2.59200	40
2.59969	42
2.60738	42
2.61508	44
2.62277	46
2.63046	49
2.63815	50
2.64584	49
2.65353	51
2.66122	50
2.66892	49
2.67661	47
2.68430	47
2.69199	48
2.69968	45
2.70737	45
2.71506	48
2.72275	46
2.73045	48
2.73814	47
2.74583	50
2.75352	48
2.76121	46
2.76890	45
2.77659	52
2.78429	48
2.79198	49
2.79967	49
2.80736	47
2.81505	48
2.82274	49
2.83043	50
2.83813	51
2.84582	52
2.85351	54
2.86120	59
2.86889	66
2.87658	70
2.88427	81
2.89197	81
2.89966	86
2.90735	88
2.91504	88
2.92273	83
2.93042	81
2.93811	77
2.94581	76
2.95350	79
2.96119	86
2.96888	96
2.97657	110
2.98426	121
2.99195	140
2.99964	149
3.00734	160
3.01503	165
3.02272	164
3.03041	157
3.03810	145
3.04579	127
3.05348	114
3.06118	103
3.06887	92
3.07656	83
3.08425	88
3.09194	89
3.09963	95
3.10732	104
3.11502	113
3.12271	115
3.13040	115
3.13809	118
3.14578	112
3.15347	106
3.16116	94
3.16886	83
3.17655	74
3.18424	64
3.19193	58
3.19962	49
3.20731	44
3.21500	44
3.22270	41
3.23039	42
3.23808	41
3.24577	36
3.25346	36
3.26115	37
3.26884	36
3.27654	35
3.28423	36
3.29192	35
3.29961	38
3.30730	36
3.31499	40
3.32268	37
3.33038	39
3.33807	35
3.34576	38
3.35345	38
3.36114	37
3.36883	36
3.37652	38
3.38421	39
3.39191	43
3.39960	44
3.40729	47
3.41498	51
3.42267	54
3.43036	60
3.43805	59
3.44575	55
3.45344	56
3.46113	51
3.46882	46
3.47651	44
3.48420	41
3.49189	41
3.49959	40
3.50728	38
3.51497	39
3.52266	38
3.53035	40
3.53804	39
3.54573	42
3.55343	40
3.56112	38
3.56881	36
3.57650	40
3.58419	38
3.59188	41
3.59957	42
3.60727	41
3.61496	46
3.62265	48
3.63034	49
3.63803	51
3.64572	54
3.65341	56
3.66111	59
3.66880	60
3.67649	62
3.68418	60
3.69187	64
3.69956	63
3.70725	59
3.71495	58
3.72264	55
3.73033	52
3.73802	49
3.74571	47
3.75340	45
3.76109	42
3.76878	40
3.77648	37
3.78417	37
3.79186	37
3.79955	35
3.80724	35
3.81493	37
3.82262	40
3.83032	39
3.83801	43
3.84570	50
3.85339	50
3.86108	56
3.86877	67
3.87646	70
3.88416	78
3.89185	86
3.89954	96
3.90723	104
3.91492	117
3.92261	136
3.93030	146
3.93800	158
3.94569	168
3.95338	183
3.96107	184
3.96876	201
3.97645	204
3.98414	207
3.99184	210
3.99953	214
4.00722	215
4.01491	201
4.02260	191
4.03029	176
4.03798	160
4.04568	145
4.05337	132
4.06106	118
4.06875	109
4.07644	96
4.08413	85
4.09182	73
4.09951	63
4.10721	56
4.11490	46
4.12259	46
4.13028	43
4.13797	40
4.14566	39
4.15335	36
4.16105	36
4.16874	34
4.17643	33
4.18412	30
4.19181	31
4.19950	28
4.20719	28
4.21489	28
4.22258	28
4.23027	29
4.23796	27
4.24565	29
4.25334	29
4.26103	29
4.26873	29
4.27642	31
4.28411	32
4.29180	35
4.29949	34
4.30718	35
4.31487	38
4.32257	41
4.33026	41
4.33795	43
4.34564	43
4.35333	45
4.36102	44
4.36871	43
4.37641	40
4.38410	41
4.39179	36
4.39948	40
4.40717	36
4.41486	36
4.42255	34
4.43024	36
4.43794	37
4.44563	35
4.45332	37
4.46101	37
4.46870	38
4.47639	41
4.48408	42
4.49178	43
4.49947	44
4.50716	47
4.51485	49
4.52254	50
4.53023	50
4.53792	52
4.54562	52
4.55331	53
4.56100	59
4.56869	62
4.57638	62
4.58407	59
4.59176	64
4.59946	60
4.60715	58
4.61484	53
4.62253	48
4.63022	44
4.63791	42
4.64560	37
4.65330	35
4.66099	30
4.66868	30
4.67637	28
4.68406	28
4.69175	28
4.69944	28
4.70714	27
4.71483	26
4.72252	26
4.73021	28
4.73790	28
4.74559	25
4.75328	26
4.76097	25
4.76867	25
4.77636	25
4.78405	25
4.79174	25
4.79943	25
4.80712	23
4.81482	25
4.82251	27
4.83020	27
4.83789	25
4.84558	29
4.85327	30
4.86096	34
4.86865	35
4.87635	40
4.88404	42
4.89173	42
4.89942	46
4.90711	51
4.91480	55
4.92249	59
4.93019	67
4.93788	78
4.94557	93
4.95326	106
4.96095	126
4.96864	143
4.97633	161
4.98403	178
4.99172	194
4.99941	204
5.00710	208
5.01479	212
5.02248	219
5.03017	213
5.03787	196
5.04556	180
5.05325	153
5.06094	132
5.06863	109
5.07632	89
5.08401	79
5.09171	70
5.09940	67
5.10709	63
5.11478	59
5.12247	57
5.13016	55
5.13785	50
5.14555	43
5.15324	37
5.16093	34
5.16862	27
5.17631	26
5.18400	20
5.19169	17
5.19938	18
5.20708	16
5.21477	15
5.22246	14
5.23015	13
5.23784	13
5.24553	12
5.25322	12
5.26092	11
5.26861	10
5.27630	12
5.28399	11
5.29168	11
5.29937	11
5.30706	11
5.31476	10
5.32245	11
5.33014	11
5.33783	10
5.34552	10
5.35321	12
5.36090	11
5.36860	11
5.37629	10
5.38398	11
5.39167	12
5.39936	12
5.40705	12
5.41474	10
5.42244	10
5.43013	11
5.43782	12
5.44551	10
5.45320	11
5.46089	11
5.46858	12
5.47627	12
5.48397	13
5.49166	14
5.49935	12
5.50704	13
5.51473	14
5.52242	12
5.53011	12
5.53781	12
5.54550	12
5.55319	10
5.56088	12
5.56857	16
5.57626	12
5.58395	12
5.59165	14
5.59934	14
5.60703	16
5.61472	16
5.62241	14
5.63010	16
5.63779	17
5.64549	17
5.65318	17
5.66087	17
5.66856	16
5.67625	17
5.68394	17
5.69163	16
5.69933	15
5.70702	14
5.71471	16
5.72240	14
5.73009	13
5.73778	15
5.74547	13
5.75317	13
5.76086	14
5.76855	14
5.77624	14
5.78393	14
5.79162	16
5.79931	16
5.80700	14
5.81470	17
5.82239	17
5.83008	16
0.00000	15
0.00769	13
0.01538	12
0.02307	12
0.03077	11
0.03846	14
0.04615	10
0.05384	13
0.06153	15
0.06922	11
0.07691	11
0.08461	10
0.09230	9
0.09999	10
0.10768	8
0.11537	10
0.12306	9
0.13075	9
0.13845	9
0.14614	9
0.15383	9
0.16152	8
0.16921	9
0.17690	9
0.18459	8
0.19228	8
0.19998	8
0.20767	7
0.21536	7
0.22305	10
0.23074	9
0.23843	11
0.24612	9
0.25382	9
0.26151	7
0.26920	8
0.27689	8
0.28458	8
0.29227	8
0.29996	8
0.30766	6
0.31535	7
0.32304	7
0.33073	9
0.33842	8
0.34611	6
0.35380	8
0.36150	8
0.36919	7
0.37688	7
0.38457	8
0.39226	7
0.39995	7
0.40764	7
0.41534	7
0.42303	7
0.43072	9
0.43841	10
0.44610	8
0.45379	9
0.46148	7
0.46918	8
0.47687	8
0.48456	8
0.49225	8
0.49994	9
0.50763	8
0.51532	9
0.52302	7
0.53071	9
0.53840	8
0.54609	9
0.55378	7
0.56147	9
0.56916	8
0.57685	9
0.58455	7
0.59224	8
0.59993	9
0.60762	8
0.61531	8
0.62300	7
0.63069	8
0.63839	8
0.64608	8
0.65377	9
0.66146	6
0.66915	7
0.67684	7
0.68453	8
0.69223	8
0.69992	7
0.70761	8
0.71530	8
0.72299	8
0.73068	8
0.73837	8
0.74607	9
0.75376	7
0.76145	9
0.76914	8
0.77683	9
0.78452	7
0.79221	9
0.79991	8
0.80760	9
0.81529	9
0.82298	8
0.83067	8
0.83836	9
0.84605	10
0.85375	9
0.86144	9
0.86913	9
0.87682	9
0.88451	10
0.89220	10
0.89989	9
0.90758	9
0.91528	10
0.92297	11
0.93066	10
0.93835	9
0.94604	11
0.95373	11
0.96142	10
0.96912	11
0.97681	11
0.98450	9
0.99219	9
0.99988	12
1.00757	11
1.01526	10
1.02296	10
1.03065	12
1.03834	10
1.04603	12
1.05372	10
1.06141	11
1.06910	10
1.07680	12
1.08449	11
1.09218	11
1.09987	10
1.10756	11
1.11525	11
1.12294	13
1.13064	12
1.13833	12
1.14602	10
1.15371	11
1.16140	10
1.16909	11
1.17678	12
1.18448	11
1.19217	12
1.19986	12
1.20755	11
1.21524	12
1.22293	12
1.23062	11
1.23831	10
1.24601	11
1.25370	11
1.26139	11
1.26908	11
1.27677	11
1.28446	11
1.29215	11
1.29985	11
1.30754	9
1.31523	11
1.32292	11
1.33061	11
1.33830	11
1.34599	11
1.35369	11
1.36138	11
1.36907	10
1.37676	11
1.38445	11
1.39214	12
1.39983	11
1.40753	10
1.41522	11
1.42291	12
1.43060	14
1.43829	11
1.44598	10
1.45367	12
1.46137	10
1.46906	11
1.47675	12
1.48444	12
1.49213	13
1.49982	12
1.50751	12
1.51521	12
1.52290	13
1.53059	12
1.53828	13
1.54597	12
1.55366	13
1.56135	13
1.56905	14
1.57674	12
1.58443	14
1.59212	13
1.59981	15
1.60750	13
1.61519	15
1.62288	15
1.63058	14
1.63827	16
1.64596	14
1.65365	14
1.66134	14
1.66903	15
1.67672	15
1.68442	15
1.69211	16
1.69980	17
1.70749	16
1.71518	19
1.72287	18
1.73056	18
1.73826	16
1.74595	16
1.75364	17
1.76133	15
1.76902	16
1.77671	15
1.78440	16
1.79210	15
1.79979	17
1.80748	15
1.81517	16
1.82286	16
1.83055	14
1.83824	15
1.84594	16
1.85363	14
1.86132	16
1.86901	14
1.87670	14
1.88439	14
1.89208	13
1.89978	13
1.90747	14
1.91516	12
1.92285	13
1.93054	13
1.93823	13
1.94592	13
1.95361	14
1.96131	14
1.96900	13
1.97669	13
1.98438	15
1.99207	15
1.99976	14
2.00745	15
2.01515	14
2.02284	15
2.03053	19
2.03822	16
2.04591	15
2.05360	15
2.06129	17
2.06899	15
2.07668	15
2.08437	18
2.09206	15
2.09975	14
2.10744	15
2.11513	15
2.12283	15
2.13052	15
2.13821	15
2.14590	14
2.15359	15
2.16128	14
2.16897	15
2.17667	15
2.18436	14
2.19205	14
2.19974	14
2.20743	15
2.21512	14
2.22281	14
2.23051	13
2.23820	13
2.24589	15
2.25358	15
2.26127	12
2.26896	16
2.27665	14
2.28435	13
2.29204	15
2.29973	14
2.30742	16
2.31511	13
2.32280	15
2.33049	16
2.33818	14
2.34588	15
2.35357	14
2.36126	15
2.36895	15
2.37664	15
2.38433	15
2.39202	14
2.39972	15
2.40741	14
2.41510	14
2.42279	17
2.43048	15
2.43817	15
2.44586	13
2.45356	16
2.46125	15
2.46894	14
2.47663	17
2.48432	15
2.49201	14
2.49970	16
2.50740	15
2.51509	14
2.52278	15
2.53047	16
2.53816	17
2.54585	16
2.55354	17
2.56124	16
2.56893	15
2.57662	15
2.58431	15
2.59200	15
2.59969	17
2.60738	17
2.61508	17
2.62277	17
2.63046	17
2.63815	18
2.64584	18
2.65353	16
2.66122	17
2.66892	16
2.67661	17
2.68430	17
2.69199	18
2.69968	17
2.70737	18
2.71506	19
2.72275	21
2.73045	21
2.73814	19
2.74583	21
2.75352	20
2.76121	21
2.76890	21
2.77659	21
2.78429	21
2.79198	22
2.79967	21
2.80736	23
2.81505	24
2.82274	28
2.83043	29
2.83813	28
2.84582	31
2.85351	34
2.86120	36
2.86889	34
2.87658	35
2.88427	35
2.89197	34
2.89966	41
2.90735	45
2.91504	53
2.92273	66
2.93042	75
2.93811	88
2.94581	94
2.95350	101
2.96119	104
2.96888	104
2.97657	97
2.98426	89
2.99195	83
2.99964	73
3.00734	67
3.01503	66
3.02272	63
3.03041	69
3.03810	77
3.04579	84
3.05348	89
3.06118	99
3.06887	100
3.07656	101
3.08425	99
3.09194	91
3.09963	83
3.10732	73
3.11502	66
3.12271	53
3.13040	44
3.13809	37
3.14578	33
3.15347	28
3.16116	25
3.16886	21
3.17655	20
3.18424	20
3.19193	19
3.19962	16
3.20731	17
3.21500	16
3.22270	15
3.23039	16
3.23808	16
3.24577	16
3.25346	14
3.26115	15
3.26884	14
3.27654	14
3.28423	15
3.29192	14
3.29961	15
3.30730	13
3.31499	15
3.32268	14
3.33038	14
3.33807	15
3.34576	16
3.35345	13
3.36114	15
3.36883	14
3.37652	17
3.38421	16
3.39191	15
3.39960	15
3.40729	16
3.41498	15
3.42267	15
3.43036	15
3.43805	13
3.44575	15
3.45344	15
3.46113	15
3.46882	13
3.47651	15
3.48420	14
3.49189	14
3.49959	15
3.50728	12
3.51497	14
3.52266	15
3.53035	14
3.53804	14
3.54573	14
3.55343	13
3.56112	14
3.56881	14
3.57650	14
3.58419	13
3.59188	12
3.59957	15
3.60727	13
3.61496	14
3.62265	16
3.63034	14
3.63803	15
3.64572	14
3.65341	14
3.66111	14
3.66880	15
3.67649	15
3.68418	14
3.69187	15
3.69956	16
3.70725	14
3.71495	14
3.72264	14
3.73033	13
3.73802	13
3.74571	13
3.75340	14
3.76109	14
3.76878	12
3.77648	15
3.78417	14
3.79186	12
3.79955	15
3.80724	14
3.81493	15
3.82262	14
3.83032	15
3.83801	14
3.84570	15
3.85339	15
3.86108	15
3.86877	15
3.87646	16
3.88416	16
3.89185	15
3.89954	14
3.90723	15
3.91492	14
3.92261	15
3.93030	15
3.93800	15
3.94569	16
3.95338	16
3.96107	16
3.96876	17
3.97645	18
3.98414	17
3.99184	18
3.99953	18
4.00722	19
4.01491	20
4.02260	22
4.03029	23
4.03798	21
4.04568	24
4.05337	22
4.06106	22
4.06875	19
4.07644	19
4.08413	18
4.09182	18
4.09951	18
4.10721	17
4.11490	17
4.12259	16
4.13028	17
4.13797	17
4.14566	17
4.15335	16
4.16105	18
4.16874	19
4.17643	20
4.18412	20
4.19181	22
4.19950	25
4.20719	28
4.21489	29
4.22258	31
4.23027	32
4.23796	34
4.24565	33
4.25334	32
4.26103	34
4.26873	34
4.27642	32
4.28411	33
4.29180	30
4.29949	30
4.30718	28
4.31487	30
4.32257	30
4.33026	29
4.33795	31
4.34564	31
4.35333	30
4.36102	34
4.36871	33
4.37641	35
4.38410	36
4.39179	39
4.39948	38
4.40717	42
4.41486	43
4.42255	44
4.43024	42
4.43794	47
4.44563	48
4.45332	55
4.46101	57
4.46870	58
4.47639	63
4.48408	64
4.49178	65
4.49947	64
4.50716	63
4.51485	57
4.52254	54
4.53023	52
4.53792	45
4.54562	42
4.55331	38
4.56100	32
4.56869	30
4.57638	27
4.58407	25
4.59176	22
4.59946	19
4.60715	19
4.61484	17
4.62253	16
4.63022	16
4.63791	15
4.64560	14
4.65330	13
4.66099	13
4.66868	13
4.67637	12
4.68406	12
4.69175	12
4.69944	14
4.70714	13
4.71483	13
4.72252	13
4.73021	13
4.73790	12
4.74559	13
4.75328	12
4.76097	13
4.76867	13
4.77636	13
4.78405	13
4.79174	13
4.79943	12
4.80712	13
4.81482	15
4.82251	15
4.83020	19
4.83789	22
4.84558	21
4.85327	29
4.86096	32
4.86865	29
4.87635	28
4.88404	27
4.89173	27
4.89942	24
4.90711	22
4.91480	22
4.92249	19
4.93019	22
4.93788	22
4.94557	27
4.95326	26
4.96095	29
4.96864	33
4.97633	33
4.98403	38
4.99172	41
4.99941	46
5.00710	49
5.01479	53
5.02248	56
5.03017	57
5.03787	52
5.04556	45
5.05325	43
5.06094	38
5.06863	30
5.07632	26
5.08401	21
5.09171	17
5.09940	18
5.10709	17
5.11478	17
5.12247	14
5.13016	14
5.13785	14
5.14555	14
5.15324	15
5.16093	13
5.16862	12
5.17631	12
5.18400	10
5.19169	12
5.19938	9
5.20708	10
5.21477	9
5.22246	10
5.23015	10
5.23784	10
5.24553	9
5.25322	8
5.26092	8
5.26861	9
5.27630	9
5.28399	8
5.29168	8
5.29937	9
5.30706	9
5.31476	9
5.32245	9
5.33014	7
5.33783	8
5.34552	9
5.35321	10
5.36090	10
5.36860	9
5.37629	8
5.38398	8
5.39167	9
5.39936	9
5.40705	9
5.41474	7
5.42244	8
5.43013	8
5.43782	9
5.44551	8
5.45320	10
5.46089	10
5.46858	8
5.47627	8
5.48397	8
5.49166	9
5.49935	9
5.50704	7
5.51473	9
5.52242	8
5.53011	10
5.53781	10
5.54550	8
5.55319	9
5.56088	9
5.56857	9
5.57626	9
5.58395	10
5.59165	8
5.59934	9
5.60703	10
5.61472	7
5.62241	8
5.63010	9
5.63779	9
5.64549	9
5.65318	9
5.66087	10
5.66856	9
5.67625	11
5.68394	10
5.69163	9
5.69933	10
5.70702	10
5.71471	9
5.72240	11
5.73009	10
5.73778	12
5.74547	12
5.75317	11
5.76086	13
5.76855	13
5.77624	15
5.78393	17
5.79162	20
5.79931	19
5.80700	22
5.81470	32
5.82239	41
5.83008	53
0.00000	10.0000
0.00769	8.0293
0.01538	9.9413
0.02307	9.0880
0.03077	8.8827
0.03846	7.1467
0.04615	6.1760
0.05384	6.0000
0.06153	5.7653
0.06922	6.2640
0.07691	7.0000
0.08461	6.0000
0.09230	6.3520
0.09999	7.0000
0.10768	7.1787
0.11537	7.0000
0.12306	7.0000
0.13075	7.5013
0.13845	8.0000
0.14614	8.1147
0.15383	7.0000
0.16152	7.5360
0.16921	11.1280
0.17690	7.0000
0.18459	7.2960
0.19228	5.7333
0.19998	6.2373
0.20767	8.7920
0.21536	7.1787
0.22305	7.1493
0.23074	7.0000
0.23843	6.0000
0.24612	7.0000
0.25382	7.9360
0.26151	7.0000
0.26920	7.0000
0.27689	7.0000
0.28458	7.9147
0.29227	6.8853
0.29996	6.1440
0.30766	6.3467
0.31535	6.0000
0.32304	7.0000
0.33073	8.4773
0.33842	7.0000
0.34611	6.3200
0.35380	7.3013
0.36150	7.0000
0.36919	7.0000
0.37688	8.1253
0.38457	7.0000
0.39226	6.5040
0.39995	6.9493
0.40764	5.8907
0.41534	6.8320
0.42303	7.0000
0.43072	7.0000
0.43841	7.3280
0.44610	7.0000
0.45379	8.4613
0.46148	9.0000
0.46918	7.7893
0.47687	7.0000
0.48456	7.1520
0.49225	6.0000
0.49994	6.0933
0.50763	7.9360
0.51532	7.0000
0.52302	6.9947
0.53071	7.0000
0.53840	8.0533
0.54609	8.8347
0.55378	7.0000
0.56147	7.0000
0.56916	7.6587
0.57685	7.2000
0.58455	7.0000
0.59224	7.0000
0.59993	7.2880
0.60762	6.9520
0.61531	6.6533
0.62300	6.3760
0.63069	7.0000
0.63839	7.0000
0.64608	6.9280
0.65377	7.4933
0.66146	7.5227
0.66915	6.4480
0.67684	8.0000
0.68453	7.3893
0.69223	6.6400
0.69992	8.0000
0.70761	7.0000
0.71530	6.2720
0.72299	6.4853
0.73068	6.2133
0.73837	6.1840
0.74607	7.1547
0.75376	8.2507
0.76145	5.0960
0.76914	7.9333
0.77683	7.0000
0.78452	7.0080
0.79221	7.0000
0.79991	7.0507
0.80760	8.0000
0.81529	7.7813
0.82298	7.1387
0.83067	8.8320
0.83836	7.1973
0.84605	7.7733
0.85375	6.2560
0.86144	7.2853
0.86913	8.0000
0.87682	7.0000
0.88451	7.3733
0.89220	7.5973
0.89989	7.5680
0.90758	7.0000
0.91528	7.4907
0.92297	7.0400
0.93066	7.5493
0.93835	7.4213
0.94604	8.0000
0.95373	8.0000
0.96142	7.0000
0.96912	7.6960
0.97681	9.0000
0.98450	6.4907
0.99219	9.5680
0.99988	7.6267
1.00757	8.0000
1.01526	5.3840
1.02296	7.9013
1.03065	8.9307
1.03834	7.0800
1.04603	7.0107
1.05372	7.0187
1.06141	7.0480
1.06910	7.1547
1.07680	9.0000
1.08449	7.0000
1.09218	8.8347
1.09987	7.6107
1.10756	8.2240
1.11525	9.0000
1.12294	9.4347
1.13064	8.3120
1.13833	9.0000
1.14602	8.3707
1.15371	8.4000
1.16140	8.1413
1.16909	8.4587
1.17678	8.5120
1.18448	8.5173
1.19217	8.0000
1.19986	8.0000
1.20755	9.6053
1.21524	8.3653
1.22293	9.0000
1.23062	9.0000
1.23831	8.7227
1.24601	8.7520
1.25370	8.7813
1.26139	8.0000
1.26908	9.5200
1.27677	8.1307
1.28446	8.1013
1.29215	8.2160
1.29985	9.0000
1.30754	9.0133
1.31523	8.9840
1.32292	10.0000
1.33061	10.0000
1.33830	9.0000
1.34599	9.7333
1.35369	10.0000
1.36138	11.0000
1.36907	9.7787
1.37676	10.2507
1.38445	9.7200
1.39214	11.0720
1.39983	9.6613
1.40753	10.6320
1.41522	9.3973
1.42291	9.2800
1.43060	10.4560
1.43829	10.0293
1.44598	9.4853
1.45367	11.0000
1.46137	10.0000
1.46906	10.0000
1.47675	11.3680
1.48444	11.6773
1.49213	11.3093
1.49982	12.2800
1.50751	11.2507
1.51521	12.0000
1.52290	12.0000
1.53059	11.1627
1.53828	12.1333
1.54597	14.0000
1.55366	13.0000
1.56135	13.9547
1.56905	13.9840
1.57674	12.0133
1.58443	15.0000
1.59212	13.8560
1.59981	15.1013
1.60750	13.8693
1.61519	17.6800
1.62288	15.1893
1.63058	16.2187
1.63827	14.2480
1.64596	14.7227
1.65365	14.0000
1.66134	16.0000
1.66903	14.6347
1.67672	15.0000
1.68442	14.8480
1.69211	16.4533
1.69980	16.4827
1.70749	15.0000
1.71518	15.5413
1.72287	13.8587
1.73056	14.4000
1.73826	14.2587
1.74595	15.3173
1.75364	13.6880
1.76133	13.4347
1.76902	11.7600
1.77671	12.4480
1.78440	12.8053
1.79210	13.0000
1.79979	13.1360
1.80748	12.7867
1.81517	12.0000
1.82286	11.0480
1.83055	11.9813
1.83824	12.0000
1.84594	10.0400
1.85363	11.0693
1.86132	8.1973
1.86901	10.0000
1.87670	10.0000
1.88439	11.0000
1.89208	10.0000
1.89978	11.4907
1.90747	12.0000
1.91516	11.6960
1.92285	12.0000
1.93054	12.0000
1.93823	12.0000
1.94592	11.4213
1.95361	11.9013
1.96131	11.9600
1.96900	12.0000
1.97669	10.9227
1.98438	12.4320
1.99207	11.6107
1.99976	11.3733
2.00745	12.3440
2.01515	11.6853
2.02284	12.0000
2.03053	12.7440
2.03822	11.7733
2.04591	12.6053
2.05360	11.8320
2.06129	11.1387
2.06899	10.0000
2.07668	11.0000
2.08437	12.0000
2.09206	11.0000
2.09975	10.0160
2.10744	10.9627
2.11513	10.9333
2.12283	11.8080
2.13052	10.8747
2.13821	10.1547
2.14590	11.6320
2.15359	11.0000
2.16128	10.5147
2.16897	11.2720
2.17667	12.3973
2.18436	11.0000
2.19205	10.0000
2.19974	11.3893
2.20743	11.1627
2.21512	10.4480
2.22281	11.4773
2.23051	11.4933
2.23820	12.0000
2.24589	10.5653
2.25358	11.0000
2.26127	11.0000
2.26896	12.0000
2.27665	10.6347
2.28435	11.0000
2.29204	10.4827
2.29973	12.0000
2.30742	11.0000
2.31511	12.0000
2.32280	11.1413
2.33049	10.8880
2.33818	10.8347
2.34588	11.0533
2.35357	11.0000
2.36126	12.0053
2.36895	11.0000
2.37664	11.0640
2.38433	10.9067
2.39202	11.7547
2.39972	10.8480
2.40741	11.6373
2.41510	11.7893
2.42279	11.0000
2.43048	10.7307
2.43817	10.2987
2.44586	10.6720
2.45356	10.7147
2.46125	11.0000
2.46894	11.5840
2.47663	11.1093
2.48432	12.0000
2.49201	11.0000
2.49970	10.9333
2.50740	10.0000
2.51509	10.4080
2.52278	11.6213
2.53047	11.6507
2.53816	11.3600
2.54585	10.5813
2.55354	12.2613
2.56124	10.2320
2.56893	11.7973
2.57662	10.6533
2.58431	11.8560
2.59200	12.0000
2.59969	11.0000
2.60738	13.0000
2.61508	12.0000
2.62277	13.0027
2.63046	12.9040
2.63815	11.1840
2.64584	10.9093
2.65353	11.8800
2.66122	12.0000
2.66892	11.8213
2.67661	12.0000
2.68430	11.7627
2.69199	12.2000
2.69968	11.0000
2.70737	10.6747
2.71506	11.0000
2.72275	11.6160
2.73045	11.5867
2.73814	11.5573
2.74583	11.4720
2.75352	12.0000
2.76121	11.0000
2.76890	12.5600
2.77659	11.8213
2.78429	12.2373
2.79198	12.3520
2.79967	11.3227
2.80736	13.2933
2.81505	13.4720
2.82274	13.5307
2.83043	13.2053
2.83813	14.0000
2.84582	13.2933
2.85351	13.1173
2.86120	14.0000
2.86889	15.0587
2.87658	16.0293
2.88427	18.0000
2.89197	18.0000
2.89966	19.9413
2.90735	19.9120
2.91504	21.7653
2.92273	20.0000
2.93042	21.0000
2.93811	22.0000
2.94581	20.2347
2.95350	20.4720
2.96119	20.7067
2.96888	19.0000
2.97657	20.0000
2.98426	18.3813
2.99195	19.5893
2.99964	19.5600
3.00734	21.0000
3.01503	22.0000
3.02272	22.4160
3.03041	22.8853
3.03810	22.2400
3.04579	22.6160
3.05348	24.0000
3.06118	21.9760
3.06887	21.2960
3.07656	20.5333
3.08425	19.2373
3.09194	17.7920
3.09963	17.8213
3.10732	15.1493
3.11502	15.8800
3.12271	14.9093
3.13040	14.0000
3.13809	13.9680
3.14578	11.0053
3.15347	12.9733
3.16116	10.0000
3.16886	11.8293
3.17655	10.1147
3.18424	9.4320
3.19193	11.6533
3.19962	11.5947
3.20731	8.6960
3.21500	11.0000
3.22270	10.4187
3.23039	10.3200
3.23808	11.3013
3.24577	10.3787
3.25346	10.8160
3.26115	8.8747
3.26884	10.4667
3.27654	10.0000
3.28423	9.5253
3.29192	10.4453
3.29961	11.0000
3.30730	10.3867
3.31499	9.3573
3.32268	10.0000
3.33038	10.7013
3.33807	9.5387
3.34576	10.7200
3.35345	10.0000
3.36114	10.1813
3.36883	11.1520
3.37652	9.7547
3.38421	12.0000
3.39191	11.8080
3.39960	9.0693
3.40729	10.0000
3.41498	12.8800
3.42267	10.8933
3.43036	10.0827
3.43805	9.1120
3.44575	9.0000
3.45344	9.1707
3.46113	10.6000
3.46882	10.2293
3.47651	10.0000
3.48420	11.0000
3.49189	10.3173
3.49959	10.3067
3.50728	10.3760
3.51497	9.0000
3.52266	10.5653
3.53035	10.4640
3.53804	10.0133
3.54573	9.9547
3.55343	9.5520
3.56112	9.5813
3.56881	9.6107
3.57650	11.0000
3.58419	10.3307
3.59188	10.0000
3.59957	11.0000
3.60727	9.7573
3.61496	9.0667
3.62265	9.1840
3.63034	11.0000
3.63803	9.8747
3.64572	9.0000
3.65341	10.0000
3.66111	11.9627
3.66880	9.9920
3.67649	9.9787
3.68418	10.0000
3.69187	11.0000
3.69956	9.1093
3.70725	9.1387
3.71495	8.8320
3.72264	8.8027
3.73033	10.0000
3.73802	9.7440
3.74571	11.4293
3.75340	9.6853
3.76109	11.0000
3.76878	10.3733
3.77648	11.2080
3.78417	9.0000
3.79186	9.4613
3.79955	9.9813
3.80724	10.4800
3.81493	8.9013
3.82262	10.4213
3.83032	10.0000
3.83801	9.0000
3.84570	9.3333
3.85339	9.3040
3.86108	10.0000
3.86877	10.0000
3.87646	9.6480
3.88416	9.3733
3.89185	9.1573
3.89954	10.0000
3.90723	10.9013
3.91492	9.9307
3.92261	10.0400
3.93030	10.9893
3.93800	10.0000
3.94569	9.9520
3.95338	10.9227
3.96107	11.0000
3.96876	9.7280
3.97645	10.0000
3.98414	10.0000
3.99184	11.0000
3.99953	11.0000
4.00722	11.0000
4.01491	12.0640
4.02260	9.6587
4.03029	10.6293
4.03798	10.4000
4.04568	12.0000
4.05337	9.4587
4.06106	11.5120
4.06875	10.5173
4.07644	11.9067
4.08413	10.0000
4.09182	10.3947
4.09951	10.7307
4.10721	10.6640
4.11490	11.3867
4.12259	10.5547
4.13028	10.2480
4.13797	10.7813
4.14566	10.1893
4.15335	10.8400
4.16105	10.0000
4.16874	11.0000
4.17643	10.0720
4.18412	10.0427
4.19181	12.0000
4.19950	11.0000
4.20719	11.9547
4.21489	11.7760
4.22258	11.0000
4.23027	12.7333
4.23796	11.8373
4.24565	12.8080
4.25334	12.7787
4.26103	14.4987
4.26873	12.2800
4.27642	12.6187
4.28411	12.3387
4.29180	10.2640
4.29949	11.6027
4.30718	12.0000
4.31487	13.0880
4.32257	12.0000
4.33026	13.0000
4.33795	11.4560
4.34564	13.8533
4.35333	11.3973
4.36102	12.6320
4.36871	10.6773
4.37641	12.3093
4.38410	12.2800
4.39179	11.2507
4.39948	12.2213
4.40717	12.3840
4.41486	14.0000
4.42255	12.1333
4.43024	13.3120
4.43794	12.0747
4.44563	12.0453
4.45332	13.0000
4.46101	14.9733
4.46870	14.9573
4.47639	14.9280
4.48408	13.8987
4.49178	15.0000
4.49947	15.0000
4.50716	13.3787
4.51485	14.5627
4.52254	13.2480
4.53023	12.8320
4.53792	13.3867
4.54562	13.6720
4.55331	13.0000
4.56100	12.3947
4.56869	13.4240
4.57638	12.0000
4.58407	12.4827
4.59176	12.5120
4.59946	10.9173
4.60715	10.5707
4.61484	10.8000
4.62253	11.3707
4.63022	11.0240
4.63791	10.0000
4.64560	10.0000
4.65330	10.0000
4.66099	10.5520
4.66868	10.0000
4.67637	9.1653
4.68406	10.0000
4.69175	10.7867
4.69944	10.0000
4.70714	10.0000
4.71483	10.0000
4.72252	10.0000
4.73021	9.9600
4.73790	10.8613
4.74559	10.0000
4.75328	9.1280
4.76097	9.8427
4.76867	8.8133
4.77636	8.4320
4.78405	10.0000
4.79174	8.2747
4.79943	9.0000
4.80712	9.3333
4.81482	9.7253
4.82251	10.0000
4.83020	10.0000
4.83789	7.6480
4.84558	9.5200
4.85327	9.4720
4.86096	9.4613
4.86865	8.8640
4.87635	8.5973
4.88404	9.0000
4.89173	9.0000
4.89942	9.0000
4.90711	10.0000
4.91480	8.0000
4.92249	9.0000
4.93019	9.1973
4.93788	9.8320
4.94557	10.0000
4.95326	9.8907
4.96095	9.9200
4.96864	9.0000
4.97633	9.0000
4.98403	8.9920
4.99172	10.0000
4.99941	9.1333
5.00710	10.9040
5.01479	10.0000
5.02248	9.0000
5.03017	9.1840
5.03787	10.0000
5.04556	11.0000
5.05325	10.5440
5.06094	10.6987
5.06863	10.6693
5.07632	11.2800
5.08401	10.3893
5.09171	10.8373
5.09940	12.1040
5.10709	11.0000
5.11478	9.5067
5.12247	9.0000
5.13016	10.8693
5.13785	9.0000
5.14555	9.0000
5.15324	9.3467
5.16093	8.3173
5.16862	9.0000
5.17631	9.0000
5.18400	8.0000
5.19169	8.6000
5.19938	9.8293
5.20708	8.8587
5.21477	8.1120
5.22246	9.9173
5.23015	7.1067
5.23784	8.0240
5.24553	8.0107
5.25322	10.9307
5.26092	12.0640
5.26861	9.9067
5.27630	10.0000
5.28399	8.3040
5.29168	9.8187
5.29937	10.2107
5.30706	9.7200
5.31476	13.0000
5.32245	12.5973
5.33014	10.0000
5.33783	7.6427
5.34552	7.7733
5.35321	8.5840
5.36090	8.0000
5.36860	8.5253
5.37629	8.4960
5.38398	8.4667
5.39167	6.4373
5.39936	8.5920
5.40705	8.6213
5.41474	8.6507
5.42244	8.0000
5.43013	8.0000
5.43782	9.7387
5.44551	8.5360
5.45320	8.7973
5.46089	8.8267
5.46858	8.8560
5.47627	7.8853
5.48397	8.8293
5.49166	9.0000
5.49935	8.9733
5.50704	8.0000
5.51473	9.0000
5.52242	8.0000
5.53011	8.9093
5.53781	7.1200
5.54550	8.1493
5.55319	7.1787
5.56088	7.4160
5.56857	8.2373
5.57626	8.0000
5.58395	8.2960
5.59165	8.6747
5.59934	7.3547
5.60703	9.0000
5.61472	7.1733
5.62241	7.5573
5.63010	8.5280
5.63779	7.5013
5.64549	8.5307
5.65318	8.5600
5.66087	8.8213
5.66856	9.0000
5.67625	8.3520
5.68394	8.3227
5.69163	7.5867
5.69933	9.0000
5.70702	9.0000
5.71471	8.2053
5.72240	9.3520
5.73009	11.0000
5.73778	11.8827
5.74547	12.0880
5.75317	13.9413
5.76086	13.0293
5.76855	18.0000
0.00000	10.0000
0.00769	8.0293
0.01538	9.9413
0.02307	9.0880
0.03077	8.8827
0.03846	7.1467
0.04615	6.1760
0.05384	6.0000
0.06153	5.7653
0.06922	6.2640
0.07691	7.0000
0.08461	6.0000
0.09230	6.3520
0.09999	7.0000
0.10768	7.1787
0.11537	7.0000
0.12306	7.0000
0.13075	7.5013
0.13845	8.0000
0.14614	8.1147
0.15383	7.0000
0.16152	7.5360
0.16921	11.1280
0.17690	7.0000
0.18459	7.2960
0.19228	5.7333
0.19998	6.2373
0.20767	8.7920
0.21536	7.1787
0.22305	7.1493
0.23074	7.0000
0.23843	6.0000
0.24612	7.0000
0.25382	7.9360
0.26151	7.0000
0.26920	7.0000
0.27689	7.0000
0.28458	7.9147
0.29227	6.8853
0.29996	6.1440
0.30766	6.3467
0.31535	6.0000
0.32304	7.0000
0.33073	8.4773
0.33842	7.0000
0.34611	6.3200
0.35380	7.3013
0.36150	7.0000
0.36919	7.0000
0.37688	8.1253
0.38457	7.0000
0.39226	6.5040
0.39995	6.9493
0.40764	5.8907
0.41534	6.8320
0.42303	7.0000
0.43072	7.0000
0.43841	7.3280
0.44610	7.0000
0.45379	8.4613
0.46148	9.0000
0.46918	7.7893
0.47687	7.0000
0.48456	7.1520
0.49225	6.0000
0.49994	6.0933
0.50763	7.9360
0.51532	7.0000
0.52302	6.9947
0.53071	7.0000
0.53840	8.0533
0.54609	8.8347
0.55378	7.0000
0.56147	7.0000
0.56916	7.6587
0.57685	7.2000
0.58455	7.0000
0.59224	7.0000
0.59993	7.2880
0.60762	6.9520
0.61531	6.6533
0.62300	6.3760
0.63069	7.0000
0.63839	7.0000
0.64608	6.9280
0.65377	7.4933
0.66146	7.5227
0.66915	6.4480
0.67684	8.0000
0.68453	7.3893
0.69223	6.6400
0.69992	8.0000
0.70761	7.0000
0.71530	6.2720
0.72299	6.4853
0.73068	6.2133
0.73837	6.1840
0.74607	7.1547
0.75376	8.2507
0.76145	5.0960
0.76914	7.9333
0.77683	7.0000
0.78452	7.0080
0.79221	7.0000
0.79991	7.0507
0.80760	8.0000
0.81529	7.7813
0.82298	7.1387
0.83067	8.8320
0.83836	7.1973
0.84605	7.7733
0.85375	6.2560
0.86144	7.2853
0.86913	8.0000
0.87682	7.0000
0.88451	7.3733
0.89220	7.5973
0.89989	7.5680
0.90758	7.0000
0.91528	7.4907
0.92297	7.0400
0.93066	7.5493
0.93835	7.4213
0.94604	8.0000
0.95373	8.0000
0.96142	7.0000
0.96912	7.6960
0.97681	9.0000
0.98450	6.4907
0.99219	9.5680
0.99988	7.6267
1.00757	8.0000
1.01526	5.3840
1.02296	7.9013
1.03065	8.9307
1.03834	7.0800
1.04603	7.0107
1.05372	7.0187
1.06141	7.0480
1.06910	7.1547
1.07680	9.0000
1.08449	7.0000
1.09218	8.8347
1.09987	7.6107
1.10756	8.2240
1.11525	9.0000
1.12294	9.4347
1.13064	8.3120
1.13833	9.0000
1.14602	8.3707
1.15371	8.4000
1.16140	8.1413
1.16909	8.4587
1.17678	8.5120
1.18448	8.5173
1.19217	8.0000
1.19986	8.0000
1.20755	9.6053
1.21524	8.3653
1.22293	9.0000
1.23062	9.0000
1.23831	8.7227
1.24601	8.7520
1.25370	8.7813
1.26139	8.0000
1.26908	9.5200
1.27677	8.1307
1.28446	8.1013
1.29215	8.2160
1.29985	9.0000
1.30754	9.0133
1.31523	8.9840
1.32292	10.0000
1.33061	10.0000
1.33830	9.0000
1.34599	9.7333
1.35369	10.0000
1.36138	11.0000
1.36907	9.7787
1.37676	10.2507
1.38445	9.7200
1.39214	11.0720
1.39983	9.6613
1.40753	10.6320
1.41522	9.3973
1.42291	9.2800
1.43060	10.4560
1.43829	10.0293
1.44598	9.4853
1.45367	11.0000
1.46137	10.0000
1.46906	10.0000
1.47675	11.3680
1.48444	11.6773
1.49213	11.3093
1.49982	12.2800
1.50751	11.2507
1.51521	12.0000
1.52290	12.0000
1.53059	11.1627
1.53828	12.1333
1.54597	14.0000
1.55366	13.0000
1.56135	13.9547
1.56905	13.9840
1.57674	12.0133
1.58443	15.0000
1.59212	13.8560
1.59981	15.1013
1.60750	13.8693
1.61519	17.6800
1.62288	15.1893
1.63058	16.2187
1.63827	14.2480
1.64596	14.7227
1.65365	14.0000
1.66134	16.0000
1.66903	14.6347
1.67672	15.0000
1.68442	14.8480
1.69211	16.4533
1.69980	16.4827
1.70749	15.0000
1.71518	15.5413
1.72287	13.8587
1.73056	14.4000
1.73826	14.2587
1.74595	15.3173
1.75364	13.6880
1.76133	13.4347
1.76902	11.7600
1.77671	12.4480
1.78440	12.8053
1.79210	13.0000
1.79979	13.1360
1.80748	12.7867
1.81517	12.0000
1.82286	11.0480
1.83055	11.9813
1.83824	12.0000
1.84594	10.0400
1.85363	11.0693
1.86132	8.1973
1.86901	10.0000
1.87670	10.0000
1.88439	11.0000
1.89208	10.0000
1.89978	11.4907
1.90747	12.0000
1.91516	11.6960
1.92285	12.0000
1.93054	12.0000
1.93823	12.0000
1.94592	11.4213
1.95361	11.9013
1.96131	11.9600
1.96900	12.0000
1.97669	10.9227
1.98438	12.4320
1.99207	11.6107
1.99976	11.3733
2.00745	12.3440
2.01515	11.6853
2.02284	12.0000
2.03053	12.7440
2.03822	11.7733
2.04591	12.6053
2.05360	11.8320
2.06129	11.1387
2.06899	10.0000
2.07668	11.0000
2.08437	12.0000
2.09206	11.0000
2.09975	10.0160
2.10744	10.9627
2.11513	10.9333
2.12283	11.8080
2.13052	10.8747
2.13821	10.1547
2.14590	11.6320
2.15359	11.0000
2.16128	10.5147
2.16897	11.2720
2.17667	12.3973
2.18436	11.0000
2.19205	10.0000
2.19974	11.3893
2.20743	11.1627
2.21512	10.4480
2.22281	11.4773
2.23051	11.4933
2.23820	12.0000
2.24589	10.5653
2.25358	11.0000
2.26127	11.0000
2.26896	12.0000
2.27665	10.6347
2.28435	11.0000
2.29204	10.4827
2.29973	12.0000
2.30742	11.0000
2.31511	12.0000
2.32280	11.1413
2.33049	10.8880
2.33818	10.8347
2.34588	11.0533
2.35357	11.0000
2.36126	12.0053
2.36895	11.0000
2.37664	11.0640
2.38433	10.9067
2.39202	11.7547
2.39972	10.8480
2.40741	11.6373
2.41510	11.7893
2.42279	11.0000
2.43048	10.7307
2.43817	10.2987
2.44586	10.6720
2.45356	10.7147
2.46125	11.0000
2.46894	11.5840
2.47663	11.1093
2.48432	12.0000
2.49201	11.0000
2.49970	10.9333
2.50740	10.0000
2.51509	10.4080
2.52278	11.6213
2.53047	11.6507
2.53816	11.3600
2.54585	10.5813
2.55354	12.2613
2.56124	10.2320
2.56893	11.7973
2.57662	10.6533
2.58431	11.8560
2.59200	12.0000
2.59969	11.0000
2.60738	13.0000
2.61508	12.0000
2.62277	13.0027
2.63046	12.9040
2.63815	11.1840
2.64584	10.9093
2.65353	11.8800
2.66122	12.0000
2.66892	11.8213
2.67661	12.0000
2.68430	11.7627
2.69199	12.2000
2.69968	11.0000
2.70737	10.6747
2.71506	11.0000
2.72275	11.6160
2.73045	11.5867
2.73814	11.5573
2.74583	11.4720
2.75352	12.0000
2.76121	11.0000
2.76890	12.5600
2.77659	11.8213
2.78429	12.2373
2.79198	12.3520
2.79967	11.3227
2.80736	13.2933
2.81505	13.4720
2.82274	13.5307
2.83043	13.2053
2.83813	14.0000
2.84582	13.2933
2.85351	13.1173
2.86120	14.0000
2.86889	15.0587
2.87658	16.0293
2.88427	18.0000
2.89197	18.0000
2.89966	19.9413
2.90735	19.9120
2.91504	21.7653
2.92273	20.0000
2.93042	21.0000
2.93811	22.0000
2.94581	20.2347
2.95350	20.4720
2.96119	20.7067
2.96888	19.0000
2.97657	20.0000
2.98426	18.3813
2.99195	19.5893
2.99964	19.5600
3.00734	21.0000
3.01503	22.0000
3.02272	22.4160
3.03041	22.8853
3.03810	22.2400
3.04579	22.6160
3.05348	24.0000
3.06118	21.9760
3.06887	21.2960
3.07656	20.5333
3.08425	19.2373
3.09194	17.7920
3.09963	17.8213
3.10732	15.1493
3.11502	15.8800
3.12271	14.9093
3.13040	14.0000
3.13809	13.9680
3.14578	11.0053
3.15347	12.9733
3.16116	10.0000
3.16886	11.8293
3.17655	10.1147
3.18424	9.4320
3.19193	11.6533
3.19962	11.5947
3.20731	8.6960
3.21500	11.0000
3.22270	10.4187
3.23039	10.3200
3.23808	11.3013
3.24577	10.3787
3.25346	10.8160
3.26115	8.8747
3.26884	10.4667
3.27654	10.0000
3.28423	9.5253
3.29192	10.4453
3.29961	11.0000
3.30730	10.3867
3.31499	9.3573
3.32268	10.0000
3.33038	10.7013
3.33807	9.5387
3.34576	10.7200
3.35345	10.0000
3.36114	10.1813
3.36883	11.1520
3.37652	9.7547
3.38421	12.0000
3.39191	11.8080
3.39960	9.0693
3.40729	10.0000
3.41498	12.8800
3.42267	10.8933
3.43036	10.0827
3.43805	9.1120
3.44575	9.0000
3.45344	9.1707
3.46113	10.6000
3.46882	10.2293
3.47651	10.0000
3.48420	11.0000
3.49189	10.3173
3.49959	10.3067
3.50728	10.3760
3.51497	9.0000
3.52266	10.5653
3.53035	10.4640
3.53804	10.0133
3.54573	9.9547
3.55343	9.5520
3.56112	9.5813
3.56881	9.6107
3.57650	11.0000
3.58419	10.3307
3.59188	10.0000
3.59957	11.0000
3.60727	9.7573
3.61496	9.0667
3.62265	9.1840
3.63034	11.0000
3.63803	9.8747
3.64572	9.0000
3.65341	10.0000
3.66111	11.9627
3.66880	9.9920
3.67649	9.9787
3.68418	10.0000
3.69187	11.0000
3.69956	9.1093
3.70725	9.1387
3.71495	8.8320
3.72264	8.8027
3.73033	10.0000
3.73802	9.7440
3.74571	11.4293
3.75340	9.6853
3.76109	11.0000
3.76878	10.3733
3.77648	11.2080
3.78417	9.0000
3.79186	9.4613
3.79955	9.9813
3.80724	10.4800
3.81493	8.9013
3.82262	10.4213
3.83032	10.0000
3.83801	9.0000
3.84570	9.3333
3.85339	9.3040
3.86108	10.0000
3.86877	10.0000
3.87646	9.6480
3.88416	9.3733
3.89185	9.1573
3.89954	10.0000
3.90723	10.9013
3.91492	9.9307
3.92261	10.0400
3.93030	10.9893
3.93800	10.0000
3.94569	9.9520
3.95338	10.9227
3.96107	11.0000
3.96876	9.7280
3.97645	10.0000
3.98414	10.0000
3.99184	11.0000
3.99953	11.0000
4.00722	11.0000
4.01491	12.0640
4.02260	9.6587
4.03029	10.6293
4.03798	10.4000
4.04568	12.0000
4.05337	9.4587
4.06106	11.5120
4.06875	10.5173
4.07644	11.9067
4.08413	10.0000
4.09182	10.3947
4.09951	10.7307
4.10721	10.6640
4.11490	11.3867
4.12259	10.5547
4.13028	10.2480
4.13797	10.7813
4.14566	10.1893
4.15335	10.8400
4.16105	10.0000
4.16874	11.0000
4.17643	10.0720
4.18412	10.0427
4.19181	12.0000
4.19950	11.0000
4.20719	11.9547
4.21489	11.7760
4.22258	11.0000
4.23027	12.7333
4.23796	11.8373
4.24565	12.8080
4.25334	12.7787
4.26103	14.4987
4.26873	12.2800
4.27642	12.6187
4.28411	12.3387
4.29180	10.2640
4.29949	11.6027
4.30718	12.0000
4.31487	13.0880
4.32257	12.0000
4.33026	13.0000
4.33795	11.4560
4.34564	13.8533
4.35333	11.3973
4.36102	12.6320
4.36871	10.6773
4.37641	12.3093
4.38410	12.2800
4.39179	11.2507
4.39948	12.2213
4.40717	12.3840
4.41486	14.0000
4.42255	12.1333
4.43024	13.3120
4.43794	12.0747
4.44563	12.0453
4.45332	13.0000
4.46101	14.9733
4.46870	14.9573
4.47639	14.9280
4.48408	13.8987
4.49178	15.0000
4.49947	15.0000
4.50716	13.3787
4.51485	14.5627
4.52254	13.2480
4.53023	12.8320
4.53792	13.3867
4.54562	13.6720
4.55331	13.0000
4.56100	12.3947
4.56869	13.4240
4.57638	12.0000
4.58407	12.4827
4.59176	12.5120
4.59946	10.9173
4.60715	10.5707
4.61484	10.8000
4.62253	11.3707
4.63022	11.0240
4.63791	10.0000
4.64560	10.0000
4.65330	10.0000
4.66099	10.5520
4.66868	10.0000
4.67637	9.1653
4.68406	10.0000
4.69175	10.7867
4.69944	10.0000
4.70714	10.0000
4.71483	10.0000
4.72252	10.0000
4.73021	9.9600
4.73790	10.8613
4.74559	10.0000
4.75328	9.1280
4.76097	9.8427
4.76867	8.8133
4.77636	8.4320
4.78405	10.0000
4.79174	8.2747
4.79943	9.0000
4.80712	9.3333
4.81482	9.7253
4.82251	10.0000
4.83020	10.0000
4.83789	7.6480
4.84558	9.5200
4.85327	9.4720
4.86096	9.4613
4.86865	8.8640
4.87635	8.5973
4.88404	9.0000
4.89173	9.0000
4.89942	9.0000
4.90711	10.0000
4.91480	8.0000
4.92249	9.0000
4.93019	9.1973
4.93788	9.8320
4.94557	10.0000
4.95326	9.8907
4.96095	9.9200
4.96864	9.0000
4.97633	9.0000
4.98403	8.9920
4.99172	10.0000
4.99941	9.1333
5.00710	10.9040
5.01479	10.0000
5.02248	9.0000
5.03017	9.1840
5.03787	10.0000
5.04556	11.0000
5.05325	10.5440
5.06094	10.6987
5.06863	10.6693
5.07632	11.2800
5.08401	10.3893
5.09171	10.8373
5.09940	12.1040
5.10709	11.0000
5.11478	9.5067
5.12247	9.0000
5.13016	10.8693
5.13785	9.0000
5.14555	9.0000
5.15324	9.3467
5.16093	8.3173
5.16862	9.0000
5.17631	9.0000
5.18400	8.0000
5.19169	8.6000
5.19938	9.8293
5.20708	8.8587
5.21477	8.1120
5.22246	9.9173
5.23015	7.1067
5.23784	8.0240
5.24553	8.0107
5.25322	10.9307
5.26092	12.0640
5.26861	9.9067
5.27630	10.0000
5.28399	8.3040
5.29168	9.8187
5.29937	10.2107
5.30706	9.7200
5.31476	13.0000
5.32245	12.5973
5.33014	10.0000
5.33783	7.6427
5.34552	7.7733
5.35321	8.5840
5.36090	8.0000
5.36860	8.5253
5.37629	8.4960
5.38398	8.4667
5.39167	6.4373
5.39936	8.5920
5.40705	8.6213
5.41474	8.6507
5.42244	8.0000
5.43013	8.0000
5.43782	9.7387
5.44551	8.5360
5.45320	8.7973
5.46089	8.8267
5.46858	8.8560
5.47627	7.8853
5.48397	8.8293
5.49166	9.0000
5.49935	8.9733
5.50704	8.0000
5.51473	9.0000
5.52242	8.0000
5.53011	8.9093
5.53781	7.1200
5.54550	8.1493
5.55319	7.1787
5.56088	7.4160
5.56857	8.2373
5.57626	8.0000
5.58395	8.2960
5.59165	8.6747
5.59934	7.3547
5.60703	9.0000
5.61472	7.1733
5.62241	7.5573
5.63010	8.5280
5.63779	7.5013
5.64549	8.5307
5.65318	8.5600
5.66087	8.8213
5.66856	9.0000
5.67625	8.3520
5.68394	8.3227
5.69163	7.5867
5.69933	9.0000
5.70702	9.0000
5.71471	8.2053
5.72240	9.3520
5.73009	11.0000
5.73778	11.8827
5.74547	12.0880
5.75317	13.9413
5.76086	13.0293
5.76855	18.0000
0.00000	21.0000
0.00769	19.0000
0.01538	16.9413
0.02307	15.0000
0.03077	14.2347
0.03846	13.0000
0.04615	13.1760
0.05384	12.7947
0.06153	11.2347
0.06922	11.7360
0.07691	11.2933
0.08461	10.6453
0.09230	10.0000
0.09999	11.0000
0.10768	10.0000
0.11537	10.0000
0.12306	9.0000
0.13075	10.4987
0.13845	9.0000
0.14614	10.5573
0.15383	10.0000
0.16152	9.3840
0.16921	9.0000
0.17690	9.0000
0.18459	9.0000
0.19228	9.0000
0.19998	11.5253
0.20767	12.3760
0.21536	11.2853
0.22305	9.0000
0.23074	8.1200
0.23843	8.0000
0.24612	8.9387
0.25382	8.0000
0.26151	8.0000
0.26920	8.0267
0.27689	8.0000
0.28458	9.0000
0.29227	8.8853
0.29996	8.0000
0.30766	9.0000
0.31535	8.0000
0.32304	8.0000
0.33073	8.7387
0.33842	8.0000
0.34611	9.0400
0.35380	8.3493
0.36150	8.2427
0.36919	9.1840
0.37688	9.0000
0.38457	8.5333
0.39226	8.4960
0.39995	9.5253
0.40764	9.0000
0.41534	8.4160
0.42303	8.0000
0.43072	9.0000
0.43841	8.3280
0.44610	9.0000
0.45379	8.2693
0.46148	9.2400
0.46918	7.4213
0.47687	9.0000
0.48456	7.0000
0.49225	8.7547
0.49994	8.9067
0.50763	8.9360
0.51532	9.0000
0.52302	9.0000
0.53071	9.9760
0.53840	9.9467
0.54609	8.0827
0.55378	8.1120
0.56147	9.4240
0.56916	9.0000
0.57685	8.0000
0.58455	9.5413
0.59224	8.7413
0.59993	9.0000
0.60762	8.0000
0.61531	9.3467
0.62300	8.6240
0.63069	9.0000
0.63839	8.8693
0.64608	9.5360
0.65377	8.4933
0.66146	9.4773
0.66915	8.4480
0.67684	9.4187
0.68453	9.0000
0.69223	9.3600
0.69992	9.3387
0.70761	8.6987
0.71530	9.0000
0.72299	9.7573
0.73068	9.0000
0.73837	11.2640
0.74607	9.0000
0.75376	10.2507
0.76145	9.0000
0.76914	10.0000
0.77683	11.0373
0.78452	10.9920
0.79221	10.0213
0.79991	10.0000
0.80760	9.9200
0.81529	10.8907
0.82298	11.0000
0.83067	10.8320
0.83836	10.1973
0.84605	11.0000
0.85375	10.2560
0.86144	12.1440
0.86913	11.0000
0.87682	10.6560
0.88451	10.6267
0.89220	11.0000
0.89989	12.0000
0.90758	12.0000
0.91528	12.0187
0.92297	12.5200
0.93066	12.0000
0.93835	12.0000
0.94604	11.3920
0.95373	12.6373
0.96142	14.0000
0.96912	13.0000
0.97681	13.0000
0.98450	12.0000
0.99219	13.2160
0.99988	13.1867
1.00757	12.1573
1.01526	13.1280
1.02296	12.9013
1.03065	12.9307
1.03834	14.0000
1.04603	13.0213
1.05372	12.0560
1.06141	13.0000
1.06910	13.0773
1.07680	14.8933
1.08449	14.0000
1.09218	13.1653
1.09987	14.0000
1.10756	13.2240
1.11525	14.4933
1.12294	13.1307
1.13064	14.6240
1.13833	15.0000
1.14602	15.0000
1.15371	15.0000
1.16140	14.4293
1.16909	14.5413
1.17678	14.0240
1.18448	15.0347
1.19217	15.0000
1.19986	16.4240
1.20755	14.2107
1.21524	15.6347
1.22293	12.6720
1.23062	14.3067
1.23831	14.4453
1.24601	14.7520
1.25370	15.0000
1.26139	15.6213
1.26908	15.3200
1.27677	14.8693
1.28446	14.1013
1.29215	14.9280
1.29985	14.9573
1.30754	15.9867
1.31523	14.0160
1.32292	14.9547
1.33061	14.8507
1.33830	15.1040
1.34599	15.2667
1.35369	15.8373
1.36138	14.1920
1.36907	15.0000
1.37676	15.0000
1.38445	15.7200
1.39214	15.3093
1.39983	15.0000
1.40753	14.7360
1.41522	16.3973
1.42291	14.5733
1.43060	14.5440
1.43829	16.0293
1.44598	15.5147
1.45367	15.3680
1.46137	15.0000
1.46906	16.0000
1.47675	14.6320
1.48444	15.3387
1.49213	16.6907
1.49982	15.7200
1.50751	15.4987
1.51521	16.0000
1.52290	14.8080
1.53059	16.0000
1.53828	16.7333
1.54597	15.0000
1.55366	15.8507
1.56135	15.9547
1.56905	17.9680
1.57674	16.9733
1.58443	17.9573
1.59212	16.8560
1.59981	17.0000
1.60750	16.3920
1.61519	17.0000
1.62288	18.0000
1.63058	15.6560
1.63827	16.4960
1.64596	17.5547
1.65365	18.6933
1.66134	18.3280
1.66903	18.6347
1.67672	19.3947
1.68442	20.1520
1.69211	18.5467
1.69980	18.5520
1.70749	19.4880
1.71518	19.5413
1.72287	20.0000
1.73056	19.6000
1.73826	19.2587
1.74595	19.0000
1.75364	19.0000
1.76133	18.5653
1.76902	18.7467
1.77671	18.7760
1.78440	19.0000
1.79210	19.0000
1.79979	17.1360
1.80748	17.8933
1.81517	17.0000
1.82286	17.0000
1.83055	18.9440
1.83824	17.9893
1.84594	16.0400
1.85363	16.9307
1.86132	18.8027
1.86901	17.0000
1.87670	15.8427
1.88439	16.8133
1.89208	15.2160
1.89978	17.5093
1.90747	16.0000
1.91516	16.6960
1.92285	15.6667
1.93054	16.0000
1.93823	17.0000
1.94592	17.4213
1.95361	18.4507
1.96131	18.5200
1.96900	18.5093
1.97669	17.4613
1.98438	18.0000
1.99207	19.4027
1.99976	18.2533
2.00745	18.9680
2.01515	18.3707
2.02284	19.7147
2.03053	17.0000
2.03822	19.0000
2.04591	18.0000
2.05360	16.8320
2.06129	16.8613
2.06899	18.7813
2.07668	15.1600
2.08437	19.8480
2.09206	17.9787
2.09975	18.0080
2.10744	16.1120
2.11513	16.0667
2.12283	17.9040
2.13052	17.0000
2.13821	17.8453
2.14590	17.0000
2.15359	17.0000
2.16128	17.2427
2.16897	17.2720
2.17667	15.3013
2.18436	17.0000
2.19205	17.6400
2.19974	18.6107
2.20743	18.0000
2.21512	18.5520
2.22281	17.5227
2.23051	18.0000
2.23820	18.0000
2.24589	17.5653
2.25358	18.5947
2.26127	18.0000
2.26896	17.6933
2.27665	19.6827
2.28435	18.0000
2.29204	20.7413
2.29973	19.0000
2.30742	19.6000
2.31511	20.3413
2.32280	21.0000
2.33049	19.8880
2.33818	22.9173
2.34588	21.0533
2.35357	21.0240
2.36126	22.0000
2.36895	22.0000
2.37664	24.8720
2.38433	23.0933
2.39202	24.0000
2.39972	27.5440
2.40741	24.1813
2.41510	24.4213
2.42279	26.7200
2.43048	28.4613
2.43817	26.7013
2.44586	26.3280
2.45356	28.7147
2.46125	30.6133
2.46894	30.8320
2.47663	31.0000
2.48432	33.0000
2.49201	35.5200
2.49970	34.9333
2.50740	33.5627
2.51509	34.1840
2.52278	34.3787
2.53047	35.0000
2.53816	34.3600
2.54585	34.5813
2.55354	36.4773
2.56124	38.0000
2.56893	39.7973
2.57662	39.5200
2.58431	39.7120
2.59200	40.8853
2.59969	40.9147
2.60738	39.8320
2.61508	37.0267
2.62277	37.0000
2.63046	36.9680
2.63815	34.1840
2.64584	35.0907
2.65353	38.7600
2.66122	36.8507
2.66892	38.6427
2.67661	37.7920
2.68430	38.8133
2.69199	38.4667
2.69968	37.4080
2.70737	35.6747
2.71506	34.0000
2.72275	32.3840
2.73045	32.4133
2.73814	31.0000
2.74583	31.5280
2.75352	30.4960
2.76121	32.0000
2.76890	31.5600
2.77659	33.0000
2.78429	31.6187
2.79198	33.6480
2.79967	29.9680
2.80736	31.0000
2.81505	28.0000
2.82274	28.2960
2.83043	27.2053
2.83813	27.8240
2.84582	26.0000
2.85351	26.0000
2.86120	25.9120
2.86889	26.1173
2.87658	27.0000
2.88427	26.0000
2.89197	28.0000
2.89966	25.0587
2.90735	26.8240
2.91504	25.8827
2.92273	24.0000
2.93042	24.0000
2.93811	21.2053
2.94581	22.5307
2.95350	21.5280
2.96119	20.4133
2.96888	20.6773
2.97657	20.6480
2.98426	21.0000
2.99195	21.4107
2.99964	22.4400
3.00734	21.4693
3.01503	22.0027
3.02272	21.0000
3.03041	20.8853
3.03810	21.0000
3.04579	20.2320
3.05348	17.0000
3.06118	17.6507
3.06887	17.0000
3.07656	18.4667
3.08425	17.0000
3.09194	17.5840
3.09963	17.0000
3.10732	18.1493
3.11502	16.0000
3.12271	17.0907
3.13040	16.0613
3.13809	15.9680
3.14578	15.9973
3.15347	16.9200
3.16116	16.8880
3.16886	15.8293
3.17655	15.6560
3.18424	14.0000
3.19193	13.0000
3.19962	13.7973
3.20731	12.2320
3.21500	12.5227
3.22270	11.2907
3.23039	11.3200
3.23808	11.6507
3.24577	11.3787
3.25346	12.0000
3.26115	11.5627
3.26884	11.5333
3.27654	10.4960
3.28423	12.0000
3.29192	10.4453
3.29961	11.0000
3.30730	11.6133
3.31499	10.6427
3.32268	11.0000
3.33038	10.2987
3.33807	11.2693
3.34576	11.0000
3.35345	11.6320
3.36114	11.5440
3.36883	11.7600
3.37652	11.3680
3.38421	11.2800
3.39191	10.0640
3.39960	10.0347
3.40729	10.0053
3.41498	10.9520
3.42267	9.0533
3.43036	10.1653
3.43805	12.0000
3.44575	13.0000
3.45344	11.8293
3.46113	11.6000
3.46882	11.3120
3.47651	10.2587
3.48420	11.0000
3.49189	11.3173
3.49959	11.3467
3.50728	12.3760
3.51497	13.4053
3.52266	13.1307
3.53035	11.5360
3.53804	12.0000
3.54573	11.4773
3.55343	11.0000
3.56112	10.0000
3.56881	10.3893
3.57650	9.2800
3.58419	10.3307
3.59188	11.0000
3.59957	10.7280
3.60727	10.7573
3.61496	11.5733
3.62265	10.3680
3.63034	10.6907
3.63803	10.2507
3.64572	10.0000
3.65341	10.0667
3.66111	10.0000
3.66880	11.0160
3.67649	10.9573
3.68418	10.8987
3.69187	10.8400
3.69956	9.2187
3.70725	9.1387
3.71495	10.8320
3.72264	10.0000
3.73033	8.4533
3.73802	11.7440
3.74571	10.0000
3.75340	10.6293
3.76109	10.6560
3.76878	10.3733
3.77648	11.0000
3.78417	10.4320
3.79186	10.4613
3.79955	10.4907
3.80724	10.0400
3.81493	10.0000
3.82262	9.0000
3.83032	10.0000
3.83801	10.6373
3.84570	10.0000
3.85339	10.0000
3.86108	9.4507
3.86877	10.4907
3.87646	10.2160
3.88416	10.8133
3.89185	9.1573
3.89954	9.8720
3.90723	10.0987
3.91492	11.0000
3.92261	11.0000
3.93030	11.9893
3.93800	11.0373
3.94569	11.0000
3.95338	11.0773
3.96107	10.0000
3.96876	10.1360
3.97645	11.1653
3.98414	11.1947
3.99184	11.4480
3.99953	10.5067
4.00722	10.2827
4.01491	11.3760
4.02260	10.6587
4.03029	9.7413
4.03798	8.2000
4.04568	11.1413
4.05337	10.0000
4.06106	10.5120
4.06875	11.5173
4.07644	12.0933
4.08413	11.5760
4.09182	12.0000
4.09951	13.2693
4.10721	11.9920
4.11490	12.3867
4.12259	12.2773
4.13028	13.0000
4.13797	12.2187
4.14566	12.8107
4.15335	12.8400
4.16105	12.0000
4.16874	11.0000
4.17643	11.9280
4.18412	11.9573
4.19181	11.0000
4.19950	10.9840
4.20719	11.0000
4.21489	10.8507
4.22258	9.2080
4.23027	12.0000
4.23796	12.1627
4.24565	11.0000
4.25334	11.5573
4.26103	11.2507
4.26873	11.2800
4.27642	13.6907
4.28411	14.3387
4.29180	14.0000
4.29949	13.7947
4.30718	14.5733
4.31487	15.0000
4.32257	14.9707
4.33026	16.9707
4.33795	17.5440
4.34564	17.4267
4.35333	16.3973
4.36102	16.0000
4.36871	16.6613
4.37641	17.0000
4.38410	15.5600
4.39179	15.2507
4.39948	15.7787
4.40717	16.0000
4.41486	13.4880
4.42255	15.0000
4.43024	16.7920
4.43794	17.9253
4.44563	18.0000
4.45332	17.0480
4.46101	16.0133
4.46870	15.0427
4.47639	16.2160
4.48408	17.0000
4.49178	17.2613
4.49947	17.3200
4.50716	16.1893
4.51485	17.6560
4.52254	17.7520
4.53023	19.0000
4.53792	18.6933
4.54562	19.6720
4.55331	18.3653
4.56100	20.0000
4.56869	19.2720
4.57638	22.0000
4.58407	22.0000
4.59176	22.0000
4.59946	22.9173
4.60715	22.8587
4.61484	22.0000
4.62253	22.6293
4.63022	21.0000
4.63791	20.0000
4.64560	19.0000
4.65330	17.5067
4.66099	16.7760
4.66868	16.6107
4.67637	15.8347
4.68406	15.1360
4.69175	13.1067
4.69944	12.0000
4.70714	12.0480
4.71483	13.0000
4.72252	13.9893
4.73021	12.0000
4.73790	11.0693
4.74559	10.9013
4.75328	9.7440
4.76097	9.8427
4.76867	9.8133
4.77636	9.7840
4.78405	10.0000
4.79174	9.2747
4.79943	10.3040
4.80712	8.0000
4.81482	10.2747
4.82251	9.0000
4.83020	9.0000
4.83789	9.5493
4.84558	9.0000
4.85327	9.5093
4.86096	9.4613
4.86865	9.4320
4.87635	10.1947
4.88404	10.0000
4.89173	10.0000
4.89942	8.3147
4.90711	8.7147
4.91480	9.7440
4.92249	9.7733
4.93019	9.6053
4.93788	9.1680
4.94557	8.2773
4.95326	10.0000
4.96095	11.0000
4.96864	9.9493
4.97633	10.0427
4.98403	10.9840
4.99172	11.0000
4.99941	10.0000
5.00710	9.9040
5.01479	10.0000
5.02248	9.1547
5.03017	8.8160
5.03787	8.2133
5.04556	9.0000
5.05325	10.2720
5.06094	9.0000
5.06863	9.6693
5.07632	9.6400
5.08401	10.0000
5.09171	10.8373
5.09940	10.0000
5.10709	10.5227
5.11478	11.4933
5.12247	11.0720
5.13016	12.8693
5.13785	11.8107
5.14555	12.2480
5.15324	12.3067
5.16093	12.3173
5.16862	12.2880
5.17631	11.0000
5.18400	11.0000
5.19169	12.6000
5.19938	10.1707
5.20708	11.7173
5.21477	11.1120
5.22246	10.0000
5.23015	9.0533
5.23784	9.0240
5.24553	10.0000
5.25322	10.0347
5.26092	10.3840
5.26861	13.2800
5.27630	13.5093
5.28399	12.5440
5.29168	7.1813
5.29937	8.2107
5.30706	8.7600
5.31476	8.7307
5.32245	8.7013
5.33014	8.6720
5.33783	9.0000
5.34552	8.0000
5.35321	8.2480
5.36090	7.5547
5.36860	8.9493
5.37629	9.0000
5.38398	8.5333
5.39167	8.0000
5.39936	8.0000
5.40705	7.6213
5.41474	7.3493
5.42244	7.6800
5.43013	7.2907
5.43782	8.0000
5.44551	8.5360
5.45320	9.5947
5.46089	8.0000
5.46858	8.0000
5.47627	7.8853
5.48397	7.0000
5.49166	7.8880
5.49935	9.0000
5.50704	8.0000
5.51473	6.0640
5.52242	8.9387
5.53011	8.9093
5.53781	8.0000
5.54550	8.8507
5.55319	8.3573
5.56088	8.0000
5.56857	7.4747
5.57626	7.7333
5.58395	8.7040
5.59165	8.0000
5.59934	7.6453
5.60703	7.6160
5.61472	7.4133
5.62241	6.8853
5.63010	8.4720
5.63779	7.9973
5.64549	8.5307
5.65318	7.0000
5.66087	8.1787
5.66856	6.3813
5.67625	7.3520
5.68394	8.3547
5.69163	8.7067
5.69933	8.5280
5.70702	9.7653
5.71471	8.2053
5.72240	8.1760
5.73009	7.2933
5.73778	9.0000
5.74547	9.8240
5.75317	8.9413
5.76086	8.9707
5.76855	9.0000

