0.00000	2.00000
0.00746	3.00000
0.01491	3.00000
0.02237	2.93366
0.02982	3.08845
0.03728	3.88943
0.04473	3.13268
0.05219	2.15479
0.05964	3.00000
0.06710	3.00000
0.07455	3.00000
0.08201	2.75676
0.08946	3.00000
0.09692	3.71253
0.10437	3.00000
0.11183	3.00000
0.11928	3.00000
0.12674	3.37592
0.13419	3.00000
0.14165	2.57985
0.14910	3.00000
0.15656	2.46437
0.16401	2.97297
0.17147	3.49140
0.17893	3.00000
0.18638	3.10565
0.19384	3.00000
0.20129	3.00000
0.20875	3.00000
0.21620	2.64128
0.22366	2.33661
0.23111	3.00000
0.23857	3.29238
0.24602	3.72973
0.25348	3.00000
0.26093	2.22604
0.26839	3.59214
0.27584	3.00000
0.28330	3.00000
0.29075	3.00000
0.29821	3.76904
0.30566	3.00000
0.31312	3.00000
0.32057	4.00000
0.32803	3.97297
0.33548	3.00000
0.34294	4.98280
0.35040	3.07862
0.35785	3.06142
0.36531	3.91646
0.37276	3.89435
0.38022	3.12776
0.38767	3.00000
0.39513	3.82801
0.40258	4.00000
0.41004	3.00000
0.41749	2.47666
0.42495	4.00000
0.43240	3.71744
0.43986	2.30467
0.44731	3.32678
0.45477	3.00000
0.46222	3.62899
0.46968	3.00000
0.47713	3.83047
0.48459	2.87469
0.49204	2.54054
0.49950	3.03685
0.50695	3.00000
0.51441	2.52580
0.52187	2.54791
0.52932	4.42998
0.53678	4.00000
0.54423	2.61425
0.55169	3.00000
0.55914	3.00000
0.56660	3.36118
0.57405	2.70270
0.58151	3.00000
0.58896	2.74693
0.59642	3.76904
0.60387	4.37346
0.61133	4.00000
0.61878	3.16462
0.62624	3.85749
0.63369	4.12039
0.64115	3.90172
0.64860	3.00000
0.65606	4.94595
0.66351	3.00000
0.67097	3.00983
0.67842	4.00000
0.68588	4.93120
0.69334	3.05651
0.70079	3.00000
0.70825	3.10074
0.71570	4.12285
0.72316	4.00000
0.73061	3.83292
0.73807	3.81081
0.74552	3.21130
0.75298	4.53317
0.76043	3.25553
0.76789	3.72236
0.77534	3.29975
0.78280	3.64373
0.79025	4.00000
0.79771	3.00000
0.80516	4.22359
0.81262	4.00000
0.82007	3.13514
0.82753	4.00000
0.83498	3.00000
0.84244	4.00000
0.84989	2.95823
0.85735	3.00000
0.86481	3.43489
0.87226	2.58722
0.87972	4.00000
0.88717	3.00000
0.89463	2.34644
0.90208	3.67568
0.90954	3.69779
0.91699	3.00000
0.92445	2.00000
0.93190	3.00000
0.93936	2.21376
0.94681	4.00000
0.95427	3.16953
0.96172	3.00000
0.96918	3.12531
0.97663	3.00000
0.98409	2.16216
0.99154	3.00000
0.99900	3.92629
1.00645	3.98526
1.01391	4.00000
1.02136	2.97052
1.02882	3.00000
1.03628	3.07371
1.04373	3.00000
1.05119	3.23587
1.05864	3.00000
1.06610	5.51351
1.07355	3.63145
1.08101	3.20639
1.08846	3.00000
1.09592	3.74939
1.10337	4.00000
1.11083	2.70516
1.11828	3.31695
1.12574	2.33907
1.13319	3.36118
1.14065	3.38329
1.14810	3.81081
1.15556	3.00000
1.16301	3.55037
1.17047	3.52826
1.17792	3.00000
1.18538	3.51597
1.19283	4.00000
1.20029	4.00000
1.20775	3.00000
1.21520	3.60442
1.22266	3.00000
1.23011	3.64865
1.23757	3.32924
1.24502	4.00000
1.25248	4.71499
1.25993	4.26290
1.26739	2.24079
1.27484	3.21867
1.28230	5.00000
1.28975	3.00000
1.29721	3.15233
1.30466	2.86978
1.31212	4.00000
1.31957	3.08600
1.32703	4.00000
1.33448	4.00000
1.34194	4.00000
1.34939	3.00000
1.35685	3.97543
1.36430	3.95332
1.37176	4.00000
1.37922	4.00000
1.38667	3.11302
1.39413	3.00000
1.40158	3.00000
1.40904	3.82064
1.41649	3.20147
1.42395	3.77641
1.43140	4.00000
1.43886	4.46437
1.44631	4.00000
1.45377	3.31204
1.46122	4.00000
1.46868	3.28747
1.47613	3.75676
1.48359	4.79853
1.49104	4.57740
1.49850	4.55528
1.50595	4.00000
1.51341	4.51106
1.52086	3.48894
1.52832	3.06634
1.53577	3.55528
1.54323	3.00000
1.55069	4.59951
1.55814	4.00000
1.56560	4.35627
1.57305	4.66585
1.58051	3.00000
1.58796	4.28993
1.59542	4.00000
1.60287	4.00000
1.61033	3.22359
1.61778	3.40295
1.62524	3.00000
1.63269	4.84275
1.64015	4.13514
1.64760	3.88698
1.65506	5.00000
1.66251	4.93120
1.66997	4.00000
1.67742	3.02457
1.68488	3.00246
1.69233	2.05897
1.69979	3.95823
1.70724	3.06388
1.71470	5.00000
1.72216	5.00000
1.72961	6.00000
1.73707	5.15233
1.74452	7.30221
1.75198	4.80344
1.75943	4.21867
1.76689	4.00000
1.77434	4.73710
1.78180	3.71499
1.78925	4.07862
1.79671	4.32924
1.80416	5.29730
1.81162	4.00000
1.81907	4.41769
1.82653	4.83538
1.83398	3.56020
1.84144	4.46192
1.84889	3.48403
1.85635	3.50614
1.86380	3.47174
1.87126	4.00000
1.87871	4.14496
1.88617	4.40541
1.89363	4.00000
1.90108	3.27764
1.90854	4.00000
1.91599	4.68305
1.92345	3.00000
1.93090	4.72727
1.93836	4.00000
1.94581	4.00000
1.95327	3.79361
1.96072	3.18428
1.96818	3.32432
1.97563	3.14005
1.98309	4.88206
1.99054	4.00000
1.99800	3.07371
2.00545	4.00000
2.01291	4.00000
2.02036	4.00000
2.02782	5.00000
2.03527	4.92629
2.04273	4.94103
2.05018	4.91892
2.05764	3.20639
2.06509	4.87469
2.07255	4.00000
2.08001	4.83047
2.08746	3.19165
2.09492	2.78624
2.10237	3.76413
2.10983	3.00000
2.11728	4.71990
2.12474	4.39558
2.13219	4.32432
2.13965	4.30713
2.14710	5.89435
2.15456	3.39066
2.16201	4.58722
2.16947	3.86978
2.17692	4.54300
2.18438	4.00000
2.19183	4.49877
2.19929	4.00000
2.20674	4.54545
2.21420	4.43243
2.22165	2.82064
2.22911	3.38821
2.23657	3.36609
2.24402	4.00000
2.25148	4.32187
2.25893	4.00000
2.26639	3.72236
2.27384	3.74447
2.28130	4.76658
2.28875	4.78870
2.29621	4.18919
2.30366	5.00000
2.31112	5.00000
2.31857	3.87715
2.32603	4.10074
2.33348	4.00000
2.34094	4.00000
2.34839	4.03440
2.35585	4.98771
2.36330	4.99017
2.37076	4.96806
2.37821	3.10811
2.38567	4.00000
2.39312	4.90172
2.40058	4.87961
2.40804	3.28501
2.41549	5.67076
2.42295	3.18673
2.43040	4.00000
2.43786	4.00000
2.44531	4.00000
2.45277	4.17445
2.46022	4.59459
2.46768	4.36118
2.47513	4.00000
2.48259	3.36364
2.49004	4.61425
2.49750	4.00000
2.50495	4.00000
2.51241	3.54791
2.51986	3.52580
2.52732	4.00000
2.53477	4.00000
2.54223	3.54054
2.54968	3.00000
2.55714	3.41523
2.56459	4.78624
2.57205	4.11302
2.57950	4.34889
2.58696	2.65356
2.59442	4.30467
2.60187	4.00000
2.60933	4.00000
2.61678	4.23833
2.62424	4.78378
2.63169	4.00000
2.63915	3.82801
2.64660	4.00000
2.65406	3.12776
2.66151	4.89435
2.66897	4.00000
2.67642	4.00000
2.68388	4.00000
2.69133	3.96560
2.69879	3.00491
2.70624	4.00000
2.71370	3.95086
2.72115	4.00000
2.72861	4.00000
2.73606	4.00000
2.74352	3.27518
2.75097	4.84029
2.75843	4.18182
2.76589	4.00000
2.77334	4.22604
2.78080	4.00000
2.78825	3.27027
2.79571	4.00000
2.80316	4.31450
2.81062	4.33661
2.81807	5.35872
2.82553	3.76167
2.83298	4.00000
2.84044	4.00000
2.84789	3.44717
2.85535	3.53071
2.86280	4.00000
2.87026	4.00000
2.87771	3.46437
2.88517	4.00000
2.89262	2.84029
2.90008	4.60197
2.90753	4.00000
2.91499	3.35381
2.92245	4.00000
2.92990	4.00000
2.93736	4.71253
2.94481	4.73464
2.95227	4.75676
2.95972	5.00000
2.96718	4.00000
2.97463	4.00000
2.98209	4.15479
2.98954	4.73464
2.99700	4.88943
3.00445	3.91155
3.01191	4.00000
3.01936	4.95577
3.02682	3.97789
3.03427	4.00000
3.04173	4.00000
3.04918	4.04423
3.05664	4.00000
3.06409	4.91155
3.07155	4.00000
3.07900	5.00000
3.08646	3.84521
3.09391	4.00000
3.10137	5.00000
3.10883	4.77887
3.11628	4.00000
3.12374	4.26536
3.13119	4.28747
3.13865	4.00000
3.14610	4.66830
3.15356	4.00000
3.16101	4.24816
3.16847	4.60197
3.17592	3.84029
3.18338	4.44226
3.19083	3.92875
3.19829	4.00000
3.20574	3.50860
3.21320	3.46929
3.22065	3.55283
3.22811	4.00000
3.23556	3.19410
3.24302	4.38084
3.25047	3.35872
3.25793	3.66339
3.26538	4.68550
3.27284	3.70762
3.28030	3.72973
3.28775	4.00000
3.29521	4.54791
3.30266	4.00000
3.31012	4.81818
3.31757	4.00000
3.32503	4.72482
3.33248	4.11548
3.33994	5.00000
3.34739	3.85749
3.35485	4.85258
3.36230	4.00000
3.36976	3.99509
3.37721	3.98280
3.38467	4.00000
3.39212	4.93857
3.39958	4.00000
3.40703	4.10565
3.41449	4.12776
3.42194	4.85012
3.42940	5.00000
3.43685	4.19410
3.44431	3.21622
3.45177	4.76167
3.45922	4.73956
3.46668	4.71744
3.47413	4.69533
3.48159	4.00000
3.48904	4.65111
3.49650	3.62899
3.50395	5.00000
3.51141	4.00000
3.51886	4.43735
3.52632	5.45946
3.53377	3.96315
3.54123	4.00000
3.54868	3.47420
3.55614	4.45209
3.56359	4.42998
3.57105	5.00000
3.57850	4.38575
3.58596	4.63636
3.59341	4.00000
3.60087	4.31941
3.60833	4.70270
3.61578	4.00000
3.62324	3.25307
3.63069	4.76904
3.63815	4.79115
3.64560	4.00000
3.65306	4.83538
3.66051	3.85749
3.66797	4.00000
3.67542	4.09828
3.68288	3.92383
3.69033	4.00000
3.69779	4.96806
3.70524	4.00000
3.71270	5.97543
3.72015	4.03440
3.72761	4.88698
3.73506	4.07862
3.74252	5.00000
3.74997	4.12285
3.75743	6.00000
3.76488	3.83292
3.77234	4.81081
3.77979	4.78870
3.78725	4.00000
3.79471	4.00000
3.80216	3.72236
3.80962	4.29975
3.81707	5.00000
3.82453	4.31204
3.83198	4.36609
3.83944	2.61179
3.84689	4.41032
3.85435	4.43243
3.86180	4.54545
3.86926	4.47666
3.87671	4.00000
3.88417	4.47912
3.89162	4.08600
3.89908	5.00000
3.90653	4.41278
3.91399	4.39066
3.92144	4.36855
3.92890	4.65356
3.93635	4.00000
3.94381	4.30221
3.95126	4.00000
3.95872	2.77396
3.96618	5.23587
3.97363	4.78624
3.98109	4.00000
3.98854	3.16953
3.99600	4.00000
4.00345	4.00000
4.01091	4.89681
4.01836	5.00000
4.02582	4.00000
4.03327	3.96315
4.04073	4.98526
4.04818	4.99263
4.05564	5.00000
4.06309	3.10319
4.07055	5.00000
4.07800	4.00000
4.08546	4.76413
4.09291	4.14005
4.10037	4.00000
4.10782	5.00000
4.11528	5.00000
4.12274	4.22850
4.13019	5.74939
4.13765	5.27273
4.14510	4.00000
4.15256	4.68305
4.16001	4.66093
4.16747	4.63882
4.17492	3.61671
4.18238	4.59459
4.18983	3.85504
4.19729	4.89926
4.20474	4.58477
4.21220	3.50614
4.21965	3.96806
4.22711	4.53808
4.23456	5.00000
4.24202	5.41769
4.24947	5.60442
4.25693	4.00000
4.26438	4.35135
4.27184	5.32924
4.27929	4.00000
4.28675	4.28501
4.29420	4.21130
4.30166	4.24079
4.30912	3.21867
4.31657	4.19656
4.32403	5.00000
4.33148	4.84767
4.33894	4.26044
4.34639	2.21622
4.35385	3.17199
4.36130	4.06388
4.36876	4.00000
4.37621	4.00000
4.38367	4.00246
4.39112	5.00000
4.39858	5.00000
4.40603	4.00000
4.41349	4.90909
4.42094	5.11302
4.42840	6.59459
4.43585	6.68550
4.44331	7.82064
4.45076	6.39558
4.45822	5.22359
4.46567	3.75430
4.47313	4.26781
4.48059	4.00000
4.48804	4.68796
4.49550	4.00000
4.50295	5.00000
4.51041	4.00000
4.51786	4.59951
4.52532	4.57740
4.53277	5.00000
4.54023	5.00000
4.54768	4.00000
4.55514	4.97789
4.56259	4.46683
4.57005	3.44472
4.57750	3.57740
4.58496	4.59951
4.59241	4.00000
4.59987	4.64373
4.60732	4.66585
4.61478	3.68796
4.62223	4.28993
4.62969	4.26781
4.63715	4.24570
4.64460	4.55283
4.65206	4.00000
4.65951	3.64128
4.66697	4.00000
4.67442	4.86486
4.68188	4.88698
4.68933	4.72727
4.69679	3.06880
4.70424	3.90663
4.71170	2.07371
4.71915	3.00246
4.72661	4.00000
4.73406	4.04177
4.74152	4.00000
4.74897	4.91400
4.75643	4.10811
4.76388	4.86978
4.77134	4.15233
4.77879	3.00000
4.78625	4.00000
4.79370	4.78133
4.80116	5.75921
4.80861	4.26290
4.81607	4.71499
4.82353	3.30713
4.83098	5.00000
4.83844	3.70270
4.84589	4.37346
4.85335	4.79115
4.86080	4.00000
4.86826	4.00000
4.87571	4.46192
4.88317	4.00000
4.89062	4.00000
4.89808	3.47174
4.90553	3.44963
4.91299	3.85504
4.92044	4.40541
4.92790	3.38329
4.93535	4.36118
4.94281	4.00000
4.95026	5.36609
4.95772	4.70516
4.96517	3.27273
4.97263	4.00000
4.98008	5.00000
4.98754	4.79361
4.99500	4.81572
5.00245	5.67568
5.00991	4.57985
5.01736	3.11794
5.02482	4.09582
5.03227	5.00000
5.03973	4.05160
5.04718	4.97052
5.05464	4.00000
5.06209	5.00000
5.06955	3.03685
5.07700	4.88206
5.08446	3.91892
5.09191	4.00000
5.09937	4.87469
5.10682	3.85258
5.11428	3.33907
5.12173	4.19165
5.12919	4.78624
5.13664	3.23587
5.14410	4.25799
5.15156	4.71990
5.15901	4.69779
5.16647	4.00000
5.17392	4.00000
5.18138	4.36855
5.18883	4.00000
5.19629	4.00000
5.20374	4.00000
5.21120	3.45700
5.21865	3.95823
5.22611	3.49877
5.23356	2.95332
5.24102	4.54545
5.24847	4.00000
5.25593	4.17936
5.26338	4.00000
5.27084	4.00000
5.27829	4.00000
5.28575	4.35627
5.29320	4.40049
5.30066	4.27764
5.30811	3.25553
5.31557	4.23342
5.32302	5.21130
5.33048	4.18919
5.33794	5.66585
5.34539	4.00000
5.35285	3.87715
5.36030	4.00000
5.36776	3.07862
5.37521	3.94349
5.38267	4.00000
5.39012	4.98771
5.39758	4.00000
5.40503	3.96806
5.41249	3.05405
5.41994	4.92383
5.42740	4.00000
5.43485	4.00000
5.44231	4.00000
5.44976	4.83538
5.45722	4.81327
5.46467	4.00000
5.47213	4.00000
5.47958	4.74693
5.48704	4.27518
5.49449	4.29730
5.50195	3.31941
5.50941	3.65848
5.51686	4.36364
5.52432	4.00000
5.53177	3.81572
5.53923	4.00000
5.54668	4.00000
5.55414	4.00000
5.56159	4.00000
5.56905	3.48157
5.57650	3.54054
5.58396	4.00000
5.59141	4.00000
5.59887	4.39312
5.60632	4.00000
5.61378	4.00000
5.62123	4.32678
5.62869	4.30467
5.63614	4.71744
5.64360	4.26044
5.65105	4.00000
5.65851	4.56757
5.66596	4.00000
5.67342	3.00000
5.68088	3.29975
5.68833	4.74447
5.69579	4.89435
5.70324	5.83292
5.71070	2.18428
5.71815	4.00000
5.72561	3.01720
5.73306	4.00000
5.74052	3.05405
5.74797	4.04914
5.75543	3.92875
5.76288	4.09337
5.77034	4.00000
5.77779	4.00000
5.78525	4.00000
5.79270	4.00000
5.80016	3.20393
5.80761	4.00000
5.81507	3.75184
5.82252	3.72973
5.82998	4.00000
5.83743	4.00000
5.84489	3.67322
5.85234	4.00000
5.85980	4.00000
5.86726	4.59705
5.87471	4.00000
5.88217	4.55283
5.88962	4.46929
5.89708	4.50860
5.90453	4.48649
5.91199	4.00000
5.91944	4.00000
5.92690	4.00000
5.93435	4.00000
5.94181	4.00000
5.94926	5.29238
5.95672	4.00000
5.96417	4.30958
5.97163	4.28747
5.97908	4.73464
5.98654	3.75676
5.99399	4.77887
6.00145	4.19902
6.00890	4.00000
6.01636	4.15479
6.02382	4.00000
6.03127	4.11057
6.03873	3.00000
6.04618	4.86732
6.05364	4.04423
6.06109	5.00000
6.06855	5.00000
0.00000	9.0000
0.00746	7.0000
0.01491	5.0885
0.02237	4.0663
0.02982	4.0885
0.03728	5.0000
0.04473	2.8673
0.05219	2.1548
0.05964	4.6462
0.06710	4.0000
0.07455	3.7789
0.08201	3.0000
0.08946	4.2654
0.09692	4.0000
0.10437	3.0000
0.11183	4.0000
0.11928	3.0000
0.12674	3.0000
0.13419	4.3980
0.14165	3.8403
0.14910	3.4423
0.15656	3.5356
0.16401	3.4865
0.17147	4.0000
0.17893	3.0000
0.18638	3.0000
0.19384	3.4251
0.20129	4.0000
0.20875	4.2383
0.21620	3.3587
0.22366	3.3366
0.23111	3.3145
0.23857	3.0000
0.24602	4.0000
0.25348	4.0000
0.26093	4.0000
0.26839	3.2039
0.27584	3.1818
0.28330	3.1597
0.29075	3.1376
0.29821	5.0000
0.30566	4.0000
0.31312	1.2138
0.32057	3.0491
0.32803	5.9459
0.33548	4.0000
0.34294	4.9828
0.35040	4.0393
0.35785	4.0000
0.36531	4.0835
0.37276	4.0000
0.38022	4.8722
0.38767	4.4496
0.39513	5.0000
0.40258	6.0000
0.41004	5.2162
0.41749	5.0000
0.42495	5.0000
0.43240	5.5651
0.43986	4.6093
0.44731	5.6732
0.45477	6.0000
0.46222	7.3710
0.46968	6.3931
0.47713	5.0000
0.48459	5.0000
0.49204	5.4595
0.49950	5.4816
0.50695	5.0074
0.51441	5.0000
0.52187	6.0000
0.52932	4.5700
0.53678	6.0000
0.54423	5.6143
0.55169	14.7273
0.55914	23.0000
0.56660	24.6388
0.57405	24.4054
0.58151	16.6511
0.58896	7.5184
0.59642	4.2310
0.60387	4.2088
0.61133	4.1867
0.61878	4.8354
0.62624	4.0000
0.63369	4.0000
0.64115	3.0983
0.64860	3.9238
0.65606	4.0000
0.66351	4.0319
0.67097	4.0000
0.67842	4.0000
0.68588	4.0000
0.69334	4.0000
0.70079	3.9214
0.70825	4.0000
0.71570	3.8771
0.72316	4.0000
0.73061	3.1671
0.73807	4.1892
0.74552	3.2113
0.75298	2.7666
0.76043	3.7666
0.76789	4.0000
0.77534	4.4005
0.78280	4.0000
0.79025	3.0000
0.79771	4.2678
0.80516	3.3882
0.81262	5.0000
0.82007	4.0000
0.82753	4.0000
0.83498	4.0000
0.84244	3.5012
0.84989	3.4791
0.85735	3.4570
0.86481	4.4349
0.87226	2.5872
0.87972	3.3907
0.88717	4.0000
0.89463	3.6536
0.90208	4.0000
0.90954	3.6044
0.91699	3.2801
0.92445	4.7420
0.93190	3.0000
0.93936	3.2138
0.94681	2.3833
0.95427	3.8305
0.96172	3.8526
0.96918	3.0000
0.97663	2.3096
0.98409	3.0811
0.99154	4.8821
0.99900	3.9631
1.00645	4.0000
1.01391	3.9926
1.02136	3.9705
1.02882	4.0000
1.03628	4.0000
1.04373	4.9042
1.05119	4.0000
1.05864	3.1400
1.06610	3.8378
1.07355	4.0000
1.08101	4.0000
1.08846	3.7715
1.09592	4.4988
1.10337	3.2727
1.11083	4.2948
1.11828	3.6830
1.12574	3.6609
1.13319	3.0000
1.14065	4.3833
1.14810	3.0000
1.15556	5.1450
1.16301	4.0000
1.17047	4.0000
1.17792	4.4939
1.18538	4.0000
1.19283	4.0000
1.20029	3.4398
1.20775	4.4177
1.21520	4.0000
1.22266	4.0000
1.23011	5.0000
1.23757	2.9877
1.24502	4.3857
1.25248	3.2850
1.25993	3.2629
1.26739	4.0000
1.27484	4.2187
1.28230	5.8034
1.28975	3.3489
1.29721	3.3047
1.30466	5.0000
1.31212	3.2162
1.31957	4.0000
1.32703	4.8084
1.33448	3.0835
1.34194	4.0000
1.34939	4.0000
1.35685	4.0246
1.36430	4.0934
1.37176	4.0000
1.37922	4.0000
1.38667	4.8870
1.39413	5.0000
1.40158	5.6855
1.40904	2.8206
1.41649	4.2015
1.42395	4.2236
1.43140	5.0000
1.43886	3.7322
1.44631	4.2899
1.45377	5.0000
1.46122	4.0000
1.46868	4.6437
1.47613	3.3784
1.48359	4.5995
1.49104	4.0000
1.49850	4.0000
1.50595	5.0000
1.51341	4.0000
1.52086	4.5111
1.52832	5.4668
1.53577	5.4447
1.54323	5.0000
1.55069	5.4005
1.55814	5.0000
1.56560	5.0000
1.57305	5.0000
1.58051	5.0000
1.58796	5.0000
1.59542	5.4644
1.60287	5.7543
1.61033	5.7764
1.61778	5.0000
1.62524	6.0000
1.63269	6.0000
1.64015	6.0000
1.64760	6.0000
1.65506	6.9091
1.66251	7.8624
1.66997	7.0000
1.67742	6.0491
1.68488	6.9975
1.69233	6.9803
1.69979	8.9165
1.70724	8.9361
1.71470	9.0000
1.72216	8.0000
1.72961	9.8698
1.73707	9.8477
1.74452	9.6511
1.75198	8.3931
1.75943	10.0000
1.76689	9.0000
1.77434	10.4742
1.78180	8.5700
1.78925	11.6929
1.79671	10.3292
1.80416	11.6486
1.81162	10.6265
1.81907	10.7912
1.82653	11.0000
1.83398	11.4398
1.84144	12.3857
1.84889	13.0319
1.85635	12.5061
1.86380	13.0000
1.87126	13.5504
1.87871	12.4275
1.88617	13.0000
1.89363	12.0000
1.90108	12.3612
1.90854	14.3219
1.91599	12.9509
1.92345	13.0000
1.93090	13.7273
1.93836	13.0000
1.94581	12.2285
1.95327	12.2064
1.96072	12.5528
1.96818	10.8378
1.97563	11.8600
1.98309	10.1179
1.99054	10.0000
1.99800	9.1474
2.00545	10.0000
2.01291	8.0590
2.02036	8.9926
2.02782	8.0147
2.03527	8.0000
2.04273	7.9410
2.05018	7.9189
2.05764	6.2064
2.06509	8.0000
2.07255	8.0000
2.08001	8.1695
2.08746	8.8084
2.09492	9.5725
2.10237	7.7641
2.10983	8.0000
2.11728	9.0000
2.12474	8.6978
2.13219	8.6757
2.13965	8.6536
2.14710	8.2629
2.15456	9.0000
2.16201	9.5872
2.16947	10.0000
2.17692	10.0000
2.18438	11.0000
2.19183	11.5012
2.19929	12.4767
2.20674	13.0000
2.21420	13.0000
2.22165	13.0000
2.22911	13.0000
2.23657	13.0000
2.24402	14.0000
2.25148	14.3219
2.25893	14.7002
2.26639	14.4447
2.27384	16.0000
2.28130	16.2334
2.28875	17.0000
2.29621	15.3784
2.30366	17.8329
2.31112	17.8550
2.31857	20.0000
2.32603	20.2015
2.33348	25.6855
2.34094	30.6044
2.34839	30.8624
2.35585	28.0369
2.36330	31.0098
2.37076	33.9681
2.37821	36.0000
2.38567	36.2285
2.39312	40.0000
2.40058	42.2408
2.40804	43.2850
2.41549	46.8354
2.42295	47.8133
2.43040	47.4177
2.43786	46.3857
2.44531	44.0000
2.45277	41.3759
2.46022	38.0000
2.46768	33.2776
2.47513	30.6830
2.48259	26.3636
2.49004	24.0000
2.49750	22.5921
2.50495	21.4300
2.51241	19.4521
2.51986	18.4742
2.52732	19.0000
2.53477	18.9631
2.54223	17.5405
2.54968	19.8747
2.55714	18.5848
2.56459	17.6069
2.57205	17.5160
2.57950	19.0000
2.58696	17.6732
2.59442	18.6953
2.60187	17.2826
2.60933	18.2604
2.61678	18.2383
2.62424	18.2162
2.63169	17.0000
2.63915	18.6560
2.64660	17.1499
2.65406	18.7445
2.66151	18.8943
2.66897	17.0000
2.67642	18.8771
2.68388	17.0393
2.69133	17.0172
2.69879	18.0000
2.70624	17.0000
2.71370	17.0983
2.72115	17.0713
2.72861	18.0000
2.73606	18.0000
2.74352	17.1376
2.75097	17.8403
2.75843	17.0000
2.76589	17.0000
2.77334	17.0000
2.78080	15.4963
2.78825	16.2703
2.79571	17.2924
2.80316	16.3145
2.81062	17.6634
2.81807	18.0000
2.82553	18.3808
2.83298	16.0000
2.84044	16.8501
2.84789	17.5528
2.85535	16.5307
2.86280	17.0172
2.87026	18.5405
2.87771	17.0713
2.88517	17.0000
2.89262	17.5799
2.90008	16.3980
2.90753	16.6241
2.91499	20.0000
2.92245	19.6683
2.92990	20.6904
2.93736	21.0000
2.94481	22.4693
2.95227	21.2432
2.95972	21.4423
2.96718	24.6020
2.97463	24.0000
2.98209	23.3096
2.98954	25.8673
2.99700	27.1106
3.00445	30.8231
3.01191	31.8673
3.01936	31.9558
3.02682	35.9558
3.03427	35.0000
3.04173	39.9779
3.04918	39.0442
3.05664	43.8673
3.06409	45.0885
3.07155	46.1106
3.07900	49.8673
3.08646	49.3096
3.09391	49.0000
3.10137	47.5970
3.10883	46.2211
3.11628	45.0000
3.12374	42.0000
3.13119	40.0000
3.13865	36.6192
3.14610	32.6634
3.15356	28.3538
3.16101	25.5037
3.16847	22.6020
3.17592	20.5799
3.18338	18.4423
3.19083	17.0000
3.19829	16.5135
3.20574	16.0000
3.21320	16.0000
3.22065	16.5528
3.22811	16.0000
3.23556	16.0000
3.24302	16.0000
3.25047	16.3587
3.25793	17.0000
3.26538	17.0000
3.27284	18.7076
3.28030	17.7297
3.28775	19.2555
3.29521	19.3219
3.30266	18.0000
3.31012	16.3636
3.31757	17.8403
3.32503	16.1376
3.33248	16.7690
3.33994	16.0000
3.34739	15.9287
3.35485	15.0000
3.36230	14.0270
3.36976	14.0000
3.37721	14.0172
3.38467	13.9607
3.39212	13.0000
3.39958	14.8329
3.40703	13.0000
3.41449	15.7445
3.42194	12.8501
3.42940	13.8280
3.43685	13.5823
3.44431	13.4324
3.45177	14.2383
3.45922	13.7396
3.46668	14.4349
3.47413	12.6093
3.48159	13.0000
3.48904	13.3489
3.49650	13.3710
3.50395	12.7862
3.51141	14.0000
3.51886	12.5627
3.52632	13.0000
3.53377	13.0000
3.54123	12.0000
3.54868	12.5258
3.55614	13.0000
3.56359	13.0000
3.57105	12.4079
3.57850	12.0000
3.58596	12.3636
3.59341	12.3415
3.60087	13.6806
3.60833	11.7027
3.61578	11.7248
3.62324	11.7469
3.63069	10.4619
3.63815	12.0000
3.64560	11.0000
3.65306	12.6708
3.66051	11.2850
3.66797	12.1204
3.67542	11.1966
3.68288	12.9238
3.69033	11.9459
3.69779	13.0000
3.70524	13.9705
3.71270	12.0000
3.72015	12.0344
3.72761	12.0000
3.73506	13.9214
3.74252	13.2015
3.74997	14.0000
3.75743	13.7101
3.76488	14.8329
3.77234	15.0000
3.77979	15.5774
3.78725	16.2998
3.79471	14.7445
3.80216	14.0000
3.80962	13.2998
3.81707	14.3219
3.82453	13.6560
3.83198	13.6339
3.83944	14.2236
3.84689	12.2310
3.85435	13.0000
3.86180	14.0000
3.86926	13.9533
3.87671	14.0000
3.88417	14.0000
3.89162	13.5430
3.89908	12.4349
3.90653	12.4128
3.91399	10.3907
3.92144	11.2629
3.92890	11.0000
3.93635	10.0000
3.94381	10.6978
3.95126	12.7199
3.95872	12.2580
3.96618	11.7641
3.97363	12.5725
3.98109	13.0000
3.98854	13.4914
3.99600	13.1474
4.00345	14.7494
4.01091	12.0000
4.01836	14.0811
4.02582	13.0000
4.03327	12.0000
4.04073	12.9853
4.04818	11.0221
4.05564	12.0000
4.06309	12.0000
4.07055	11.0737
4.07800	12.0000
4.08546	12.0000
4.09291	12.7199
4.10037	11.0000
4.10782	12.6314
4.11528	9.6192
4.12274	11.2285
4.13019	11.2506
4.13765	11.0000
4.14510	12.4103
4.15256	9.6830
4.16001	11.3391
4.16747	11.3612
4.17492	11.0000
4.18238	11.0000
4.18983	11.5725
4.19729	10.0000
4.20474	10.0565
4.21220	11.0000
4.21965	10.0319
4.22711	10.5381
4.23456	9.4398
4.24202	11.1646
4.24947	11.3956
4.25693	10.3735
4.26438	11.0000
4.27184	10.3292
4.27929	10.3071
4.28675	9.0000
4.29420	10.0000
4.30166	10.2408
4.30912	10.0000
4.31657	10.0000
4.32403	10.8256
4.33148	8.8477
4.33894	10.1302
4.34639	10.0000
4.35385	10.0860
4.36130	10.8722
4.36876	10.0000
4.37621	11.9803
4.38367	11.0000
4.39112	10.0000
4.39858	8.1400
4.40603	9.0688
4.41349	10.0000
4.42094	10.1130
4.42840	10.4054
4.43585	9.1572
4.44331	9.0000
4.45076	9.2015
4.45822	9.2236
4.46567	9.0000
4.47313	9.7322
4.48059	9.7101
4.48804	11.3759
4.49550	9.0025
4.50295	9.3563
4.51041	9.3784
4.51786	9.4005
4.52532	10.0000
4.53277	9.8894
4.54023	9.5332
4.54768	10.0000
4.55514	9.0000
4.56259	9.4668
4.57005	9.0000
4.57750	9.5774
4.58496	9.5995
4.59241	9.7568
4.59987	9.3563
4.60732	10.3317
4.61478	10.6880
4.62223	10.0000
4.62969	9.0000
4.63715	10.0000
4.64460	9.5528
4.65206	9.2015
4.65951	9.0000
4.66697	9.5283
4.67442	10.0000
4.68188	9.7740
4.68933	8.0909
4.69679	8.0000
4.70424	10.0000
4.71170	9.0246
4.71915	9.0000
4.72661	8.9803
4.73406	10.0000
4.74152	9.0000
4.74897	10.1720
4.75643	8.3243
4.76388	9.7396
4.77134	8.3047
4.77879	9.0000
4.78625	8.3931
4.79370	9.0000
4.80116	10.0000
4.80861	9.2629
4.81607	8.2850
4.82353	8.6929
4.83098	9.6708
4.83844	9.6486
4.84589	9.2531
4.85335	9.0000
4.86080	10.0000
4.86826	9.5602
4.87571	9.0000
4.88317	9.4840
4.89062	9.0000
4.89808	10.4717
4.90553	8.7985
4.91299	9.5725
4.92044	9.5946
4.92790	10.0000
4.93535	9.9165
4.94281	9.6609
4.95026	9.6339
4.95772	10.4103
4.96517	9.7273
4.97263	9.7494
4.98008	9.2285
4.98754	9.0000
4.99500	10.0000
5.00245	10.0000
5.00991	10.7199
5.01736	10.0000
5.02482	10.1916
5.03227	10.0000
5.03973	10.8968
5.04718	10.0000
5.05464	11.9926
5.06209	11.9853
5.06955	12.0000
5.07700	13.0000
5.08446	13.8378
5.09191	13.8968
5.09937	14.0000
5.10682	15.7052
5.11428	14.1695
5.12173	15.0000
5.12919	14.2138
5.13664	15.2359
5.14410	15.0000
5.15156	16.1597
5.15901	16.0000
5.16647	15.0000
5.17392	15.3071
5.18138	14.2629
5.18883	14.0000
5.19629	12.0000
5.20374	13.8698
5.21120	12.4570
5.21865	13.0000
5.22611	11.9975
5.23356	12.5233
5.24102	11.4545
5.24847	11.0000
5.25593	10.5897
5.26338	10.0000
5.27084	9.9017
5.27829	9.0000
5.28575	10.0000
5.29320	9.2998
5.30066	8.4447
5.30811	9.0000
5.31557	10.0000
5.32302	9.0000
5.33048	10.0000
5.33794	7.8329
5.34539	9.5651
5.35285	9.6314
5.36030	9.0000
5.36776	8.9214
5.37521	6.1695
5.38267	9.0000
5.39012	8.0000
5.39758	9.0000
5.40503	8.0000
5.41249	8.9459
5.41994	8.9238
5.42740	9.0000
5.43485	8.1204
5.44231	8.2850
5.44976	8.8354
5.45722	8.6265
5.46467	8.3735
5.47213	8.2310
5.47958	9.2531
5.48704	9.0000
5.49449	8.5946
5.50195	9.3194
5.50941	9.3415
5.51686	9.6364
5.52432	11.0000
5.53177	11.0000
5.53923	12.0000
5.54668	12.9042
5.55414	14.5258
5.56159	15.5037
5.56905	18.0369
5.57650	21.5405
5.58396	24.1253
5.59141	29.0000
5.59887	32.6069
5.60632	37.3710
5.61378	43.6978
5.62123	47.0000
5.62869	55.4767
5.63614	57.7174
5.64360	60.7396
5.65105	65.0000
5.65851	65.7838
5.66596	67.8059
5.67342	68.3120
5.68088	61.4496
5.68833	58.7445
5.69579	51.2113
5.70324	46.5823
5.71070	35.9386
5.71815	27.0393
5.72561	25.0000
5.73306	20.9951
5.74052	18.9459
5.74797	15.0491
5.75543	15.1425
5.76288	13.1867
5.77034	14.7690
5.77779	13.0000
5.78525	12.6806
5.79270	11.8182
5.80016	11.2039
5.80761	12.5479
5.81507	10.5037
5.82252	10.0000
5.82998	9.8771
5.83743	10.0000
5.84489	10.0000
5.85234	9.6413
5.85980	9.3808
5.86726	8.5971
5.87471	8.4251
5.88217	9.0000
5.88962	9.5307
5.89708	8.4914
5.90453	8.4865
5.91199	8.0000
5.91944	8.0000
5.92690	8.4201
5.93435	8.3980
5.94181	9.8722
5.94926	7.7076
5.95672	9.3317
5.96417	10.0000
5.97163	11.0000
5.97908	11.0000
5.98654	12.2432
5.99399	13.2211
6.00145	15.0000
6.00890	16.5307
6.01636	17.1548
6.02382	17.6634
6.03127	20.1106
6.03873	22.0000
6.04618	20.0663
6.05364	20.9115
6.06109	21.0221
6.06855	23.0000
0.00000	13.0000
0.00746	9.9779
0.01491	8.0000
0.02237	6.8673
0.02982	4.1769
0.03728	6.0000
0.04473	3.2654
0.05219	4.0000
0.05964	4.0000
0.06710	4.0000
0.07455	4.0000
0.08201	3.2432
0.08946	2.7346
0.09692	3.0000
0.10437	3.6904
0.11183	3.0000
0.11928	3.0000
0.12674	4.1278
0.13419	3.3980
0.14165	3.0000
0.14910	3.0000
0.15656	3.0000
0.16401	4.0000
0.17147	3.4914
0.17893	3.5307
0.18638	4.4472
0.19384	2.8501
0.20129	4.0000
0.20875	3.3808
0.21620	4.0000
0.22366	3.3366
0.23111	5.0000
0.23857	3.7076
0.24602	3.7297
0.25348	3.2482
0.26093	3.2260
0.26839	4.0000
0.27584	4.0000
0.28330	5.0000
0.29075	4.0000
0.29821	4.1155
0.30566	5.0000
0.31312	4.9287
0.32057	4.0000
0.32803	3.9730
0.33548	4.0000
0.34294	5.0172
0.35040	4.9607
0.35785	4.0000
0.36531	3.0000
0.37276	4.7887
0.38022	3.8722
0.38767	4.8501
0.39513	4.0000
0.40258	3.3882
0.41004	3.7838
0.41749	4.2383
0.42495	4.0000
0.43240	5.0000
0.43986	4.0000
0.44731	4.0000
0.45477	4.6511
0.46222	4.2580
0.46968	4.3931
0.47713	5.0000
0.48459	4.4373
0.49204	3.4595
0.49950	4.5184
0.50695	4.4963
0.51441	4.5774
0.52187	4.5479
0.52932	4.0000
0.53678	4.0000
0.54423	4.3857
0.55169	4.3636
0.55914	5.0000
0.56660	5.3194
0.57405	5.7027
0.58151	4.2752
0.58896	5.0000
0.59642	5.0000
0.60387	4.5823
0.61133	4.1867
0.61878	5.0000
0.62624	5.0000
0.63369	4.1204
0.64115	4.9017
0.64860	4.9238
0.65606	5.0541
0.66351	5.0000
0.67097	4.9902
0.67842	4.0123
0.68588	5.9656
0.69334	4.9435
0.70079	4.9214
0.70825	5.8993
0.71570	5.0000
0.72316	5.0000
0.73061	5.0000
0.73807	4.1892
0.74552	6.0000
0.75298	5.0000
0.76043	5.2555
0.76789	5.0000
0.77534	4.0000
0.78280	6.0000
0.79025	5.3440
0.79771	4.3661
0.80516	6.2236
0.81262	5.5897
0.82007	6.1351
0.82753	6.0000
0.83498	5.5233
0.84244	6.0000
0.84989	6.5209
0.85735	6.0000
0.86481	6.0000
0.87226	6.0000
0.87972	6.6093
0.88717	6.0000
0.89463	6.6536
0.90208	6.0000
0.90954	6.0000
0.91699	6.0000
0.92445	6.0000
0.93190	6.0000
0.93936	6.2138
0.94681	6.0000
0.95427	6.8305
0.96172	6.0000
0.96918	6.8747
0.97663	7.5872
0.98409	6.9189
0.99154	7.0590
0.99900	6.9631
1.00645	7.0147
1.01391	6.9853
1.02136	6.0295
1.02882	7.8968
1.03628	6.9263
1.04373	6.1916
1.05119	7.6462
1.05864	7.0000
1.06610	7.0000
1.07355	5.1843
1.08101	6.4128
1.08846	5.2285
1.09592	5.7494
1.10337	6.4545
1.11083	6.0000
1.11828	6.3170
1.12574	6.0000
1.13319	6.0000
1.14065	6.6167
1.14810	6.5946
1.15556	7.8550
1.16301	6.4496
1.17047	5.9435
1.17792	6.0000
1.18538	6.5160
1.19283	6.5381
1.20029	6.0000
1.20775	6.0000
1.21520	5.2088
1.22266	6.3735
1.23011	7.0000
1.23757	6.0000
1.24502	6.0000
1.25248	5.2850
1.25993	5.7371
1.26739	5.5184
1.27484	5.7813
1.28230	5.0000
1.28975	6.0000
1.29721	6.0000
1.30466	6.1302
1.31212	5.2162
1.31957	6.0000
1.32703	5.9361
1.33448	5.0418
1.34194	5.0197
1.34939	5.0000
1.35685	5.0246
1.36430	5.0467
1.37176	5.9312
1.37922	5.1818
1.38667	5.8870
1.39413	5.8649
1.40158	5.8428
1.40904	6.8206
1.41649	5.0000
1.42395	5.7764
1.43140	6.0000
1.43886	6.4644
1.44631	5.2899
1.45377	6.0000
1.46122	6.0000
1.46868	6.0000
1.47613	5.0000
1.48359	5.5995
1.49104	6.4226
1.49850	5.5553
1.50595	6.0000
1.51341	6.4889
1.52086	6.5111
1.52832	5.9337
1.53577	6.5553
1.54323	6.1548
1.55069	5.5995
1.55814	6.0000
1.56560	6.3563
1.57305	6.0000
1.58051	7.3759
1.58796	5.7101
1.59542	7.0000
1.60287	6.7543
1.61033	6.0000
1.61778	7.0000
1.62524	6.1794
1.63269	6.8428
1.64015	9.0000
1.64760	7.1130
1.65506	7.9091
1.66251	7.0688
1.66997	7.9533
1.67742	8.0246
1.68488	9.0000
1.69233	9.9803
1.69979	9.0000
1.70724	8.1916
1.71470	11.0860
1.72216	10.8919
1.72961	11.8698
1.73707	11.1523
1.74452	12.1744
1.75198	12.8034
1.75943	12.5627
1.76689	11.4816
1.77434	13.0000
1.78180	12.4300
1.78925	12.6929
1.79671	14.0000
1.80416	12.6486
1.81162	12.0000
1.81907	12.0000
1.82653	12.4177
1.83398	12.0000
1.84144	11.4619
1.84889	11.4840
1.85635	10.4816
1.86380	11.0000
1.87126	10.0000
1.87871	9.5725
1.88617	8.4054
1.89363	9.6167
1.90108	9.6388
1.90854	8.0000
1.91599	8.3170
1.92345	8.0000
1.93090	7.5455
1.93836	8.0000
1.94581	7.0000
1.95327	7.7936
1.96072	7.0000
1.96818	5.3243
1.97563	5.1400
1.98309	6.0000
1.99054	6.9042
1.99800	7.8526
2.00545	7.0000
2.01291	5.0590
2.02036	6.0147
2.02782	6.0295
2.03527	7.0369
2.04273	7.9410
2.05018	7.0811
2.05764	8.6904
2.06509	7.0000
2.07255	7.1474
2.08001	8.8305
2.08746	9.4251
2.09492	8.0000
2.10237	7.7641
2.10983	8.0000
2.11728	9.7199
2.12474	8.6978
2.13219	9.0000
2.13965	9.6536
2.14710	10.0000
2.15456	9.6093
2.16201	10.4128
2.16947	10.0000
2.17692	9.0000
2.18438	10.5209
2.19183	12.0025
2.19929	11.0000
2.20674	12.0000
2.21420	12.4324
2.22165	11.5897
2.22911	11.6118
2.23657	12.0000
2.24402	12.0000
2.25148	12.0000
2.25893	12.7002
2.26639	13.2776
2.27384	12.2555
2.28130	12.2334
2.28875	12.4226
2.29621	13.0000
2.30366	13.3342
2.31112	15.7101
2.31857	16.7543
2.32603	16.8993
2.33348	17.9214
2.34094	17.9435
2.34839	16.0688
2.35585	17.9877
2.36330	17.0000
2.37076	14.1278
2.37821	16.8919
2.38567	17.7715
2.39312	19.6069
2.40058	18.2408
2.40804	21.0000
2.41549	21.8354
2.42295	21.8133
2.43040	20.7912
2.43786	20.0000
2.44531	20.2531
2.45277	21.7248
2.46022	20.5946
2.46768	22.6806
2.47513	24.0000
2.48259	26.0000
2.49004	27.0713
2.49750	25.4079
2.50495	24.0000
2.51241	22.4521
2.51986	21.5258
2.52732	20.4963
2.53477	20.5184
2.54223	21.0000
2.54968	23.0000
2.55714	22.8305
2.56459	24.0000
2.57205	24.0000
2.57950	24.9533
2.58696	22.6536
2.59442	19.9140
2.60187	20.2826
2.60933	17.0000
2.61678	17.5233
2.62424	14.7838
2.63169	16.0000
2.63915	15.1720
2.64660	17.8501
2.65406	17.1278
2.66151	19.0000
2.66897	20.0000
2.67642	19.9386
2.68388	18.0000
2.69133	17.0000
2.69879	15.9951
2.70624	14.0000
2.71370	13.0000
2.72115	12.0713
2.72861	13.0000
2.73606	13.1155
2.74352	13.5872
2.75097	13.8403
2.75843	14.8182
2.76589	14.2039
2.77334	14.2260
2.78080	14.0000
2.78825	13.5405
2.79571	13.2924
2.80316	11.3145
2.81062	11.0000
2.81807	10.7174
2.82553	11.0000
2.83298	9.2088
2.84044	10.0000
2.84789	9.4472
2.85535	11.0000
2.86280	10.0172
2.87026	12.0000
2.87771	11.0713
2.88517	12.0000
2.89262	9.5799
2.90008	10.6020
2.90753	10.0000
2.91499	8.6462
2.92245	9.6683
2.92990	8.0000
2.93736	7.7125
2.94481	8.7346
2.95227	8.2432
2.95972	8.7789
2.96718	9.1990
2.97463	7.8231
2.98209	8.1548
2.98954	9.1327
2.99700	10.0000
3.00445	9.9115
3.01191	9.0000
3.01936	9.0000
3.02682	6.0221
3.03427	9.0000
3.04173	7.9779
3.04918	8.0000
3.05664	8.0000
3.06409	7.9115
3.07155	9.0000
3.07900	9.7346
3.08646	8.1548
3.09391	10.6462
3.10137	9.3980
3.10883	10.0000
3.11628	10.5135
3.12374	9.0000
3.13119	9.2875
3.13865	9.0000
3.14610	8.0000
3.15356	7.3538
3.16101	8.0000
3.16847	7.3980
3.17592	7.8403
3.18338	8.0000
3.19083	7.4644
3.19829	7.5135
3.20574	8.0000
3.21320	10.0000
3.22065	8.0000
3.22811	8.4251
3.23556	6.8059
3.24302	8.3808
3.25047	8.0000
3.25793	7.6634
3.26538	7.3145
3.27284	7.2924
3.28030	7.2703
3.28775	7.0000
3.29521	6.4521
3.30266	7.0000
3.31012	6.1818
3.31757	6.6806
3.32503	7.0000
3.33248	7.0000
3.33994	6.9066
3.34739	7.0000
3.35485	6.0491
3.36230	6.0000
3.36976	7.0000
3.37721	6.9828
3.38467	7.0393
3.39212	7.0000
3.39958	6.0000
3.40703	6.2113
3.41449	6.1278
3.42194	7.7002
3.42940	6.6560
3.43685	7.0000
3.44431	7.2162
3.45177	7.2383
3.45922	7.0000
3.46668	7.7174
3.47413	6.6953
3.48159	7.6732
3.48904	7.3022
3.49650	7.0000
3.50395	8.0000
3.51141	8.0000
3.51886	8.1253
3.52632	8.0000
3.53377	8.0000
3.54123	8.0000
3.54868	8.5774
3.55614	7.4521
3.56359	7.0000
3.57105	7.0000
3.57850	6.8428
3.58596	7.3636
3.59341	6.6585
3.60087	7.3194
3.60833	7.5946
3.61578	7.7248
3.62324	7.2531
3.63069	7.0000
3.63815	7.7912
3.64560	7.1867
3.65306	7.0000
3.66051	6.0000
3.66797	7.8796
3.67542	7.1966
3.68288	7.0000
3.69033	5.1081
3.69779	7.0000
3.70524	7.0000
3.71270	6.9754
3.72015	6.0344
3.72761	7.0000
3.73506	7.8428
3.74252	6.8993
3.74997	6.1228
3.75743	7.0000
3.76488	7.8329
3.77234	7.0000
3.77979	7.2113
3.78725	7.0000
3.79471	7.5111
3.80216	8.0000
3.80962	8.2998
3.81707	7.6781
3.82453	8.0000
3.83198	8.7322
3.83944	8.0000
3.84689	8.4103
3.85435	7.0000
3.86180	8.9091
3.86926	7.4767
3.87671	8.0000
3.88417	7.0000
3.89162	5.4570
3.89908	8.0000
3.90653	7.0000
3.91399	7.2187
3.92144	7.0000
3.92890	6.3464
3.93635	7.3514
3.94381	6.3022
3.95126	6.0000
3.95872	6.7420
3.96618	6.7641
3.97363	6.2138
3.98109	7.8084
3.98854	8.0000
3.99600	7.2948
4.00345	9.0000
4.01091	9.0000
4.01836	9.9189
4.02582	10.0590
4.03327	12.0000
4.04073	12.0147
4.04818	15.0000
4.05564	15.0295
4.06309	16.0516
4.07055	18.0000
4.07800	18.0000
4.08546	19.8821
4.09291	19.0000
4.10037	18.8378
4.10782	17.0000
4.11528	17.7936
4.12274	14.2285
4.13019	15.2506
4.13765	14.2727
4.14510	14.5897
4.15256	15.3170
4.16001	15.0000
4.16747	14.6388
4.17492	13.6167
4.18238	13.4054
4.18983	12.5725
4.19729	12.0000
4.20474	12.5283
4.21220	12.5061
4.21965	11.9681
4.22711	11.5381
4.23456	11.5602
4.24202	9.4177
4.24947	10.6044
4.25693	10.6265
4.26438	11.0000
4.27184	10.6708
4.27929	9.6143
4.28675	9.2850
4.29420	9.7371
4.30166	10.0000
4.30912	10.0000
4.31657	9.8034
4.32403	11.4767
4.33148	9.0000
4.33894	9.0000
4.34639	9.7838
4.35385	8.9140
4.36130	9.0000
4.36876	9.9582
4.37621	9.0000
4.38367	9.9975
4.39112	9.9754
4.39858	10.0467
4.40603	9.1376
4.41349	9.9091
4.42094	10.0000
4.42840	11.0000
4.43585	11.8428
4.44331	11.1794
4.45076	14.0000
4.45822	12.7764
4.46567	13.0000
4.47313	13.7322
4.48059	13.5799
4.48804	13.3120
4.49550	14.0000
4.50295	14.3563
4.51041	12.6216
4.51786	14.8010
4.52532	15.0000
4.53277	15.6658
4.54023	12.9337
4.54768	13.4889
4.55514	13.5111
4.56259	13.0000
4.57005	13.4447
4.57750	14.5774
4.58496	14.0000
4.59241	15.6216
4.59987	15.2875
4.60732	14.6658
4.61478	15.6241
4.62223	16.7101
4.62969	15.7322
4.63715	15.7543
4.64460	17.0000
4.65206	17.2015
4.65951	18.8206
4.66697	20.5283
4.67442	18.1351
4.68188	18.1130
4.68933	17.9091
4.69679	20.0000
4.70424	21.0000
4.71170	22.9509
4.71915	23.0000
4.72661	22.9607
4.73406	23.0000
4.74152	22.0000
4.74897	22.0860
4.75643	22.0000
4.76388	22.1302
4.77134	19.0000
4.77879	18.3489
4.78625	18.4103
4.79370	15.2187
4.80116	13.4816
4.80861	14.0000
4.81607	12.0000
4.82353	12.3071
4.83098	12.3292
4.83844	11.2973
4.84589	11.0000
4.85335	11.0000
4.86080	11.0000
4.86826	11.0000
4.87571	10.0000
4.88317	9.4840
4.89062	9.4939
4.89808	8.9435
4.90553	9.0000
4.91299	7.4275
4.92044	8.0000
4.92790	8.0000
4.93535	7.3612
4.94281	8.3391
4.95026	7.6830
4.95772	8.5897
4.96517	8.0000
4.97263	7.2506
4.98008	7.2285
4.98754	8.2064
4.99500	10.0000
5.00245	9.0000
5.00991	8.1400
5.01736	9.0000
5.02482	9.0000
5.03227	10.8526
5.03973	10.0000
5.04718	10.0000
5.05464	10.0000
5.06209	11.0147
5.06955	12.9631
5.07700	13.9410
5.08446	13.9189
5.09191	16.0000
5.09937	19.0000
5.10682	20.1474
5.11428	25.8305
5.12173	28.8084
5.12919	31.0000
5.13664	34.5283
5.14410	37.2580
5.15156	38.7199
5.15901	39.0000
5.16647	38.6757
5.17392	37.6929
5.18138	34.0000
5.18883	28.3907
5.19629	26.0000
5.20374	22.1302
5.21120	20.5430
5.21865	19.0000
5.22611	18.0000
5.23356	17.5233
5.24102	18.0000
5.24847	18.1351
5.25593	18.5897
5.26338	16.7764
5.27084	18.0000
5.27829	19.0000
5.28575	19.6781
5.29320	18.0000
5.30066	18.0000
5.30811	16.0000
5.31557	15.7666
5.32302	13.7887
5.33048	11.5676
5.33794	10.8329
5.34539	9.8550
5.35285	9.0000
5.36030	8.0000
5.36776	8.0786
5.37521	8.0000
5.38267	7.0000
5.39012	7.0000
5.39758	5.0098
5.40503	6.0000
5.41249	5.9459
5.41994	6.0762
5.42740	6.0000
5.43485	6.0000
5.44231	6.7150
5.44976	5.8354
5.45722	6.0000
5.46467	6.3735
5.47213	5.7690
5.47958	4.5061
5.48704	5.7248
5.49449	5.0000
5.50195	5.3612
5.50941	4.6585
5.51686	7.5455
5.52432	5.0000
5.53177	5.0000
5.53923	4.4300
5.54668	4.9042
5.55414	5.0000
5.56159	4.0000
5.56905	4.5184
5.57650	4.5405
5.58396	3.4373
5.59141	4.4152
5.59887	3.3931
5.60632	5.0000
5.61378	5.3489
5.62123	4.3268
5.62869	5.0000
5.63614	4.7174
5.64360	4.5209
5.65105	4.7617
5.65851	5.2162
5.66596	5.6118
5.67342	5.0000
5.68088	6.0000
5.68833	4.0000
5.69579	5.0000
5.70324	4.0835
5.71070	5.0000
5.71815	5.0000
5.72561	5.0000
5.73306	4.0049
5.74052	5.0000
5.74797	2.1474
5.75543	5.0000
5.76288	4.0934
5.77034	5.1155
5.77779	6.0000
5.78525	5.1597
5.79270	5.8182
5.80016	6.0000
5.80761	5.4521
5.81507	6.2482
5.82252	5.0000
5.82998	5.7076
5.83743	7.0000
5.84489	6.3366
5.85234	6.0000
5.85980	6.7617
5.86726	6.4029
5.87471	5.4251
5.88217	6.1057
5.88962	7.0000
5.89708	5.0000
5.90453	7.0000
5.91199	6.0000
5.91944	6.0000
5.92690	6.4201
5.93435	6.3980
5.94181	7.0000
5.94926	7.6462
5.95672	7.6683
5.96417	8.0000
5.97163	9.0000
5.97908	9.0000
5.98654	10.0000
5.99399	11.2211
6.00145	15.3980
6.00890	21.8231
6.01636	25.6192
6.02382	33.1327
6.03127	35.7789
6.03873	29.1769
6.04618	25.2654
6.05364	22.0442
6.06109	21.0000
6.06855	20.0000
0.00000	31.0000
0.00746	19.0221
0.01491	13.9558
0.02237	10.9337
0.02982	8.9115
0.03728	6.0000
0.04473	5.2654
0.05219	5.8452
0.05964	4.1769
0.06710	3.3980
0.07455	5.0000
0.08201	4.4865
0.08946	4.2654
0.09692	3.5749
0.10437	4.0000
0.11183	4.3317
0.11928	4.0000
0.12674	4.7518
0.13419	5.0000
0.14165	4.5799
0.14910	5.1155
0.15656	4.4644
0.16401	4.4865
0.17147	4.0000
0.17893	4.4693
0.18638	4.1057
0.19384	4.0000
0.20129	4.5971
0.20875	4.3808
0.21620	4.0000
0.22366	4.3366
0.23111	4.3145
0.23857	4.2924
0.24602	3.5405
0.25348	4.0000
0.26093	4.7740
0.26839	4.2039
0.27584	3.1818
0.28330	2.3194
0.29075	4.0000
0.29821	3.8845
0.30566	4.8133
0.31312	4.0000
0.32057	4.9017
0.32803	3.0541
0.33548	3.9951
0.34294	3.0344
0.35040	4.9607
0.35785	4.9386
0.36531	4.9165
0.37276	4.1057
0.38022	5.8722
0.38767	4.0000
0.39513	4.1720
0.40258	4.0000
0.41004	4.0000
0.41749	5.0000
0.42495	4.7396
0.43240	4.2826
0.43986	5.0000
0.44731	6.3464
0.45477	5.0000
0.46222	4.6290
0.46968	4.2138
0.47713	4.5848
0.48459	4.4373
0.49204	5.0000
0.49950	5.4816
0.50695	5.0000
0.51441	5.4742
0.52187	4.4521
0.52932	4.0000
0.53678	4.5921
0.54423	5.0000
0.55169	4.3636
0.55914	2.6830
0.56660	4.6388
0.57405	5.0000
0.58151	6.0000
0.58896	5.0000
0.59642	5.2310
0.60387	5.2088
0.61133	5.0000
0.61878	4.1646
0.62624	4.0000
0.63369	5.0000
0.64115	5.0000
0.64860	4.0762
0.65606	5.0000
0.66351	5.0319
0.67097	4.9902
0.67842	5.9877
0.68588	5.0000
0.69334	5.0000
0.70079	5.8428
0.70825	5.1007
0.71570	5.0000
0.72316	5.0000
0.73061	4.8329
0.73807	5.1892
0.74552	5.2113
0.75298	6.0000
0.76043	5.0000
0.76789	6.0000
0.77534	4.5995
0.78280	5.6781
0.79025	4.6880
0.79771	6.0000
0.80516	6.0000
0.81262	7.0000
0.82007	5.5676
0.82753	5.5455
0.83498	5.5233
0.84244	5.5012
0.84989	5.5209
0.85735	5.0000
0.86481	5.4349
0.87226	5.4128
0.87972	6.0000
0.88717	6.0000
0.89463	5.3464
0.90208	6.0000
0.90954	6.0000
0.91699	6.0000
0.92445	4.7420
0.93190	4.4717
0.93936	5.7862
0.94681	5.6167
0.95427	6.0000
0.96172	6.0000
0.96918	6.7494
0.97663	6.7936
0.98409	6.0000
0.99154	6.0000
0.99900	5.9631
1.00645	5.0000
1.01391	6.9926
1.02136	6.0000
1.02882	6.0000
1.03628	6.0737
1.04373	6.0958
1.05119	6.1179
1.05864	6.0000
1.06610	7.0000
1.07355	6.1843
1.08101	6.2064
1.08846	6.5430
1.09592	5.0000
1.10337	6.0000
1.11083	6.0000
1.11828	6.0000
1.12574	5.6609
1.13319	5.7224
1.14065	6.0000
1.14810	6.0000
1.15556	6.0000
1.16301	6.0000
1.17047	7.0565
1.17792	6.0000
1.18538	6.4840
1.19283	6.4619
1.20029	5.4398
1.20775	6.0000
1.21520	6.2088
1.22266	6.0000
1.23011	6.3514
1.23757	6.6708
1.24502	6.3071
1.25248	7.2850
1.25993	6.0000
1.26739	6.0000
1.27484	5.2187
1.28230	6.0000
1.28975	5.1744
1.29721	6.0000
1.30466	6.0000
1.31212	5.0000
1.31957	6.0000
1.32703	6.9361
1.33448	6.0418
1.34194	6.0000
1.34939	6.0000
1.35685	6.0246
1.36430	6.9533
1.37176	7.0000
1.37922	5.0909
1.38667	6.0000
1.39413	7.0000
1.40158	6.0000
1.40904	6.8206
1.41649	6.2015
1.42395	6.5528
1.43140	6.7543
1.43886	6.7322
1.44631	6.7101
1.45377	6.6241
1.46122	7.0000
1.46868	6.6437
1.47613	6.6216
1.48359	6.5995
1.49104	7.8452
1.49850	8.0000
1.50595	6.4668
1.51341	7.5111
1.52086	8.0000
1.52832	7.0000
1.53577	7.4447
1.54323	8.0000
1.55069	8.0000
1.55814	7.3784
1.56560	7.7125
1.57305	7.6683
1.58051	8.3120
1.58796	8.7101
1.59542	7.2678
1.60287	9.2457
1.61033	7.0000
1.61778	8.2015
1.62524	8.1794
1.63269	9.0000
1.64015	9.1351
1.64760	10.1130
1.65506	9.9091
1.66251	10.0000
1.66997	10.0000
1.67742	10.0246
1.68488	10.9951
1.69233	11.0000
1.69979	10.0418
1.70724	12.9361
1.71470	12.9140
1.72216	13.8919
1.72961	14.0000
1.73707	12.1523
1.74452	13.5233
1.75198	14.0000
1.75943	14.7813
1.76689	14.2776
1.77434	15.0000
1.78180	14.7150
1.78925	15.6929
1.79671	15.6708
1.80416	15.3514
1.81162	15.0000
1.81907	15.3956
1.82653	16.0000
1.83398	14.0000
1.84144	15.4619
1.84889	15.0000
1.85635	15.0000
1.86380	13.4717
1.87126	14.6511
1.87871	14.7174
1.88617	12.4054
1.89363	13.0000
1.90108	13.0000
1.90854	12.0000
1.91599	12.0000
1.92345	12.0000
1.93090	13.1818
1.93836	11.7494
1.94581	11.2285
1.95327	11.3808
1.96072	10.1843
1.96818	9.1622
1.97563	10.8600
1.98309	9.1179
1.99054	10.0000
1.99800	9.2211
2.00545	11.0516
2.01291	10.9705
2.02036	11.0221
2.02782	11.0147
2.03527	12.0000
2.04273	12.9410
2.05018	12.0811
2.05764	12.8968
2.06509	13.0000
2.07255	13.1474
2.08001	13.8305
2.08746	13.8084
2.09492	13.2138
2.10237	13.7641
2.10983	14.7420
2.11728	14.0000
2.12474	14.3956
2.13219	14.3514
2.13965	13.6929
2.14710	16.0000
2.15456	17.0000
2.16201	17.0000
2.16947	16.4349
2.17692	18.4570
2.18438	18.4791
2.19183	19.0025
2.19929	20.9533
2.20674	20.0000
2.21420	21.5676
2.22165	21.0000
2.22911	21.7764
2.23657	22.0000
2.24402	21.0000
2.25148	21.3563
2.25893	21.2998
2.26639	23.2776
2.27384	21.7445
2.28130	20.7002
2.28875	22.2113
2.29621	21.6216
2.30366	23.8329
2.31112	22.1450
2.31857	24.8771
2.32603	28.0000
2.33348	31.0786
2.34094	32.9435
2.34839	34.0344
2.35585	34.9754
2.36330	33.0098
2.37076	32.0000
2.37821	32.0000
2.38567	31.0762
2.39312	31.0000
2.40058	34.6388
2.40804	36.2850
2.41549	40.0000
2.42295	42.1867
2.43040	44.0000
2.43786	43.2310
2.44531	43.2408
2.45277	42.2752
2.46022	43.7027
2.46768	45.0418
2.47513	43.6830
2.48259	47.0000
2.49004	48.3857
2.49750	47.8157
2.50495	48.0000
2.51241	47.0958
2.51986	47.0000
2.52732	44.0074
2.53477	43.0369
2.54223	41.5405
2.54968	41.4373
2.55714	43.6609
2.56459	43.2138
2.57205	46.6290
2.57950	47.3489
2.58696	47.3268
2.59442	45.0000
2.60187	43.5651
2.60933	42.7396
2.61678	39.7617
2.62424	36.5676
2.63169	35.6118
2.63915	36.8280
2.64660	36.1499
2.65406	37.0000
2.66151	39.0000
2.66897	37.1671
2.67642	39.9386
2.68388	36.9214
2.69133	35.9828
2.69879	32.0000
2.70624	29.0541
2.71370	27.0983
2.72115	26.8575
2.72861	24.0934
2.73606	24.0000
2.74352	25.2752
2.75097	26.8403
2.75843	27.8182
2.76589	27.7961
2.77334	27.7740
2.78080	27.0000
2.78825	27.0000
2.79571	25.4152
2.80316	22.0000
2.81062	20.3366
2.81807	17.7174
2.82553	18.0000
2.83298	17.8059
2.84044	17.4251
2.84789	18.0000
2.85535	18.0614
2.86280	20.0000
2.87026	19.0000
2.87771	20.0713
2.88517	19.5577
2.89262	18.5799
2.90008	18.2039
2.90753	15.7518
2.91499	15.2924
2.92245	15.0000
2.92990	13.0000
2.93736	13.7125
2.94481	13.7346
2.95227	14.0000
2.95972	14.0000
2.96718	14.0000
2.97463	14.0000
2.98209	16.8452
2.98954	16.0000
2.99700	15.0000
3.00445	15.0885
3.01191	13.0663
3.01936	13.0885
3.02682	13.9779
3.03427	12.0000
3.04173	12.9558
3.04918	11.0000
3.05664	12.0000
3.06409	10.8231
3.07155	11.1106
3.07900	11.0000
3.08646	11.1548
3.09391	11.1769
3.10137	12.6020
3.10883	12.0000
3.11628	13.5135
3.12374	11.7346
3.13119	11.0000
3.13865	11.0000
3.14610	11.0000
3.15356	12.6462
3.16101	10.3759
3.16847	10.6020
3.17592	10.0000
3.18338	10.0000
3.19083	11.5356
3.19829	10.4865
3.20574	10.4914
3.21320	10.4693
3.22065	11.4472
3.22811	9.8501
3.23556	10.8059
3.24302	11.6192
3.25047	11.3587
3.25793	12.0000
3.26538	11.3145
3.27284	11.2924
3.28030	11.2703
3.28775	11.7518
3.29521	12.7740
3.30266	9.4079
3.31012	11.6364
3.31757	11.0000
3.32503	11.7248
3.33248	11.1155
3.33994	12.0000
3.34739	9.1425
3.35485	11.0000
3.36230	10.0811
3.36976	12.9951
3.37721	13.0000
3.38467	11.1179
3.39212	14.8771
3.39958	13.0000
3.40703	11.2113
3.41449	12.8722
3.42194	12.2998
3.42940	12.8280
3.43685	12.8059
3.44431	13.2162
3.45177	11.2383
3.45922	12.0000
3.46668	11.7174
3.47413	11.3047
3.48159	12.0000
3.48904	11.6511
3.49650	11.3710
3.50395	12.0000
3.51141	12.0000
3.51886	11.1253
3.52632	11.4595
3.53377	13.0000
3.54123	12.4963
3.54868	12.1032
3.55614	11.4521
3.56359	13.0000
3.57105	12.0000
3.57850	14.0000
3.58596	13.6364
3.59341	12.6585
3.60087	12.3194
3.60833	13.2973
3.61578	11.7248
3.62324	11.2531
3.63069	12.0000
3.63815	10.2088
3.64560	11.8133
3.65306	10.8354
3.66051	10.8575
3.66797	11.1204
3.67542	10.0983
3.68288	11.0000
3.69033	11.0000
3.69779	11.9361
3.70524	11.9803
3.71270	11.0246
3.72015	12.9656
3.72761	12.9435
3.73506	12.9214
3.74252	13.0000
3.74997	13.0000
3.75743	13.0000
3.76488	13.8329
3.77234	14.0000
3.77979	14.7887
3.78725	15.2334
3.79471	14.2555
3.80216	15.0000
3.80962	16.2998
3.81707	16.6781
3.82453	15.6560
3.83198	16.6339
3.83944	17.2236
3.84689	14.5897
3.85435	14.4324
3.86180	13.4545
3.86926	13.0467
3.87671	12.0000
3.88417	11.4791
3.89162	11.5430
3.89908	10.5651
3.90653	10.5872
3.91399	9.0000
3.92144	9.6314
3.92890	9.3464
3.93635	10.0000
3.94381	9.3022
3.95126	9.2801
3.95872	9.0000
3.96618	9.7076
3.97363	11.0000
3.98109	10.1916
3.98854	11.3391
3.99600	13.0000
4.00345	13.0000
4.01091	13.8968
4.01836	16.0811
4.02582	17.0000
4.03327	19.9631
4.04073	20.0295
4.04818	24.9926
4.05564	28.0295
4.06309	30.0000
4.07055	33.8526
4.07800	37.0000
4.08546	37.1179
4.09291	38.2801
4.10037	40.0000
4.10782	38.1843
4.11528	35.4128
4.12274	34.2285
4.13019	32.2506
4.13765	29.7273
4.14510	25.0000
4.15256	25.3170
4.16001	22.6609
4.16747	21.3612
4.17492	21.6167
4.18238	18.4054
4.18983	19.1450
4.19729	18.5504
4.20474	18.4717
4.21220	17.4939
4.21965	18.0000
4.22711	16.4619
4.23456	17.5602
4.24202	18.1646
4.24947	16.6044
4.25693	18.6265
4.26438	17.3514
4.27184	15.3292
4.27929	17.3857
4.28675	16.0000
4.29420	15.2629
4.30166	14.7592
4.30912	15.6560
4.31657	16.0000
4.32403	15.1744
4.33148	15.0000
4.33894	14.1302
4.34639	15.7838
4.35385	16.0000
4.36130	16.9361
4.36876	14.9582
4.37621	16.9803
4.38367	17.9975
4.39112	17.0246
4.39858	18.0467
4.40603	18.1376
4.41349	20.0000
4.42094	22.0000
4.42840	23.0000
4.43585	24.0000
4.44331	25.3587
4.45076	24.4029
4.45822	25.7764
4.46567	24.4914
4.47313	27.0000
4.48059	26.5799
4.48804	24.6241
4.49550	25.6683
4.50295	22.3563
4.51041	22.3784
4.51786	21.4005
4.52532	22.0000
4.53277	22.4447
4.54023	21.5332
4.54768	24.0221
4.55514	23.0000
4.56259	24.4668
4.57005	24.5553
4.57750	26.5774
4.58496	25.8010
4.59241	26.7568
4.59987	27.0000
4.60732	28.0000
4.61478	28.3759
4.62223	29.0000
4.62969	30.2678
4.63715	29.4914
4.64460	30.2236
4.65206	30.2015
4.65951	30.1794
4.66697	31.8428
4.67442	33.8649
4.68188	32.7740
4.68933	35.0000
4.69679	37.0000
4.70424	36.0934
4.71170	36.0000
4.71915	35.0025
4.72661	33.0000
4.73406	32.0418
4.74152	29.9361
4.74897	28.0000
4.75643	24.0000
4.76388	22.1302
4.77134	18.3047
4.77879	17.0000
4.78625	14.1966
4.79370	14.2187
4.80116	15.0000
4.80861	13.0000
4.81607	13.0000
4.82353	11.3857
4.83098	12.0000
4.83844	10.0000
4.84589	11.0000
4.85335	9.6044
4.86080	10.5823
4.86826	10.5602
4.87571	9.4619
4.88317	11.0000
4.89062	9.9877
4.89808	10.4717
4.90553	11.1007
4.91299	11.0000
4.92044	11.0000
4.92790	10.7666
4.93535	11.2776
4.94281	9.6609
4.95026	10.6830
4.95772	11.0000
4.96517	11.2727
4.97263	13.4988
4.98008	11.4570
4.98754	13.2064
4.99500	14.0000
5.00245	14.3243
5.00991	13.8600
5.01736	16.0000
5.02482	15.1916
5.03227	18.0000
5.03973	19.0516
5.04718	21.0000
5.05464	24.9926
5.06209	28.0147
5.06955	32.8894
5.07700	33.0590
5.08446	37.0811
5.09191	43.1032
5.09937	45.3759
5.10682	50.0000
5.11428	49.6781
5.12173	52.5749
5.12919	54.5725
5.13664	52.7641
5.14410	49.2580
5.15156	45.5602
5.15901	39.6978
5.16647	33.0000
5.17392	28.6929
5.18138	22.3686
5.18883	19.3907
5.19629	17.1744
5.20374	16.4349
5.21120	14.5430
5.21865	14.0000
5.22611	13.0000
5.23356	13.9533
5.24102	13.0000
5.24847	10.1351
5.25593	11.0000
5.26338	9.6118
5.27084	10.0000
5.27829	8.3440
5.28575	7.3219
5.29320	6.7002
5.30066	6.4447
5.30811	7.0000
5.31557	6.0000
5.32302	6.2113
5.33048	6.0000
5.33794	4.5012
5.34539	5.1450
5.35285	5.1228
5.36030	5.8993
5.36776	4.0000
5.37521	5.0000
5.38267	4.0688
5.39012	4.9877
5.39758	4.0098
5.40503	3.0958
5.41249	4.0541
5.41994	5.0000
5.42740	5.0000
5.43485	5.1204
5.44231	4.1425
5.44976	4.8354
5.45722	4.0000
5.46467	4.2088
5.47213	4.2310
5.47958	4.4939
5.48704	4.2752
5.49449	4.2973
5.50195	4.6806
5.50941	4.3415
5.51686	3.7273
5.52432	4.0000
5.53177	6.4079
5.53923	5.0000
5.54668	4.5479
5.55414	4.0000
5.56159	5.5037
5.56905	5.0000
5.57650	5.0000
5.58396	5.0000
5.59141	5.1695
5.59887	5.6069
5.60632	5.0000
5.61378	5.6511
5.62123	4.3268
5.62869	5.0000
5.63614	4.2826
5.64360	4.0000
5.65105	5.0000
5.65851	4.2162
5.66596	5.8059
5.67342	5.0000
5.68088	4.8501
5.68833	4.3833
5.69579	5.0000
5.70324	5.8329
5.71070	4.0614
5.71815	5.0000
5.72561	5.0000
5.73306	4.9951
5.74052	5.0000
5.74797	4.9509
5.75543	5.0000
5.76288	4.0934
5.77034	5.0000
5.77779	5.2752
5.78525	5.0000
5.79270	6.0000
5.80016	5.0000
5.80761	5.0000
5.81507	4.2482
5.82252	5.2703
5.82998	5.2924
5.83743	5.6855
5.84489	6.3268
5.85234	6.3587
5.85980	6.3808
5.86726	6.4029
5.87471	6.4251
5.88217	6.4472
5.88962	6.5307
5.89708	7.0000
5.90453	7.0000
5.91199	7.5356
5.91944	7.0000
5.92690	9.0000
5.93435	11.0000
5.94181	11.6241
5.94926	13.0000
5.95672	15.0000
5.96417	21.0000
5.97163	28.4251
5.97908	36.2654
5.98654	39.5135
5.99399	38.4423
6.00145	31.8010
6.00890	27.8231
6.01636	23.0000
6.02382	20.7346
6.03127	16.5528
6.03873	17.0885
6.04618	16.0000
6.05364	17.0442
6.06109	16.0221
6.06855	17.0000
0.00000	48.0000
0.00746	28.9779
0.01491	17.9558
0.02237	11.0000
0.02982	9.9115
0.03728	8.1106
0.04473	8.7346
0.05219	6.6904
0.05964	5.8231
0.06710	5.0000
0.07455	4.7789
0.08201	5.5135
0.08946	4.2654
0.09692	4.0000
0.10437	4.6904
0.11183	4.3317
0.11928	5.3538
0.12674	5.0000
0.13419	4.6020
0.14165	4.4201
0.14910	3.4423
0.15656	3.9287
0.16401	4.5135
0.17147	5.0000
0.17893	4.4693
0.18638	4.0000
0.19384	5.0000
0.20129	4.5971
0.20875	5.0000
0.21620	4.6413
0.22366	3.6634
0.23111	4.3145
0.23857	5.0000
0.24602	4.0000
0.25348	3.2482
0.26093	4.0000
0.26839	4.2039
0.27584	5.0000
0.28330	5.0000
0.29075	5.7248
0.29821	4.8845
0.30566	4.0934
0.31312	4.0713
0.32057	4.0491
0.32803	4.0000
0.33548	4.0049
0.34294	5.0000
0.35040	5.0000
0.35785	5.9386
0.36531	4.0835
0.37276	5.0000
0.38022	3.3833
0.38767	5.8501
0.39513	4.1720
0.40258	5.0000
0.41004	5.0000
0.41749	5.2383
0.42495	4.2604
0.43240	4.7174
0.43986	5.3907
0.44731	4.0000
0.45477	5.0000
0.46222	5.0000
0.46968	4.6069
0.47713	4.5848
0.48459	5.3120
0.49204	3.5405
0.49950	5.0000
0.50695	4.0000
0.51441	4.5258
0.52187	4.4521
0.52932	5.4300
0.53678	5.0000
0.54423	4.6143
0.55169	5.6364
0.55914	5.3415
0.56660	6.0000
0.57405	5.2973
0.58151	4.2752
0.58896	4.7469
0.59642	5.0000
0.60387	5.0000
0.61133	5.3735
0.61878	5.8354
0.62624	4.0000
0.63369	5.6388
0.64115	5.0983
0.64860	4.0762
0.65606	5.0000
0.66351	5.0000
0.67097	4.0098
0.67842	6.0000
0.68588	5.0000
0.69334	4.0565
0.70079	4.0786
0.70825	5.0000
0.71570	3.8771
0.72316	5.0000
0.73061	5.1671
0.73807	5.8108
0.74552	5.0000
0.75298	6.0000
0.76043	6.0000
0.76789	6.4447
0.77534	4.5995
0.78280	5.3219
0.79025	5.0000
0.79771	4.6339
0.80516	5.0000
0.81262	4.8206
0.82007	5.0000
0.82753	5.4545
0.83498	6.0000
0.84244	6.4988
0.84989	5.4791
0.85735	4.4570
0.86481	6.4349
0.87226	6.0000
0.87972	5.0000
0.88717	5.3686
0.89463	6.3071
0.90208	5.6486
0.90954	6.0000
0.91699	6.0000
0.92445	5.7420
0.93190	5.0000
0.93936	6.0000
0.94681	5.8084
0.95427	6.0000
0.96172	4.1474
0.96918	5.0000
0.97663	6.0000
0.98409	5.0000
0.99154	5.1179
0.99900	6.0369
1.00645	6.0147
1.01391	5.9779
1.02136	5.9705
1.02882	6.0516
1.03628	6.0000
1.04373	5.0000
1.05119	5.8821
1.05864	6.1400
1.06610	5.3243
1.07355	5.8157
1.08101	6.2064
1.08846	5.0000
1.09592	6.2506
1.10337	6.2727
1.11083	6.7052
1.11828	5.6830
1.12574	5.6609
1.13319	5.9165
1.14065	6.2334
1.14810	6.4054
1.15556	6.4275
1.16301	7.0000
1.17047	6.0000
1.17792	6.0000
1.18538	6.0000
1.19283	5.0000
1.20029	4.8796
1.20775	6.0000
1.21520	5.0000
1.22266	6.6265
1.23011	6.0000
1.23757	7.3415
1.24502	6.0000
1.25248	6.0000
1.25993	5.2629
1.26739	5.2408
1.27484	6.2187
1.28230	5.6069
1.28975	5.8256
1.29721	5.8477
1.30466	6.0000
1.31212	5.0000
1.31957	6.0860
1.32703	5.0639
1.33448	6.9582
1.34194	6.0000
1.34939	5.9975
1.35685	6.9509
1.36430	6.0467
1.37176	5.0000
1.37922	5.0000
1.38667	5.0000
1.39413	6.0000
1.40158	4.3145
1.40904	5.6413
1.41649	6.0000
1.42395	6.0000
1.43140	6.0000
1.43886	5.2678
1.44631	5.2899
1.45377	6.0000
1.46122	5.6658
1.46868	6.0000
1.47613	6.6216
1.48359	6.5995
1.49104	5.0000
1.49850	6.0000
1.50595	6.0000
1.51341	6.0000
1.52086	5.4889
1.52832	5.5332
1.53577	6.5553
1.54323	6.5774
1.55069	6.5995
1.55814	6.0000
1.56560	5.7125
1.57305	6.3342
1.58051	6.3120
1.58796	6.5799
1.59542	7.0000
1.60287	7.7543
1.61033	7.2236
1.61778	7.2015
1.62524	7.0000
1.63269	7.1572
1.64015	7.1351
1.64760	7.8870
1.65506	9.0000
1.66251	8.0688
1.66997	9.0000
1.67742	8.9754
1.68488	8.0025
1.69233	8.0000
1.69979	9.9582
1.70724	9.9361
1.71470	9.0860
1.72216	10.8919
1.72961	9.8698
1.73707	10.1523
1.74452	10.1744
1.75198	11.8034
1.75943	10.4373
1.76689	12.0000
1.77434	12.4742
1.78180	11.7150
1.78925	12.3857
1.79671	12.3292
1.80416	12.6486
1.81162	11.8796
1.81907	12.3956
1.82653	11.8354
1.83398	12.0000
1.84144	11.9238
1.84889	12.5160
1.85635	12.4939
1.86380	11.4717
1.87126	11.0000
1.87871	10.5725
1.88617	10.5946
1.89363	11.0000
1.90108	10.0000
1.90854	10.6609
1.91599	9.3170
1.92345	8.4103
1.93090	8.5455
1.93836	8.7494
1.94581	8.0000
1.95327	8.2064
1.96072	7.1843
1.96818	8.0000
1.97563	6.8600
1.98309	8.5283
1.99054	7.9042
1.99800	6.0737
2.00545	8.8452
2.01291	7.0295
2.02036	7.0147
2.02782	6.0295
2.03527	7.0000
2.04273	7.0000
2.05018	8.0000
2.05764	9.0000
2.06509	7.1253
2.07255	8.0000
2.08001	8.0000
2.08746	8.0000
2.09492	7.2138
2.10237	8.0000
2.10983	7.7420
2.11728	8.0000
2.12474	7.9066
2.13219	8.3243
2.13965	7.3464
2.14710	9.3686
2.15456	8.0000
2.16201	7.0000
2.16947	7.8698
2.17692	9.0000
2.18438	8.9582
2.19183	9.0000
2.19929	8.5233
2.20674	8.5455
2.21420	8.7027
2.22165	10.5897
2.22911	9.3882
2.23657	8.3661
2.24402	10.3440
2.25148	9.0000
2.25893	10.0000
2.26639	10.0000
2.27384	10.2555
2.28130	10.7666
2.28875	9.4226
2.29621	9.1892
2.30366	11.0000
2.31112	10.2899
2.31857	11.8771
2.32603	12.0000
2.33348	11.9214
2.34094	13.0000
2.34839	13.9656
2.35585	13.9877
2.36330	13.9902
2.37076	14.9681
2.37821	14.8919
2.38567	13.0000
2.39312	13.0983
2.40058	15.0000
2.40804	14.0000
2.41549	13.4939
2.42295	16.0000
2.43040	16.2088
2.43786	17.5381
2.44531	16.7592
2.45277	18.7248
2.46022	20.4054
2.46768	20.6806
2.47513	22.6585
2.48259	23.2727
2.49004	24.0000
2.49750	24.0000
2.50495	24.0000
2.51241	25.4521
2.51986	24.5258
2.52732	23.0074
2.53477	21.4816
2.54223	22.5405
2.54968	24.0000
2.55714	25.1695
2.56459	26.2138
2.57205	27.8870
2.57950	28.0000
2.58696	29.0000
2.59442	28.6093
2.60187	27.7174
2.60933	26.5209
2.61678	25.0000
2.62424	25.7838
2.63169	25.0000
2.63915	27.1720
2.64660	27.8501
2.65406	28.0000
2.66151	29.1057
2.66897	29.0835
2.67642	30.0000
2.68388	30.0000
2.69133	28.0172
2.69879	25.0000
2.70624	24.0270
2.71370	22.0983
2.72115	22.0713
2.72861	21.0000
2.73606	22.8845
2.74352	22.1376
2.75097	25.0000
2.75843	27.0000
2.76589	26.5921
2.77334	27.4521
2.78080	25.4963
2.78825	25.4595
2.79571	24.2924
2.80316	24.0565
2.81062	21.6634
2.81807	19.7174
2.82553	20.2383
2.83298	19.4029
2.84044	20.1499
2.84789	21.0000
2.85535	22.0000
2.86280	22.0000
2.87026	23.0270
2.87771	23.0713
2.88517	25.1155
2.89262	21.6806
2.90008	22.3980
2.90753	19.6241
2.91499	18.6462
2.92245	17.6634
2.92990	16.6904
2.93736	13.7125
2.94481	16.0000
2.95227	17.5135
2.95972	16.7789
2.96718	17.8010
2.97463	19.0000
2.98209	20.1548
2.98954	21.0000
2.99700	20.2211
3.00445	20.0000
3.01191	20.0000
3.01936	17.9558
3.02682	16.0000
3.03427	15.0000
3.04173	14.9779
3.04918	13.0000
3.05664	12.1327
3.06409	13.0000
3.07155	13.2211
3.07900	13.2654
3.08646	15.0000
3.09391	15.8231
3.10137	16.1990
3.10883	16.5577
3.11628	14.2162
3.12374	17.0000
3.13119	15.4251
3.13865	14.6192
3.14610	13.0000
3.15356	13.0000
3.16101	12.2482
3.16847	11.0000
3.17592	11.3194
3.18338	8.5577
3.19083	10.0000
3.19829	9.5135
3.20574	10.0000
3.21320	10.4693
3.22065	9.8943
3.22811	10.5749
3.23556	10.4029
3.24302	11.0000
3.25047	10.7174
3.25793	10.6634
3.26538	9.6290
3.27284	9.0000
3.28030	9.2703
3.28775	9.2482
3.29521	8.7740
3.30266	9.0000
3.31012	8.1818
3.31757	8.0000
3.32503	8.1376
3.33248	8.1155
3.33994	7.9066
3.34739	9.0000
3.35485	7.0983
3.36230	7.9730
3.36976	9.9902
3.37721	7.0344
3.38467	8.0000
3.39212	9.8771
3.39958	8.0835
3.40703	8.8943
3.41449	8.8722
3.42194	8.0000
3.42940	9.4840
3.43685	7.1941
3.44431	8.7838
3.45177	6.7617
3.45922	7.5209
3.46668	8.7174
3.47413	8.0000
3.48159	8.3464
3.48904	8.6978
3.49650	8.0000
3.50395	7.6069
3.51141	7.7543
3.51886	7.5627
3.52632	8.4595
3.53377	8.0369
3.54123	8.4963
3.54868	7.4742
3.55614	8.0000
3.56359	9.0000
3.57105	8.5921
3.57850	9.3857
3.58596	8.3636
3.59341	9.0000
3.60087	7.6806
3.60833	8.7027
3.61578	8.0000
3.62324	8.7469
3.63069	7.2310
3.63815	7.2088
3.64560	8.8133
3.65306	7.0000
3.66051	7.2850
3.66797	8.0000
3.67542	7.0983
3.68288	6.9238
3.69033	8.8919
3.69779	7.0000
3.70524	8.0000
3.71270	8.9754
3.72015	8.0000
3.72761	8.0000
3.73506	8.0786
3.74252	8.0000
3.74997	8.8771
3.75743	9.7101
3.76488	9.6658
3.77234	10.4324
3.77979	10.0000
3.78725	9.7666
3.79471	10.4889
3.80216	9.0000
3.80962	9.7002
3.81707	10.0000
3.82453	9.3440
3.83198	8.6339
3.83944	8.3882
3.84689	7.8206
3.85435	9.0000
3.86180	8.5455
3.86926	8.5233
3.87671	8.0000
3.88417	6.9582
3.89162	8.0000
3.89908	8.0000
3.90653	7.0000
3.91399	6.3907
3.92144	8.0000
3.92890	7.0000
3.93635	8.0000
3.94381	7.3022
3.95126	9.1597
3.95872	7.7420
3.96618	10.2924
3.97363	9.2138
3.98109	10.0000
3.98854	10.1695
3.99600	11.2948
4.00345	12.2506
4.01091	14.0000
4.01836	15.9189
4.02582	16.1179
4.03327	18.9631
4.04073	21.0147
4.04818	22.9926
4.05564	23.0000
4.06309	22.0516
4.07055	22.0000
4.07800	21.0000
4.08546	19.1179
4.09291	18.1400
4.10037	17.8378
4.10782	16.6314
4.11528	15.0000
4.12274	13.7715
4.13019	13.7494
4.13765	12.5455
4.14510	13.0000
4.15256	12.0000
4.16001	11.3391
4.16747	12.0000
4.17492	11.6167
4.18238	12.0000
4.18983	10.1450
4.19729	11.0000
4.20474	11.4717
4.21220	11.0123
4.21965	11.4840
4.22711	11.5381
4.23456	11.0000
4.24202	11.0000
4.24947	11.0000
4.25693	11.0000
4.26438	11.0000
4.27184	11.0000
4.27929	10.6929
4.28675	11.0000
4.29420	10.0000
4.30166	10.0000
4.30912	10.5627
4.31657	9.0000
4.32403	9.8256
4.33148	10.8477
4.33894	9.8698
4.34639	10.0000
4.35385	11.0000
4.36130	11.0000
4.36876	11.0000
4.37621	10.0393
4.38367	10.9975
4.39112	12.9509
4.39858	12.9533
4.40603	13.9312
4.41349	15.9091
4.42094	14.0000
4.42840	15.0000
4.43585	16.0000
4.44331	18.8206
4.45076	18.0000
4.45822	18.0000
4.46567	18.2457
4.47313	16.7322
4.48059	17.2899
4.48804	15.6880
4.49550	16.0000
4.50295	14.7125
4.51041	14.6216
4.51786	16.0000
4.52532	15.0000
4.53277	15.0000
4.54023	14.9337
4.54768	16.0000
4.55514	16.0221
4.56259	16.0000
4.57005	16.8894
4.57750	17.5774
4.58496	18.4005
4.59241	19.0000
4.59987	19.0000
4.60732	20.3342
4.61478	20.6241
4.62223	21.2899
4.62969	22.2678
4.63715	23.2457
4.64460	22.6708
4.65206	22.0000
4.65951	23.0000
4.66697	23.3145
4.67442	24.7297
4.68188	25.0000
4.68933	25.9091
4.69679	27.8624
4.70424	26.9533
4.71170	25.0246
4.71915	25.0049
4.72661	25.0197
4.73406	23.0000
4.74152	21.0000
4.74897	19.1720
4.75643	16.8919
4.76388	14.8698
4.77134	14.0000
4.77879	11.0000
4.78625	11.0000
4.79370	10.2187
4.80116	9.2408
4.80861	9.0000
4.81607	8.2850
4.82353	8.3857
4.83098	8.3292
4.83844	8.0000
4.84589	8.6265
4.85335	8.0000
4.86080	7.5823
4.86826	7.4398
4.87571	7.0000
4.88317	7.5479
4.89062	8.0000
4.89808	8.0000
4.90553	9.0000
4.91299	7.8550
4.92044	8.0000
4.92790	9.2334
4.93535	7.7224
4.94281	9.0000
4.95026	8.3170
4.95772	9.0000
4.96517	9.0000
4.97263	9.7494
4.98008	10.0000
4.98754	11.2064
4.99500	12.0000
5.00245	11.8378
5.00991	12.0000
5.01736	12.7641
5.02482	13.0000
5.03227	14.0000
5.03973	15.1032
5.04718	17.9705
5.05464	19.9853
5.06209	24.0147
5.06955	27.9631
5.07700	31.0000
5.08446	34.9189
5.09191	39.0000
5.09937	42.6241
5.10682	44.0000
5.11428	46.3219
5.12173	45.1916
5.12919	41.8550
5.13664	39.7641
5.14410	35.4840
5.15156	29.7199
5.15901	26.7912
5.16647	21.3514
5.17392	17.3071
5.18138	15.6314
5.18883	13.3907
5.19629	12.1744
5.20374	11.4349
5.21120	12.0860
5.21865	10.0000
5.22611	11.9975
5.23356	11.0000
5.24102	11.4545
5.24847	11.0000
5.25593	9.0000
5.26338	8.3882
5.27084	8.0000
5.27829	7.3440
5.28575	6.6781
5.29320	6.7002
5.30066	6.0000
5.30811	5.2555
5.31557	6.7666
5.32302	4.4226
5.33048	6.8108
5.33794	5.0000
5.34539	5.8550
5.35285	4.8772
5.36030	5.8993
5.36776	5.0000
5.37521	3.0565
5.38267	5.0000
5.39012	4.0246
5.39758	4.0098
5.40503	4.0000
5.41249	4.0541
5.41994	5.0000
5.42740	4.0983
5.43485	4.0000
5.44231	4.0000
5.44976	5.6708
5.45722	4.8133
5.46467	5.0000
5.47213	4.7690
5.47958	4.4939
5.48704	5.4496
5.49449	5.2973
5.50195	4.6806
5.50941	4.3415
5.51686	4.0000
5.52432	5.0000
5.53177	5.0000
5.53923	4.0000
5.54668	4.0000
5.55414	4.4742
5.56159	4.0000
5.56905	5.0000
5.57650	4.4595
5.58396	4.5627
5.59141	4.4152
5.59887	5.6069
5.60632	5.3710
5.61378	7.0000
5.62123	9.3268
5.62869	12.0000
5.63614	9.0000
5.64360	5.0000
5.65105	5.0000
5.65851	4.2162
5.66596	4.8059
5.67342	5.0000
5.68088	5.0000
5.68833	4.8722
5.69579	4.8943
5.70324	4.0000
5.71070	4.0614
5.71815	4.0393
5.72561	5.0000
5.73306	4.0049
5.74052	4.0270
5.74797	4.9509
5.75543	4.9287
5.76288	4.9066
5.77034	4.1155
5.77779	4.8624
5.78525	4.1597
5.79270	4.1818
5.80016	5.3882
5.80761	5.2260
5.81507	4.0000
5.82252	5.0000
5.82998	4.7076
5.83743	3.6855
5.84489	5.0000
5.85234	5.0000
5.85980	6.6192
5.86726	6.5971
5.87471	6.7248
5.88217	4.8943
5.88962	7.5307
5.89708	7.0000
5.90453	7.5135
5.91199	7.0000
5.91944	7.0000
5.92690	8.4201
5.93435	8.7961
5.94181	9.6241
5.94926	11.3538
5.95672	13.3317
5.96417	18.6904
5.97163	25.2875
5.97908	31.7346
5.98654	35.7568
5.99399	33.0000
6.00145	27.1990
6.00890	23.0000
6.01636	18.8452
6.02382	17.1327
6.03127	13.8894
6.03873	15.0000
6.04618	13.9337
6.05364	11.1327
6.06109	12.9779
6.06855	13.0000
0.00000	12.0000
0.00746	11.9779
0.01491	8.9558
0.02237	7.9337
0.02982	7.0885
0.03728	6.1106
0.04473	6.0000
0.05219	5.1548
0.05964	6.8231
0.06710	5.8010
0.07455	5.2211
0.08201	6.5135
0.08946	8.0000
0.09692	4.2875
0.10437	5.3096
0.11183	4.6683
0.11928	5.0000
0.12674	4.0000
0.13419	4.3980
0.14165	4.5799
0.14910	5.1155
0.15656	4.5356
0.16401	5.0000
0.17147	6.4914
0.17893	5.0000
0.18638	4.0000
0.19384	5.5749
0.20129	4.4029
0.20875	3.7617
0.21620	4.3587
0.22366	4.3366
0.23111	4.6855
0.23857	4.5848
0.24602	4.2703
0.25348	4.0000
0.26093	5.0000
0.26839	4.0000
0.27584	4.0000
0.28330	2.3194
0.29075	4.2752
0.29821	4.0000
0.30566	5.0000
0.31312	4.0713
0.32057	4.0000
0.32803	4.0000
0.33548	4.0049
0.34294	4.0000
0.35040	4.9214
0.35785	4.0000
0.36531	4.0000
0.37276	3.7887
0.38022	4.7445
0.38767	4.0000
0.39513	4.0000
0.40258	4.1941
0.41004	5.0000
0.41749	5.5233
0.42495	4.0000
0.43240	4.7174
0.43986	4.3047
0.44731	4.6732
0.45477	4.3489
0.46222	4.0000
0.46968	4.0000
0.47713	4.0000
0.48459	4.6880
0.49204	4.0000
0.49950	3.0369
0.50695	5.0000
0.51441	3.0516
0.52187	4.5479
0.52932	5.4300
0.53678	4.0000
0.54423	4.6143
0.55169	3.6364
0.55914	3.3415
0.56660	3.6388
0.57405	4.7027
0.58151	4.0000
0.58896	4.4939
0.59642	2.4619
0.60387	4.0000
0.61133	3.1867
0.61878	3.8354
0.62624	3.1425
0.63369	4.1204
0.64115	4.9017
0.64860	2.2285
0.65606	5.0000
0.66351	4.0000
0.67097	4.0000
0.67842	4.0123
0.68588	4.0000
0.69334	5.0000
0.70079	4.0000
0.70825	4.8993
0.71570	5.7543
0.72316	4.7101
0.73061	5.8329
0.73807	5.1892
0.74552	4.2113
0.75298	5.5332
0.76043	5.0000
0.76789	4.0000
0.77534	4.0000
0.78280	4.3219
0.79025	4.3120
0.79771	5.0000
0.80516	4.0000
0.81262	5.1794
0.82007	4.1351
0.82753	4.0000
0.83498	4.0000
0.84244	3.9975
0.84989	4.5209
0.85735	5.0000
0.86481	5.0000
0.87226	6.0000
0.87972	4.8280
0.88717	5.6314
0.89463	5.0000
0.90208	6.0000
0.90954	4.3022
0.91699	4.7199
0.92445	5.2260
0.93190	4.2359
0.93936	5.0000
0.94681	4.1916
0.95427	5.0000
0.96172	4.8526
0.96918	5.8747
0.97663	4.1032
0.98409	4.8378
0.99154	4.0000
0.99900	5.0000
1.00645	4.0147
1.01391	5.0000
1.02136	4.0590
1.02882	4.0516
1.03628	4.0000
1.04373	4.0000
1.05119	5.0000
1.05864	5.1400
1.06610	4.1622
1.07355	4.8157
1.08101	5.0000
1.08846	4.0000
1.09592	4.4988
1.10337	4.7273
1.11083	5.0000
1.11828	4.0000
1.12574	4.0000
1.13319	5.0000
1.14065	4.3833
1.14810	5.0000
1.15556	5.0000
1.16301	4.0000
1.17047	7.0000
1.17792	5.4939
1.18538	6.0000
1.19283	4.4619
1.20029	5.0000
1.20775	4.0000
1.21520	5.0000
1.22266	5.3735
1.23011	4.6486
1.23757	4.3292
1.24502	4.6929
1.25248	4.0000
1.25993	5.0000
1.26739	4.7592
1.27484	4.7813
1.28230	4.0000
1.28975	5.0000
1.29721	5.8477
1.30466	5.0000
1.31212	5.0000
1.31957	4.9140
1.32703	4.0639
1.33448	4.9582
1.34194	4.0000
1.34939	4.0025
1.35685	5.9754
1.36430	5.0000
1.37176	4.9312
1.37922	5.8182
1.38667	5.0000
1.39413	5.0000
1.40158	4.8428
1.40904	4.8206
1.41649	5.0000
1.42395	4.7764
1.43140	4.7543
1.43886	4.2678
1.44631	5.7101
1.45377	6.0000
1.46122	3.3342
1.46868	5.0000
1.47613	5.3784
1.48359	5.4005
1.49104	4.4226
1.49850	5.0000
1.50595	5.5332
1.51341	5.5111
1.52086	6.0221
1.52832	5.5332
1.53577	4.1106
1.54323	5.5774
1.55069	6.0000
1.55814	5.3784
1.56560	5.6437
1.57305	5.6658
1.58051	5.0000
1.58796	5.0000
1.59542	6.0000
1.60287	5.2457
1.61033	6.0000
1.61778	6.2015
1.62524	6.1794
1.63269	6.8428
1.64015	6.0000
1.64760	6.0000
1.65506	7.0000
1.66251	7.0688
1.66997	5.1400
1.67742	7.9754
1.68488	7.9975
1.69233	7.9803
1.69979	8.0000
1.70724	7.0639
1.71470	7.2580
1.72216	7.1081
1.72961	9.1302
1.73707	8.0000
1.74452	8.1744
1.75198	8.8034
1.75943	8.2187
1.76689	8.7592
1.77434	9.2629
1.78180	9.0000
1.78925	9.3857
1.79671	8.6708
1.80416	9.0000
1.81162	9.0000
1.81907	8.6044
1.82653	8.5823
1.83398	8.0000
1.84144	8.0000
1.84889	7.0000
1.85635	7.4939
1.86380	7.0565
1.87126	7.0000
1.87871	6.5725
1.88617	7.4054
1.89363	6.7666
1.90108	5.7224
1.90854	7.0000
1.91599	6.0000
1.92345	6.0000
1.93090	6.0000
1.93836	5.2506
1.94581	5.2285
1.95327	5.2064
1.96072	6.1843
1.96818	4.3243
1.97563	6.0000
1.98309	5.0000
1.99054	6.0000
1.99800	6.0000
2.00545	6.0516
2.01291	6.0000
2.02036	5.0074
2.02782	5.0147
2.03527	6.0000
2.04273	6.8821
2.05018	6.0000
2.05764	6.7936
2.06509	6.0000
2.07255	5.1474
2.08001	6.1695
2.08746	6.0000
2.09492	6.0000
2.10237	5.2359
2.10983	6.2580
2.11728	7.0000
2.12474	7.0000
2.13219	6.3243
2.13965	7.0000
2.14710	8.6314
2.15456	7.3907
2.16201	7.4128
2.16947	8.0000
2.17692	8.0000
2.18438	7.9582
2.19183	8.0025
2.19929	7.4767
2.20674	6.0000
2.21420	7.0000
2.22165	7.0000
2.22911	6.6118
2.23657	7.6339
2.24402	8.6560
2.25148	7.6437
2.25893	7.7002
2.26639	7.2776
2.27384	7.7445
2.28130	6.4668
2.28875	8.0000
2.29621	7.8108
2.30366	9.8329
2.31112	9.8550
2.31857	9.8771
2.32603	9.8993
2.33348	8.1572
2.34094	9.9435
2.34839	9.0000
2.35585	9.0246
2.36330	10.0000
2.37076	11.9681
2.37821	11.1081
2.38567	10.8477
2.39312	11.0983
2.40058	10.2408
2.40804	11.1425
2.41549	10.8354
2.42295	12.0000
2.43040	10.7912
2.43786	12.0000
2.44531	12.7469
2.45277	12.7248
2.46022	13.7027
2.46768	14.3194
2.47513	14.0000
2.48259	14.9091
2.49004	14.3857
2.49750	14.0000
2.50495	13.8600
2.51241	13.9042
2.51986	15.0000
2.52732	16.0000
2.53477	16.4816
2.54223	16.5405
2.54968	17.0000
2.55714	19.0000
2.56459	18.0000
2.57205	17.0000
2.57950	17.6511
2.58696	16.6536
2.59442	16.0000
2.60187	15.2826
2.60933	15.2604
2.61678	15.7150
2.62424	16.0000
2.63169	16.8059
2.63915	16.8280
2.64660	17.1499
2.65406	19.0000
2.66151	17.8943
2.66897	17.0835
2.67642	14.1843
2.68388	15.0393
2.69133	14.0172
2.69879	14.0000
2.70624	12.9730
2.71370	14.0491
2.72115	13.9287
2.72861	14.0000
2.73606	14.8845
2.74352	15.1376
2.75097	15.1597
2.75843	16.8182
2.76589	15.0000
2.77334	13.0000
2.78080	13.5037
2.78825	13.0000
2.79571	11.2924
2.80316	10.6290
2.81062	11.6732
2.81807	11.0000
2.82553	11.7617
2.83298	11.5971
2.84044	12.5749
2.84789	13.5528
2.85535	14.0000
2.86280	14.0000
2.87026	12.9730
2.87771	13.0000
2.88517	12.1155
2.89262	11.1597
2.90008	9.7961
2.90753	8.6241
2.91499	8.3538
2.92245	8.3317
2.92990	10.0000
2.93736	9.2875
2.94481	9.2654
2.95227	11.0000
2.95972	11.7789
2.96718	11.8010
2.97463	11.0000
2.98209	11.1548
2.98954	9.3980
2.99700	10.0000
3.00445	9.1769
3.01191	9.8673
3.01936	9.0000
3.02682	8.0221
3.03427	8.0000
3.04173	8.0000
3.04918	7.0000
3.05664	8.0000
3.06409	7.1769
3.07155	7.1106
3.07900	8.8673
3.08646	9.8452
3.09391	9.0000
3.10137	9.1990
3.10883	8.7789
3.11628	7.2432
3.12374	7.2654
3.13119	8.4251
3.13865	6.3096
3.14610	7.0000
3.15356	6.2924
3.16101	6.3759
3.16847	5.6020
3.17592	6.0000
3.18338	6.0000
3.19083	6.0000
3.19829	5.4865
3.20574	6.5086
3.21320	6.5307
3.22065	5.4472
3.22811	6.4251
3.23556	6.0000
3.24302	6.0000
3.25047	4.7174
3.25793	6.0000
3.26538	6.6855
3.27284	6.0000
3.28030	6.0000
3.28775	6.0000
3.29521	5.2260
3.30266	5.7961
3.31012	6.8182
3.31757	5.3194
3.32503	5.8624
3.33248	6.0000
3.33994	6.0934
3.34739	6.0000
3.35485	5.9509
3.36230	7.9459
3.36976	4.0098
3.37721	5.0000
3.38467	5.0000
3.39212	6.0614
3.39958	6.0000
3.40703	6.0000
3.41449	5.1278
3.42194	7.7002
3.42940	5.0000
3.43685	6.0000
3.44431	5.4324
3.45177	5.7617
3.45922	5.0000
3.46668	5.0000
3.47413	5.6093
3.48159	5.3268
3.48904	5.0000
3.49650	5.3710
3.50395	4.6069
3.51141	6.5848
3.51886	5.5627
3.52632	6.0000
3.53377	5.0000
3.54123	5.4963
3.54868	5.5258
3.55614	6.0000
3.56359	5.5700
3.57105	5.5921
3.57850	5.3857
3.58596	6.3636
3.59341	5.0000
3.60087	5.3194
3.60833	5.2973
3.61578	5.7248
3.62324	5.2531
3.63069	5.7690
3.63815	5.2088
3.64560	6.0000
3.65306	4.8354
3.66051	5.0000
3.66797	5.7592
3.67542	4.9017
3.68288	5.0762
3.69033	5.9459
3.69779	5.0000
3.70524	5.0000
3.71270	5.9877
3.72015	5.0344
3.72761	5.0000
3.73506	6.0000
3.74252	5.8993
3.74997	5.0000
3.75743	5.8550
3.76488	5.8329
3.77234	5.1892
3.77979	5.2113
3.78725	4.0000
3.79471	6.0000
3.80216	6.0000
3.80962	5.2998
3.81707	4.6437
3.82453	6.0000
3.83198	5.6339
3.83944	6.0000
3.84689	5.4103
3.85435	5.8649
3.86180	5.4545
3.86926	4.5233
3.87671	5.5012
3.88417	5.4791
3.89162	5.0000
3.89908	5.0000
3.90653	5.8256
3.91399	6.6093
3.92144	5.6314
3.92890	5.0000
3.93635	5.0000
3.94381	4.3956
3.95126	5.4398
3.95872	5.4840
3.96618	5.0000
3.97363	5.4275
3.98109	5.1916
3.98854	6.1695
3.99600	6.8526
4.00345	7.1253
4.01091	7.0000
4.01836	7.9189
4.02582	8.0590
4.03327	9.0000
4.04073	8.9853
4.04818	8.0147
4.05564	9.0000
4.06309	8.0516
4.07055	6.9263
4.07800	7.0958
4.08546	7.0000
4.09291	7.0000
4.10037	6.8378
4.10782	7.0000
4.11528	6.2064
4.12274	7.2285
4.13019	6.7494
4.13765	5.5455
4.14510	6.0000
4.15256	5.3661
4.16001	6.0000
4.16747	5.6388
4.17492	6.6167
4.18238	6.0000
4.18983	3.8550
4.19729	6.0000
4.20474	6.4717
4.21220	6.0123
4.21965	6.0000
4.22711	6.0000
4.23456	6.4398
4.24202	5.5823
4.24947	6.3956
4.25693	6.0000
4.26438	5.0000
4.27184	5.6708
4.27929	5.6929
4.28675	5.0000
4.29420	5.7371
4.30166	4.4816
4.30912	5.2187
4.31657	5.1966
4.32403	5.1744
4.33148	5.8477
4.33894	6.0000
4.34639	5.0000
4.35385	6.0000
4.36130	6.9361
4.36876	6.0000
4.37621	6.9803
4.38367	6.9975
4.39112	6.0246
4.39858	7.0000
4.40603	5.9312
4.41349	8.9091
4.42094	8.1130
4.42840	8.0000
4.43585	8.3145
4.44331	8.0000
4.45076	8.4029
4.45822	8.7764
4.46567	8.2457
4.47313	9.2678
4.48059	8.0000
4.48804	8.0000
4.49550	8.3342
4.50295	8.7125
4.51041	9.0000
4.51786	8.0000
4.52532	7.4226
4.53277	7.4447
4.54023	7.5332
4.54768	8.4668
4.55514	8.5111
4.56259	9.0000
4.57005	9.0000
4.57750	9.4226
4.58496	8.8010
4.59241	11.0000
4.59987	11.0000
4.60732	10.6658
4.61478	10.3759
4.62223	11.0000
4.62969	11.2678
4.63715	12.0000
4.64460	11.2236
4.65206	12.7985
4.65951	11.0000
4.66697	12.6855
4.67442	13.8649
4.68188	13.8870
4.68933	14.8182
4.69679	14.8624
4.70424	17.9066
4.71170	15.0000
4.71915	16.0000
4.72661	16.9410
4.73406	13.9582
4.74152	12.0639
4.74897	11.9140
4.75643	10.1081
4.76388	9.2604
4.77134	9.8477
4.77879	8.1744
4.78625	8.3931
4.79370	8.2187
4.80116	7.7592
4.80861	7.7371
4.81607	7.0000
4.82353	7.0000
4.83098	6.6708
4.83844	7.6486
4.84589	7.2531
4.85335	6.2088
4.86080	5.4177
4.86826	5.4398
4.87571	5.9238
4.88317	5.5160
4.89062	5.0000
4.89808	6.0000
4.90553	6.0000
4.91299	4.8550
4.92044	5.0000
4.92790	4.3833
4.93535	5.0000
4.94281	6.0000
4.95026	5.3170
4.95772	3.8845
4.96517	6.4545
4.97263	5.7494
4.98008	6.0000
4.98754	6.7936
4.99500	5.1843
5.00245	6.8378
5.00991	6.0000
5.01736	5.2359
5.02482	7.1916
5.03227	6.1474
5.03973	8.0000
5.04718	8.0295
5.05464	9.9926
5.06209	10.0147
5.06955	13.0000
5.07700	14.0000
5.08446	16.1622
5.09191	19.8968
5.09937	22.4988
5.10682	23.1474
5.11428	24.5086
5.12173	24.0000
5.12919	23.7862
5.13664	22.2359
5.14410	20.2580
5.15156	18.0000
5.15901	14.3022
5.16647	12.3243
5.17392	11.0000
5.18138	10.8943
5.18883	8.3907
5.19629	8.1744
5.20374	7.0000
5.21120	5.4570
5.21865	6.0000
5.22611	6.0000
5.23356	6.0000
5.24102	6.0000
5.24847	5.7297
5.25593	6.0000
5.26338	5.6118
5.27084	5.3661
5.27829	5.6560
5.28575	6.3219
5.29320	5.0000
5.30066	5.0000
5.30811	6.0000
5.31557	5.0000
5.32302	5.0000
5.33048	5.0000
5.33794	5.6658
5.34539	4.2899
5.35285	4.0000
5.36030	4.8993
5.36776	5.0000
5.37521	3.0565
5.38267	4.0000
5.39012	4.0123
5.39758	4.9902
5.40503	4.9361
5.41249	5.0000
5.41994	4.9238
5.42740	4.1966
5.43485	3.8796
5.44231	4.1425
5.44976	4.0000
5.45722	4.8133
5.46467	4.7912
5.47213	4.2310
5.47958	4.2531
5.48704	3.2752
5.49449	4.0000
5.50195	4.6388
5.50941	3.6830
5.51686	4.3636
5.52432	4.0000
5.53177	3.5921
5.53923	3.4300
5.54668	3.4521
5.55414	4.0000
5.56159	4.0000
5.56905	4.5184
5.57650	3.9189
5.58396	4.0000
5.59141	4.0000
5.59887	3.7862
5.60632	4.0000
5.61378	4.0000
5.62123	4.3268
5.62869	3.3047
5.63614	5.2826
5.64360	4.0000
5.65105	2.7150
5.65851	3.2162
5.66596	5.4177
5.67342	5.6560
5.68088	4.1499
5.68833	4.0000
5.69579	4.0000
5.70324	4.9165
5.71070	3.9386
5.71815	4.0000
5.72561	4.0000
5.73306	5.9902
5.74052	4.0270
5.74797	4.9509
5.75543	4.0000
5.76288	4.0000
5.77034	4.0000
5.77779	4.0000
5.78525	3.8403
5.79270	4.0000
5.80016	2.4079
5.80761	4.2260
5.81507	4.0000
5.82252	3.0000
5.82998	4.7076
5.83743	5.6855
5.84489	4.6732
5.85234	5.6413
5.85980	6.3808
5.86726	4.5971
5.87471	4.5749
5.88217	4.4472
5.88962	4.4693
5.89708	5.0000
5.90453	5.0000
5.91199	4.5356
5.91944	6.0000
5.92690	5.5799
5.93435	6.2039
5.94181	6.3759
5.94926	7.6462
5.95672	9.0000
5.96417	13.3808
5.97163	18.2875
5.97908	23.7346
5.98654	24.7568
5.99399	23.5577
6.00145	19.6020
6.00890	16.0000
6.01636	14.0000
6.02382	12.8673
6.03127	11.8894
6.03873	10.0000
6.04618	9.1327
6.05364	10.0000
6.06109	9.9779
6.06855	9.0000
0.00000	10.0000
0.00746	7.0000
0.01491	7.9558
0.02237	6.0000
0.02982	6.0000
0.03728	6.0000
0.04473	5.1327
0.05219	5.1548
0.05964	5.0000
0.06710	4.3980
0.07455	4.2211
0.08201	3.4865
0.08946	4.5307
0.09692	4.0000
0.10437	4.0000
0.11183	5.0000
0.11928	4.0000
0.12674	4.3759
0.13419	4.6020
0.14165	4.0000
0.14910	4.0000
0.15656	4.5356
0.16401	4.4865
0.17147	4.0172
0.17893	5.5307
0.18638	4.5528
0.19384	4.0000
0.20129	4.5971
0.20875	5.0000
0.21620	4.3587
0.22366	4.3366
0.23111	5.3145
0.23857	5.0000
0.24602	4.7297
0.25348	4.0000
0.26093	4.0000
0.26839	4.0000
0.27584	4.8182
0.28330	4.1597
0.29075	4.1376
0.29821	4.0000
0.30566	4.0934
0.31312	4.0000
0.32057	4.0000
0.32803	4.9730
0.33548	4.0000
0.34294	4.9828
0.35040	5.9607
0.35785	5.0000
0.36531	4.0000
0.37276	4.7887
0.38022	4.0000
0.38767	5.7002
0.39513	8.1720
0.40258	5.3882
0.41004	4.2162
0.41749	4.2383
0.42495	4.7396
0.43240	4.0000
0.43986	4.0000
0.44731	4.0000
0.45477	4.0000
0.46222	4.2580
0.46968	4.3931
0.47713	3.5848
0.48459	3.7494
0.49204	3.5405
0.49950	4.0000
0.50695	4.5037
0.51441	4.0000
0.52187	4.0958
0.52932	5.7101
0.53678	4.4079
0.54423	4.0000
0.55169	4.3636
0.55914	4.6830
0.56660	4.0000
0.57405	4.7027
0.58151	4.2752
0.58896	4.7469
0.59642	5.0000
0.60387	5.0000
0.61133	4.8133
0.61878	3.1646
0.62624	4.8575
0.63369	4.0000
0.64115	4.0983
0.64860	4.0762
0.65606	4.0541
0.66351	4.0319
0.67097	5.0000
0.67842	5.9754
0.68588	4.0000
0.69334	5.9435
0.70079	5.9214
0.70825	4.8993
0.71570	5.0000
0.72316	4.0000
0.73061	4.1671
0.73807	5.0000
0.74552	5.7887
0.75298	5.5332
0.76043	5.0000
0.76789	5.0000
0.77534	5.0000
0.78280	5.0000
0.79025	5.6560
0.79771	5.0000
0.80516	5.0000
0.81262	4.5897
0.82007	5.0000
0.82753	5.0000
0.83498	5.5233
0.84244	5.0000
0.84989	5.0000
0.85735	5.0860
0.86481	5.5651
0.87226	6.0000
0.87972	5.3907
0.88717	4.0000
0.89463	4.6929
0.90208	5.6757
0.90954	5.6978
0.91699	6.4398
0.92445	4.5160
0.93190	4.2359
0.93936	6.7862
0.94681	5.8084
0.95427	6.0000
0.96172	5.8526
0.96918	6.8747
0.97663	6.0000
0.98409	6.0811
0.99154	6.0590
0.99900	6.9631
1.00645	6.9853
1.01391	6.0000
1.02136	6.0295
1.02882	6.0516
1.03628	6.0000
1.04373	7.0958
1.05119	7.1179
1.05864	6.7199
1.06610	7.0000
1.07355	7.1843
1.08101	6.7936
1.08846	7.0000
1.09592	7.2506
1.10337	7.0000
1.11083	6.7052
1.11828	7.0000
1.12574	7.6609
1.13319	7.0000
1.14065	6.0000
1.14810	6.5946
1.15556	6.1450
1.16301	6.4496
1.17047	6.4717
1.17792	7.0000
1.18538	6.0000
1.19283	6.5381
1.20029	6.0000
1.20775	5.1646
1.21520	6.0000
1.22266	6.3735
1.23011	6.0000
1.23757	6.6708
1.24502	6.3071
1.25248	6.7150
1.25993	5.2629
1.26739	6.0000
1.27484	6.0000
1.28230	5.8034
1.28975	6.0000
1.29721	6.0000
1.30466	6.1302
1.31212	5.8919
1.31957	5.0860
1.32703	5.9361
1.33448	6.9582
1.34194	6.9803
1.34939	6.0000
1.35685	5.0246
1.36430	5.0467
1.37176	4.8624
1.37922	6.9091
1.38667	6.0000
1.39413	6.0000
1.40158	5.8428
1.40904	5.0000
1.41649	5.7985
1.42395	5.7764
1.43140	5.7543
1.43886	5.0000
1.44631	6.0000
1.45377	5.6880
1.46122	5.3342
1.46868	5.0000
1.47613	4.6216
1.48359	5.4005
1.49104	5.4226
1.49850	5.5553
1.50595	6.5332
1.51341	6.0000
1.52086	6.5111
1.52832	6.0663
1.53577	6.4447
1.54323	6.1548
1.55069	5.0000
1.55814	5.6216
1.56560	6.0000
1.57305	6.0000
1.58051	6.6880
1.58796	5.7101
1.59542	7.0000
1.60287	6.7543
1.61033	6.7764
1.61778	6.7985
1.62524	5.3587
1.63269	8.6855
1.64015	6.1351
1.64760	7.1130
1.65506	7.9091
1.66251	8.0688
1.66997	9.9533
1.67742	9.9754
1.68488	8.0025
1.69233	9.9803
1.69979	9.0000
1.70724	10.1278
1.71470	10.9140
1.72216	9.2162
1.72961	10.2604
1.73707	11.0000
1.74452	11.0000
1.75198	11.0000
1.75943	10.4373
1.76689	10.0000
1.77434	11.7371
1.78180	10.2850
1.78925	11.6143
1.79671	11.0000
1.80416	10.0000
1.81162	11.2531
1.81907	10.0000
1.82653	8.4177
1.83398	10.0000
1.84144	10.0000
1.84889	7.5160
1.85635	9.0000
1.86380	9.5283
1.87126	7.4496
1.87871	8.5725
1.88617	7.5946
1.89363	6.6167
1.90108	6.3612
1.90854	6.3391
1.91599	6.6830
1.92345	6.2948
1.93090	7.0000
1.93836	7.0000
1.94581	6.2285
1.95327	6.7936
1.96072	6.1843
1.96818	4.3243
1.97563	5.1400
1.98309	6.0000
1.99054	5.0958
1.99800	6.9263
2.00545	6.0000
2.01291	5.0295
2.02036	7.9779
2.02782	7.0000
2.03527	5.9631
2.04273	7.0000
2.05018	7.8378
2.05764	6.1032
2.06509	6.1253
2.07255	6.8526
2.08001	7.0000
2.08746	7.1916
2.09492	7.5725
2.10237	6.2359
2.10983	6.7420
2.11728	7.2801
2.12474	7.3022
2.13219	8.0000
2.13965	7.3071
2.14710	7.3686
2.15456	8.0000
2.16201	7.1744
2.16947	8.0000
2.17692	7.6290
2.18438	7.9582
2.19183	7.4988
2.19929	7.9533
2.20674	8.0000
2.21420	6.8649
2.22165	8.0000
2.22911	7.0000
2.23657	7.7322
2.24402	9.3440
2.25148	8.3563
2.25893	9.2998
2.26639	8.0000
2.27384	8.2555
2.28130	8.2334
2.28875	9.0000
2.29621	8.0000
2.30366	7.3342
2.31112	7.8550
2.31857	9.0000
2.32603	8.0000
2.33348	9.0000
2.34094	8.0565
2.34839	8.9656
2.35585	8.0123
2.36330	9.9902
2.37076	9.0000
2.37821	8.0000
2.38567	9.0000
2.39312	8.0000
2.40058	9.8796
2.40804	7.2850
2.41549	8.6708
2.42295	8.1867
2.43040	8.2088
2.43786	9.0000
2.44531	10.0000
2.45277	8.0000
2.46022	7.5946
2.46768	9.6806
2.47513	9.3415
2.48259	8.3636
2.49004	8.6143
2.49750	8.4079
2.50495	9.0000
2.51241	9.4521
2.51986	9.0000
2.52732	10.0000
2.53477	9.4816
2.54223	9.0000
2.54968	9.0000
2.55714	10.0000
2.56459	8.3931
2.57205	8.6290
2.57950	9.0000
2.58696	9.3268
2.59442	8.6953
2.60187	9.2826
2.60933	8.4791
2.61678	9.0000
2.62424	9.5676
2.63169	9.0000
2.63915	9.6560
2.64660	10.0000
2.65406	7.1278
2.66151	9.8943
2.66897	10.0000
2.67642	9.0614
2.68388	9.0000
2.69133	11.0000
2.69879	10.9951
2.70624	10.0000
2.71370	9.0000
2.72115	12.0000
2.72861	10.1867
2.73606	10.0000
2.74352	9.8624
2.75097	10.0000
2.75843	9.3636
2.76589	11.0000
2.77334	10.0000
2.78080	10.0000
2.78825	9.5405
2.79571	10.7076
2.80316	10.3145
2.81062	9.3366
2.81807	10.6413
2.82553	10.3808
2.83298	11.0000
2.84044	9.5749
2.84789	10.4472
2.85535	9.5307
2.86280	9.9828
2.87026	10.0000
2.87771	9.5356
2.88517	10.1155
2.89262	11.5799
2.90008	11.0000
2.90753	11.0000
2.91499	11.3538
2.92245	10.6634
2.92990	12.3808
2.93736	11.7125
2.94481	11.5307
2.95227	13.2432
2.95972	12.2211
2.96718	12.3980
2.97463	15.0000
2.98209	14.0000
2.98954	13.8673
2.99700	14.1106
3.00445	14.9115
3.01191	12.0000
3.01936	12.0442
3.02682	12.9779
3.03427	13.0000
3.04173	13.0221
3.04918	13.0442
3.05664	16.8673
3.06409	16.0885
3.07155	19.8894
3.07900	22.0000
3.08646	23.8452
3.09391	23.3538
3.10137	25.1990
3.10883	24.0000
3.11628	23.0000
3.12374	19.5307
3.13119	19.2875
3.13865	18.0713
3.14610	16.3317
3.15356	15.3538
3.16101	14.0000
3.16847	14.3980
3.17592	14.1597
3.18338	15.0000
3.19083	14.9287
3.19829	17.0000
3.20574	17.5258
3.21320	19.4693
3.22065	20.5528
3.22811	20.0000
3.23556	19.5971
3.24302	20.6192
3.25047	19.3587
3.25793	18.0000
3.26538	17.3145
3.27284	15.0000
3.28030	15.0000
3.28775	13.2482
3.29521	12.2260
3.30266	12.0000
3.31012	10.1818
3.31757	10.0000
3.32503	10.0000
3.33248	10.0000
3.33994	10.0000
3.34739	9.1425
3.35485	9.0491
3.36230	9.9730
3.36976	9.0000
3.37721	11.0000
3.38467	9.0393
3.39212	10.8771
3.39958	9.1671
3.40703	11.0000
3.41449	10.0000
3.42194	10.0000
3.42940	9.3440
3.43685	9.8059
3.44431	7.6486
3.45177	9.0000
3.45922	9.2604
3.46668	8.2826
3.47413	8.0000
3.48159	9.3268
3.48904	9.0000
3.49650	7.7420
3.50395	9.6069
3.51141	9.0000
3.51886	10.1253
3.52632	9.4595
3.53377	11.0369
3.54123	11.5037
3.54868	11.4742
3.55614	11.5479
3.56359	12.5700
3.57105	13.1843
3.57850	13.1572
3.58596	14.2727
3.59341	13.0246
3.60087	12.6806
3.60833	13.2973
3.61578	13.2752
3.62324	12.0000
3.63069	11.7690
3.63815	12.0000
3.64560	10.6265
3.65306	12.8354
3.66051	10.8575
3.66797	10.1204
3.67542	9.0983
3.68288	10.8477
3.69033	8.9459
3.69779	8.9681
3.70524	8.0098
3.71270	9.0000
3.72015	9.0000
3.72761	10.0000
3.73506	9.0786
3.74252	9.0000
3.74997	9.0000
3.75743	10.0000
3.76488	9.0000
3.77234	10.1892
3.77979	10.0000
3.78725	10.7666
3.79471	11.0000
3.80216	10.2776
3.80962	11.8010
3.81707	11.6781
3.82453	11.6560
3.83198	11.0000
3.83944	10.8354
3.84689	10.0000
3.85435	10.4324
3.86180	11.0000
3.86926	9.5700
3.87671	10.5012
3.88417	9.0000
3.89162	9.5430
3.89908	10.5651
3.90653	8.8256
3.91399	8.6093
3.92144	8.6314
3.92890	7.6929
3.93635	8.0000
3.94381	8.6978
3.95126	8.2801
3.95872	10.2580
3.96618	9.7641
3.97363	10.0000
3.98109	10.0000
3.98854	10.6609
3.99600	11.1474
4.00345	12.1253
4.01091	13.8968
4.01836	14.0811
4.02582	15.0590
4.03327	17.0369
4.04073	19.0000
4.04818	21.0074
4.05564	23.0295
4.06309	26.8452
4.07055	26.3686
4.07800	32.0958
4.08546	36.1179
4.09291	39.0000
4.10037	40.8378
4.10782	45.1843
4.11528	47.8256
4.12274	48.3145
4.13019	49.2506
4.13765	51.0000
4.14510	50.0000
4.15256	49.6339
4.16001	47.6609
4.16747	44.3612
4.17492	43.7666
4.18238	41.0000
4.18983	38.4275
4.19729	37.0000
4.20474	34.5283
4.21220	31.5307
4.21965	30.9681
4.22711	27.9238
4.23456	27.4398
4.24202	26.7469
4.24947	23.6044
4.25693	20.8796
4.26438	21.0000
4.27184	19.0000
4.27929	18.6929
4.28675	16.5700
4.29420	17.2629
4.30166	16.5184
4.30912	15.2187
4.31657	15.3931
4.32403	14.3489
4.33148	15.0000
4.33894	15.0000
4.34639	15.7838
4.35385	15.0000
4.36130	16.8084
4.36876	15.9165
4.37621	15.9803
4.38367	16.9902
4.39112	14.0246
4.39858	14.9066
4.40603	14.8624
4.41349	13.0909
4.42094	15.7740
4.42840	14.0000
4.43585	15.8428
4.44331	15.1794
4.45076	16.0000
4.45822	15.0000
4.46567	14.7543
4.47313	15.0000
4.48059	14.5799
4.48804	16.3759
4.49550	16.6658
4.50295	16.0000
4.51041	15.8649
4.51786	16.2015
4.52532	16.5774
4.53277	15.4447
4.54023	15.0000
4.54768	15.5111
4.55514	15.0000
4.56259	15.0000
4.57005	15.5553
4.57750	15.1548
4.58496	14.4005
4.59241	15.3784
4.59987	15.3563
4.60732	15.3342
4.61478	15.3759
4.62223	16.1302
4.62969	15.4644
4.63715	17.2457
4.64460	16.2236
4.65206	16.7985
4.65951	15.5381
4.66697	17.0000
4.67442	17.8649
4.68188	16.3391
4.68933	16.1818
4.69679	17.8624
4.70424	18.8600
4.71170	18.0246
4.71915	19.9926
4.72661	19.9214
4.73406	19.9582
4.74152	18.9361
4.74897	19.8280
4.75643	20.5676
4.76388	17.0000
4.77134	19.0000
4.77879	17.0000
4.78625	16.8034
4.79370	16.2187
4.80116	16.0000
4.80861	14.4742
4.81607	13.7150
4.82353	13.6929
4.83098	13.3415
4.83844	12.7027
4.84589	12.2531
4.85335	12.3956
4.86080	12.5823
4.86826	12.0000
4.87571	11.5381
4.88317	12.0000
4.89062	11.9877
4.89808	11.0000
4.90553	11.5504
4.91299	12.0000
4.92044	12.0000
4.92790	12.3833
4.93535	12.0000
4.94281	11.6609
4.95026	10.3170
4.95772	10.5897
4.96517	11.2727
4.97263	11.2506
4.98008	10.2285
4.98754	12.0000
4.99500	11.1843
5.00245	12.6757
5.00991	12.0000
5.01736	13.8821
5.02482	13.0000
5.03227	13.1474
5.03973	13.1032
5.04718	14.9410
5.05464	15.0074
5.06209	16.0000
5.06955	16.0000
5.07700	16.0000
5.08446	17.0811
5.09191	19.7936
5.09937	20.1253
5.10682	21.1474
5.11428	24.6609
5.12173	27.0000
5.12919	30.5725
5.13664	34.0000
5.14410	38.2580
5.15156	42.2801
5.15901	45.6978
5.16647	49.3514
5.17392	54.0000
5.18138	54.5258
5.18883	55.2187
5.19629	56.7617
5.20374	56.1302
5.21120	52.3710
5.21865	50.0000
5.22611	43.5061
5.23356	39.5233
5.24102	32.0000
5.24847	28.0000
5.25593	24.0000
5.26338	21.3882
5.27084	19.0000
5.27829	18.3440
5.28575	18.0000
5.29320	16.5995
5.30066	16.7224
5.30811	15.2555
5.31557	15.2334
5.32302	14.7887
5.33048	15.6216
5.33794	12.0000
5.34539	11.0000
5.35285	10.1229
5.36030	9.0000
5.36776	8.0000
5.37521	8.0000
5.38267	7.9656
5.39012	6.0123
5.39758	6.0098
5.40503	7.0000
5.41249	5.9459
5.41994	6.0762
5.42740	5.0000
5.43485	6.0000
5.44231	5.7150
5.44976	5.8354
5.45722	5.1867
5.46467	5.0000
5.47213	5.2310
5.47958	4.7469
5.48704	5.0000
5.49449	5.2973
5.50195	5.0000
5.50941	5.0000
5.51686	6.2727
5.52432	5.0000
5.53177	5.4079
5.53923	5.0000
5.54668	6.0958
5.55414	5.5258
5.56159	5.4963
5.56905	5.4816
5.57650	5.5405
5.58396	4.8747
5.59141	5.0000
5.59887	5.0000
5.60632	5.6290
5.61378	5.3489
5.62123	5.6732
5.62869	5.3047
5.63614	6.2826
5.64360	5.7396
5.65105	6.0000
5.65851	6.0000
5.66596	7.8059
5.67342	6.1720
5.68088	6.1499
5.68833	6.8722
5.69579	6.0000
5.70324	6.0000
5.71070	5.9386
5.71815	6.0000
5.72561	5.0172
5.73306	3.0147
5.74052	6.0270
5.74797	5.9509
5.75543	5.8575
5.76288	5.1867
5.77034	5.8845
5.77779	6.7248
5.78525	5.6806
5.79270	5.8182
5.80016	5.0000
5.80761	5.7740
5.81507	5.7518
5.82252	5.0000
5.82998	6.0000
5.83743	6.0000
5.84489	5.6634
5.85234	6.2826
5.85980	5.6192
5.86726	5.0000
5.87471	5.0000
5.88217	6.0000
5.88962	6.0000
5.89708	5.9828
5.90453	5.4865
5.91199	7.0713
5.91944	7.0000
5.92690	7.4201
5.93435	7.3980
5.94181	7.6241
5.94926	8.0000
5.95672	8.3366
5.96417	10.0000
5.97163	10.2875
5.97908	11.0000
5.98654	14.0000
5.99399	20.3366
6.00145	22.0000
6.00890	23.3538
6.01636	24.3096
6.02382	22.0000
6.03127	18.2211
6.03873	16.9115
6.04618	13.9337
6.05364	11.1327
6.06109	10.9779
6.06855	11.0000

