0.00000	14.00000
0.00769	13.00000
0.01538	13.00000
0.02308	10.01525
0.03077	11.04066
0.03846	11.94917
0.04615	11.00000
0.05385	11.00000
0.06154	11.00000
0.06923	10.90851
0.07692	11.00000
0.08462	10.00000
0.09231	9.93901
0.10000	10.06607
0.10769	10.00000
0.11538	10.84752
0.12308	10.08132
0.13077	12.00000
0.13846	10.00000
0.14615	9.80686
0.15385	8.30496
0.16154	10.78653
0.16923	10.88818
0.17692	9.76620
0.18462	9.12198
0.19231	10.00000
0.20000	10.00000
0.20769	10.00000
0.21538	9.00000
0.22308	8.29479
0.23077	10.00000
0.23846	9.84244
0.24615	9.83736
0.25385	10.00000
0.26154	10.51842
0.26923	10.82211
0.27692	9.18297
0.28462	11.00000
0.29231	9.80686
0.30000	12.00000
0.30769	11.79670
0.31538	10.58323
0.32308	10.57306
0.33077	9.00000
0.33846	10.00000
0.34615	9.22872
0.35385	9.23380
0.36154	10.23888
0.36923	11.00000
0.37692	10.00000
0.38462	10.74587
0.39231	10.00000
0.40000	10.00000
0.40769	9.73062
0.41538	9.27446
0.42308	10.00000
0.43077	10.00000
0.43846	11.00000
0.44615	10.00000
0.45385	11.40025
0.46154	9.60991
0.46923	11.68996
0.47692	10.63024
0.48462	10.00000
0.49231	9.00000
0.50000	11.00000
0.50769	11.66455
0.51538	11.31893
0.52308	10.65438
0.53077	10.00000
0.53846	11.00000
0.54615	11.00000
0.55385	10.36595
0.56154	9.62897
0.56923	11.62389
0.57692	10.38119
0.58462	10.00000
0.59231	9.78272
0.60000	9.39644
0.60769	10.00000
0.61538	9.00000
0.62308	11.17662
0.63077	9.58323
0.63846	9.57815
0.64615	9.85388
0.65385	11.00000
0.66154	10.00000
0.66923	10.00000
0.67692	11.10546
0.68462	12.45235
0.69231	13.91487
0.70000	15.14994
0.70769	11.46760
0.71538	10.00000
0.72308	10.52224
0.73077	10.51715
0.73846	11.02414
0.74615	12.00000
0.75385	11.49809
0.76154	11.00000
0.76923	11.00000
0.77692	11.48666
0.78462	11.48158
0.79231	10.52351
0.80000	10.52859
0.80769	11.93266
0.81538	11.46125
0.82308	12.00000
0.83077	12.00000
0.83846	10.89199
0.84615	11.55908
0.85385	11.30750
0.86154	10.56925
0.86923	12.00000
0.87692	10.42058
0.88462	11.00000
0.89231	11.00000
0.90000	12.00000
0.90769	12.40025
0.91538	11.79034
0.92308	12.00000
0.93077	11.22999
0.93846	11.00000
0.94615	11.12452
0.95385	11.36976
0.96154	12.09403
0.96923	12.00000
0.97692	12.00000
0.98462	11.34943
0.99231	10.65565
1.00000	11.33926
1.00769	11.66582
1.01538	11.32910
1.02308	12.00000
1.03077	12.68107
1.03846	12.00000
1.04615	12.69123
1.05385	11.00000
1.06154	11.19441
1.06923	13.00000
1.07692	13.00000
1.08462	12.28335
1.09231	12.72173
1.10000	13.00000
1.10769	11.73189
1.11538	13.21093
1.12308	12.51588
1.13077	13.25286
1.13846	11.49555
1.14615	12.51461
1.15385	12.47522
1.16154	12.00000
1.16923	13.00000
1.17692	13.00000
1.18462	12.78272
1.19231	11.57560
1.20000	13.00000
1.20769	12.79797
1.21538	11.40915
1.22308	13.00000
1.23077	13.62643
1.23846	12.18170
1.24615	14.00000
1.25385	12.34307
1.26154	13.00000
1.26923	12.00000
1.27692	12.31258
1.28462	13.69759
1.29231	12.29225
1.30000	12.42313
1.30769	13.00000
1.31538	13.86912
1.32308	13.25159
1.33077	13.87929
1.33846	12.00000
1.34615	13.11055
1.35385	14.78907
1.36154	13.00000
1.36923	13.90470
1.37692	13.72935
1.38462	12.08513
1.39231	13.08005
1.40000	14.00000
1.40769	14.00000
1.41538	14.00000
1.42308	12.05972
1.43077	13.05464
1.43846	13.04955
1.44615	14.95553
1.45385	14.92122
1.46154	13.96569
1.46923	14.02923
1.47692	13.02414
1.48462	15.00000
1.49231	13.97205
1.50000	14.98221
1.50769	14.00381
1.51538	12.99873
1.52308	13.99365
1.53077	14.98856
1.53846	13.98348
1.54615	13.02160
1.55385	13.97332
1.56154	12.06353
1.56923	12.07370
1.57692	14.08386
1.58462	13.00000
1.59231	15.00000
1.60000	15.94282
1.60769	14.00000
1.61538	13.13469
1.62308	13.14485
1.63077	13.92249
1.63846	14.00000
1.64615	12.08768
1.65385	13.18551
1.66154	13.29352
1.66923	14.10292
1.67692	14.78399
1.68462	14.88691
1.69231	12.35451
1.70000	12.24651
1.70769	14.87167
1.71538	14.26684
1.72308	15.86150
1.73077	13.43075
1.73846	14.14867
1.74615	15.00000
1.75385	15.00000
1.76154	14.83609
1.76923	14.00000
1.77692	13.17408
1.78462	14.00000
1.79231	14.00000
1.80000	14.62135
1.80769	14.00000
1.81538	13.39898
1.82308	14.00000
1.83077	14.79034
1.83846	14.57052
1.84615	14.56036
1.85385	15.00000
1.86154	14.22999
1.86923	13.70521
1.87692	15.48030
1.88462	13.49047
1.89231	15.00000
1.90000	13.25540
1.90769	14.73952
1.91538	14.73443
1.92308	15.45870
1.93077	14.44854
1.93846	14.43837
1.94615	15.42821
1.95385	14.70902
1.96154	14.29606
1.96923	15.00000
1.97692	14.30623
1.98462	14.62262
1.99231	16.00000
2.00000	15.32147
2.00769	16.00000
2.01538	14.99492
2.02308	15.33672
2.03077	16.00000
2.03846	14.34689
2.04615	14.35197
2.05385	14.64295
2.06154	15.00000
2.06923	15.26557
2.07692	14.37230
2.08462	13.75476
2.09231	14.23507
2.10000	15.22491
2.10769	14.60737
2.11538	14.00000
2.12308	15.00000
2.13077	14.40788
2.13846	14.58704
2.14615	12.58196
2.15385	15.00000
2.16154	14.00000
2.16923	14.00000
2.17692	14.12325
2.18462	14.55654
2.19231	15.00000
2.20000	14.00000
2.20769	14.45870
2.21538	14.92757
2.22308	14.46887
2.23077	14.00000
2.23846	14.00000
2.24615	15.51588
2.25385	15.02160
2.26154	14.50572
2.26923	15.00000
2.27692	15.00000
2.28462	15.01906
2.29231	14.51461
2.30000	14.48030
2.30769	15.00000
2.31538	14.52986
2.32308	14.53494
2.33077	13.45997
2.33846	14.63532
2.34615	15.00000
2.35385	14.00000
2.36154	14.56036
2.36923	15.00000
2.37692	15.42948
2.38462	14.00000
2.39231	15.58069
2.40000	15.41423
2.40769	13.40915
2.41538	14.00000
2.42308	15.00000
2.43077	14.39390
2.43846	14.00000
2.44615	14.38374
2.45385	13.37865
2.46154	14.74714
2.46923	15.00000
2.47692	15.90978
2.48462	12.35832
2.49231	13.35324
2.50000	15.00000
2.50769	14.65693
2.51538	14.33799
2.52308	15.33418
2.53077	15.00000
2.53846	15.67726
2.54615	14.63532
2.55385	15.00000
2.56154	13.00000
2.56923	13.30241
2.57692	13.00000
2.58462	15.70775
2.59231	13.71283
2.60000	14.00000
2.60769	14.72300
2.61538	14.00000
2.62308	14.73316
2.63077	14.47649
2.63846	14.48666
2.64615	15.49682
2.65385	15.24651
2.66154	14.00000
2.66923	15.23634
2.67692	15.76874
2.68462	15.00000
2.69231	14.22109
2.70000	15.56798
2.70769	14.21093
2.71538	13.41169
2.72308	16.00000
2.73077	13.80432
2.73846	14.61881
2.74615	15.00000
2.75385	14.18043
2.76154	16.00000
2.76923	15.65947
2.77692	13.00000
2.78462	13.16010
2.79231	13.84498
2.80000	14.85006
2.80769	13.28971
2.81538	14.86023
2.82308	15.86531
2.83077	13.12961
2.83846	14.12452
2.84615	14.11944
2.85385	14.88564
2.86154	15.89072
2.86923	14.89581
2.87692	14.80178
2.88462	14.90597
2.89231	12.00000
2.90000	13.91614
2.90769	14.00000
2.91538	13.29479
2.92308	14.06861
2.93077	14.87294
2.93846	13.11690
2.94615	13.00000
2.95385	14.04828
2.96154	12.95680
2.96923	12.11436
2.97692	13.96696
2.98462	12.11182
2.99231	13.04574
3.00000	15.00000
3.00769	14.98729
3.01538	14.00762
3.02308	15.00000
3.03077	14.00254
3.03846	14.99238
3.04615	13.01271
3.05385	15.00000
3.06154	15.97713
3.06923	15.00000
3.07692	15.93393
3.08462	14.96188
3.09231	15.87039
3.10000	13.00000
3.10769	14.05337
3.11538	13.05845
3.12308	13.00000
3.13077	14.00000
3.13846	14.14740
3.14615	14.84244
3.15385	15.08386
3.16154	14.08895
3.16923	13.90597
3.17692	15.90089
3.18462	14.00000
3.19231	13.10928
3.20000	14.00000
3.20769	15.11944
3.21538	12.87548
3.22308	13.12961
3.23077	14.26938
3.23846	14.72046
3.24615	14.71029
3.25385	13.14994
3.26154	13.15502
3.26923	14.00000
3.27692	13.00000
3.28462	13.00000
3.29231	14.35070
3.30000	13.81957
3.30769	14.00000
3.31538	14.80940
3.32308	13.39136
3.33077	14.39771
3.33846	15.00000
3.34615	14.00000
3.35385	13.00000
3.36154	15.55781
3.36923	14.90470
3.37692	13.46252
3.38462	12.47268
3.39231	13.48285
3.40000	13.00000
3.40769	13.74841
3.41538	14.25667
3.42308	12.52351
3.43077	13.73316
3.43846	13.00000
3.44615	16.44600
3.45385	14.28208
3.46154	14.71283
3.46923	13.70775
3.47692	14.70267
3.48462	14.00000
3.49231	13.38501
3.50000	13.00000
3.50769	13.63532
3.51538	14.00000
3.52308	13.32783
3.53077	13.66582
3.53846	15.00000
3.54615	13.65693
3.55385	13.00000
3.56154	13.35324
3.56923	12.71665
3.57692	13.36341
3.58462	13.63151
3.59231	14.37357
3.60000	14.37865
3.60769	14.38374
3.61538	14.77764
3.62308	13.39390
3.63077	12.79797
3.63846	12.59593
3.64615	13.59085
3.65385	13.00000
3.66154	13.83863
3.66923	14.00000
3.67692	14.14104
3.68462	12.43456
3.69231	15.43964
3.70000	14.00000
3.70769	12.00000
3.71538	14.54511
3.72308	12.54003
3.73077	12.46506
3.73846	12.94028
3.74615	12.00000
3.75385	13.55908
3.76154	12.00000
3.76923	13.00000
3.77692	14.50445
3.78462	13.50064
3.79231	13.01144
3.80000	13.51080
3.80769	13.48412
3.81538	13.00000
3.82308	13.52605
3.83077	12.93774
3.83846	13.00000
3.84615	13.54130
3.85385	12.45362
3.86154	13.00000
3.86923	14.00000
3.87692	12.56163
3.88462	14.13342
3.89231	13.00000
3.90000	13.42313
3.90769	12.58196
3.91538	13.58704
3.92308	11.81576
3.93077	12.80559
3.93846	14.60229
3.94615	13.00000
3.95385	14.61245
3.96154	14.38247
3.96923	12.49047
3.97692	13.62770
3.98462	12.63278
3.99231	12.63787
4.00000	13.64295
4.00769	14.64803
4.01538	12.34689
4.02308	13.31639
4.03077	12.33672
4.03846	13.66328
4.04615	13.34689
4.05385	13.35705
4.06154	13.63278
4.06923	12.31131
4.07692	12.08132
4.08462	14.00000
4.09231	12.40788
4.10000	14.41804
4.10769	15.00000
4.11538	14.00000
4.12308	13.00000
4.13077	13.72935
4.13846	13.46887
4.14615	14.47903
4.15385	13.25540
4.16154	14.00000
4.16923	13.24524
4.17692	14.51970
4.18462	14.52986
4.19231	13.22999
4.20000	13.00000
4.20769	13.00000
4.21538	14.57052
4.22308	12.79034
4.23077	13.20457
4.23846	12.39898
4.24615	12.19441
4.25385	13.00000
4.26154	12.81576
4.26923	14.64168
4.27692	12.17408
4.28462	13.16900
4.29231	13.67217
4.30000	12.15883
4.30769	12.30750
4.31538	14.00000
4.32308	13.14358
4.33077	14.00000
4.33846	12.86658
4.34615	13.25667
4.35385	13.75349
4.36154	14.11817
4.36923	14.11309
4.37692	13.89199
4.38462	13.89708
4.39231	14.00000
4.40000	13.09276
4.40769	13.00000
4.41538	12.08259
4.42308	13.92249
4.43077	13.07243
4.43846	12.06734
4.44615	13.06226
4.45385	13.00000
4.46154	13.89581
4.46923	13.90597
4.47692	11.08386
4.48462	14.00000
4.49231	13.03177
4.50000	13.00000
4.50769	13.00000
4.51538	14.98348
4.52308	13.00000
4.53077	12.99365
4.53846	14.00000
4.54615	13.99238
4.55385	12.00889
4.56154	13.00000
4.56923	14.00000
4.57692	12.97586
4.58462	14.02923
4.59231	14.96569
4.60000	13.00000
4.60769	14.04447
4.61538	13.85133
4.62308	13.89072
4.63077	12.05972
4.63846	13.93520
4.64615	13.00000
4.65385	11.92503
4.66154	13.91995
4.66923	13.00000
4.67692	14.09022
4.68462	14.90470
4.69231	13.00000
4.70000	13.00000
4.70769	13.88945
4.71538	12.11563
4.72308	12.87929
4.73077	13.00000
4.73846	14.00000
4.74615	13.86404
4.75385	13.00000
4.76154	13.14612
4.76923	14.69759
4.77692	12.84371
4.78462	13.16137
4.79231	13.16646
4.80000	11.51461
4.80769	14.00000
4.81538	12.81830
4.82308	12.81321
4.83077	12.80813
4.83846	12.80305
4.84615	13.59593
4.85385	14.00000
4.86154	14.21220
4.86923	14.00000
4.87692	14.77764
4.88462	14.22745
4.89231	13.76747
4.90000	13.23761
4.90769	12.97077
4.91538	13.50445
4.92308	13.00000
4.93077	14.00000
4.93846	13.52605
4.94615	12.53621
4.95385	13.18043
4.96154	13.00000
4.96923	14.28335
4.97692	14.28844
4.98462	14.00000
4.99231	14.29860
5.00000	14.30369
5.00769	14.38247
5.01538	15.00000
5.02308	13.36213
5.03077	14.32402
5.03846	13.67090
5.04615	14.00000
5.05385	14.66074
5.06154	14.00000
5.06923	14.34943
5.07692	14.29098
5.08462	13.64041
5.09231	14.27065
5.10000	15.36976
5.10769	14.62516
5.11538	14.00000
5.12308	13.77001
5.13077	15.95045
5.13846	17.18551
5.14615	15.40025
5.15385	15.18933
5.16154	14.58958
5.16923	14.16900
5.17692	14.42058
5.18462	14.14867
5.19231	12.70775
5.20000	13.56417
5.20769	15.00000
5.21538	13.89199
5.22308	14.54892
5.23077	15.54384
5.23846	14.00000
5.24615	13.53367
5.25385	14.52859
5.26154	13.47649
5.26923	14.48158
5.27692	13.51334
5.28462	14.49174
5.29231	13.49682
5.30000	14.50191
5.30769	14.49301
5.31538	15.00000
5.32308	14.51715
5.33077	14.00000
5.33846	13.52732
5.34615	15.00000
5.35385	15.53748
5.36154	14.45743
5.36923	14.45235
5.37692	16.44727
5.38462	16.00000
5.39231	15.43710
5.40000	14.00000
5.40769	13.42694
5.41538	14.26557
5.42308	16.00000
5.43077	15.76493
5.43846	15.00000
5.44615	14.40152
5.45385	14.60356
5.46154	14.39136
5.46923	14.38628
5.47692	15.00000
5.48462	15.62389
5.49231	15.00000
5.50000	13.26811
5.50769	15.63914
5.51538	15.06734
5.52308	16.00000
5.53077	13.65438
5.53846	14.34053
5.54615	15.00000
5.55385	15.33926
5.56154	14.00000
5.56923	14.32020
5.57692	14.31512
5.58462	14.00000
5.59231	14.69504
5.60000	13.89962
5.60769	14.41042
5.61538	13.00000
5.62308	13.00000
5.63077	14.72046
5.63846	13.72554
5.64615	14.00000
5.65385	13.26429
5.66154	14.48158
5.66923	13.49174
5.67692	14.75095
5.68462	13.00000
5.69231	14.76112
5.70000	14.23380
5.70769	13.22872
5.71538	13.67090
5.72308	13.78145
5.73077	13.21347
5.73846	14.79161
5.74615	13.59339
5.75385	14.00000
5.76154	15.00000
5.76923	12.56417
5.77692	13.18297
5.78462	14.64422
5.79231	14.00000
5.80000	14.00000
5.80769	13.16264
5.81538	13.00000
5.82308	15.39009
5.83077	12.85260
5.83846	12.28463
5.84615	16.45108
5.85385	13.86785
5.86154	15.61881
5.86923	14.75604
5.87692	12.88310
5.88462	14.77637
5.89231	13.21347
5.90000	15.00000
5.90769	13.90343
5.91538	14.00000
5.92308	12.74079
5.93077	15.00000
5.93846	13.00000
5.94615	13.92884
5.95385	12.13215
5.96154	15.87802
5.96923	14.00000
5.97692	13.94917
5.98462	14.00000
5.99231	14.00000
6.00000	14.00000
6.00769	14.96950
6.01538	13.05083
6.02308	13.00000
6.03077	15.95426
6.03846	16.96951
6.04615	13.01017
6.05385	16.00000
0.00000	33.500
0.00769	23.505
0.01538	19.000
0.02308	16.492
0.03077	14.990
0.03846	13.987
0.04615	13.015
0.05385	13.964
0.06154	13.959
0.06923	13.523
0.07692	14.500
0.08462	15.000
0.09231	14.561
0.10000	15.066
0.10769	16.036
0.11538	16.462
0.12308	17.256
0.13077	16.870
0.13846	15.546
0.14615	16.452
0.15385	16.949
0.16154	16.553
0.16923	17.056
0.17692	16.942
0.18462	17.000
0.19231	16.627
0.20000	16.566
0.20769	17.137
0.21538	16.285
0.22308	16.574
0.23077	16.924
0.23846	15.500
0.24615	15.837
0.25385	15.832
0.26154	15.173
0.26923	15.356
0.27692	15.274
0.28462	15.906
0.29231	16.210
0.30000	16.000
0.30769	15.703
0.31538	15.813
0.32308	17.287
0.33077	18.954
0.33846	19.276
0.34615	17.729
0.35385	17.851
0.36154	19.381
0.36923	19.622
0.37692	19.749
0.38462	20.246
0.39231	20.370
0.40000	20.500
0.40769	20.000
0.41538	20.363
0.42308	20.720
0.43077	20.500
0.43846	21.000
0.44615	19.942
0.45385	19.450
0.46154	20.848
0.46923	21.190
0.47692	19.685
0.48462	18.820
0.49231	19.837
0.50000	20.674
0.50769	19.000
0.51538	18.159
0.52308	19.290
0.53077	19.623
0.53846	19.322
0.54615	19.000
0.55385	19.683
0.56154	19.814
0.56923	20.060
0.57692	20.856
0.58462	20.614
0.59231	19.783
0.60000	19.896
0.60769	19.701
0.61538	18.500
0.62308	18.382
0.63077	18.500
0.63846	18.211
0.64615	17.927
0.65385	18.648
0.66154	19.000
0.66923	17.500
0.67692	15.671
0.68462	15.631
0.69231	16.415
0.70000	15.231
0.70769	13.000
0.71538	12.236
0.72308	12.478
0.73077	12.241
0.73846	12.000
0.74615	12.007
0.75385	12.253
0.76154	11.500
0.76923	11.008
0.77692	12.000
0.78462	12.741
0.79231	12.476
0.80000	12.179
0.80769	12.699
0.81538	12.539
0.82308	11.816
0.83077	11.774
0.83846	12.000
0.84615	12.280
0.85385	12.282
0.86154	12.000
0.86923	11.213
0.87692	11.710
0.88462	12.416
0.89231	11.616
0.90000	11.608
0.90769	12.200
0.91538	12.105
0.92308	11.915
0.93077	12.115
0.93846	11.760
0.94615	11.875
0.95385	11.815
0.96154	12.000
0.96923	11.000
0.97692	10.500
0.98462	12.151
0.99231	12.156
1.00000	11.991
1.00769	11.499
1.01538	11.835
1.02308	12.838
1.03077	12.181
1.03846	11.843
1.04615	12.154
1.05385	12.652
1.06154	12.649
1.06923	11.940
1.07692	12.144
1.08462	12.358
1.09231	11.861
1.10000	11.863
1.10769	12.098
1.11538	12.105
1.12308	12.371
1.13077	12.747
1.13846	13.376
1.14615	13.121
1.15385	12.500
1.16154	12.884
1.16923	12.727
1.17692	13.000
1.18462	13.783
1.19231	13.894
1.20000	13.689
1.20769	12.899
1.21538	13.098
1.22308	14.500
1.23077	14.093
1.23846	13.500
1.24615	13.177
1.25385	12.929
1.26154	14.166
1.26923	14.919
1.27692	14.344
1.28462	14.198
1.29231	14.781
1.30000	14.571
1.30769	14.864
1.31538	15.238
1.32308	14.937
1.33077	14.000
1.33846	14.000
1.34615	15.389
1.35385	14.947
1.36154	14.600
1.36923	15.048
1.37692	15.000
1.38462	14.543
1.39231	14.500
1.40000	15.000
1.40769	15.000
1.41538	15.468
1.42308	15.530
1.43077	14.582
1.43846	15.050
1.44615	16.022
1.45385	16.039
1.46154	15.517
1.46923	15.485
1.47692	15.976
1.48462	15.981
1.49231	15.993
1.50000	16.496
1.50769	17.000
1.51538	16.499
1.52308	16.000
1.53077	15.994
1.53846	16.483
1.54615	17.478
1.55385	17.473
1.56154	16.984
1.56923	17.963
1.57692	18.979
1.58462	19.500
1.59231	20.422
1.60000	20.943
1.60769	20.531
1.61538	20.000
1.62308	20.464
1.63077	21.961
1.63846	23.835
1.64615	22.500
1.65385	21.232
1.66154	24.049
1.66923	25.154
1.67692	25.216
1.68462	26.443
1.69231	27.823
1.70000	29.815
1.70769	30.372
1.71538	31.233
1.72308	31.654
1.73077	31.569
1.73846	33.054
1.74615	33.693
1.75385	34.103
1.76154	35.172
1.76923	36.993
1.77692	38.565
1.78462	38.590
1.79231	39.408
1.80000	40.216
1.80769	40.806
1.81538	41.801
1.82308	42.886
1.83077	44.871
1.83846	46.571
1.84615	46.950
1.85385	48.050
1.86154	48.385
1.86923	49.765
1.87692	52.280
1.88462	52.510
1.89231	52.875
1.90000	54.245
1.90769	56.370
1.91538	59.133
1.92308	61.365
1.93077	63.586
1.93846	68.298
1.94615	72.785
1.95385	77.709
1.96154	86.056
1.96923	94.349
1.97692	103.694
1.98462	115.443
1.99231	126.418
2.00000	137.857
2.00769	147.347
2.01538	148.008
2.02308	138.648
2.03077	119.645
2.03846	98.347
2.04615	78.528
2.05385	63.286
2.06154	55.414
2.06923	49.500
2.07692	47.872
2.08462	48.132
2.09231	47.500
2.10000	47.112
2.10769	46.500
2.11538	45.801
2.12308	45.604
2.13077	45.612
2.13846	44.826
2.14615	44.918
2.15385	45.788
2.16154	45.214
2.16923	44.433
2.17692	43.219
2.18462	42.335
2.19231	41.500
2.20000	40.407
2.20769	39.271
2.21538	37.609
2.22308	36.093
2.23077	35.263
2.23846	36.021
2.24615	34.532
2.25385	32.255
2.26154	32.247
2.26923	33.001
2.27692	33.239
2.28462	32.490
2.29231	32.985
2.30000	35.520
2.30769	37.025
2.31538	38.235
2.32308	40.733
2.33077	43.230
2.33846	45.727
2.34615	48.725
2.35385	50.667
2.36154	52.659
2.36923	56.652
2.37692	59.144
2.38462	60.212
2.39231	61.000
2.40000	60.793
2.40769	59.500
2.41538	56.202
2.42308	51.500
2.43077	45.788
2.43846	40.861
2.44615	37.500
2.45385	35.053
2.46154	33.500
2.46923	32.053
2.47692	30.545
2.48462	29.358
2.49231	28.823
2.50000	27.978
2.50769	27.485
2.51538	28.000
2.52308	28.333
2.53077	28.000
2.53846	27.693
2.54615	27.865
2.55385	27.344
2.56154	26.154
2.56923	25.605
2.57692	26.649
2.58462	28.354
2.59231	29.356
2.60000	29.641
2.60769	30.139
2.61538	29.636
2.62308	29.367
2.63077	30.369
2.63846	31.000
2.64615	30.626
2.65385	29.616
2.66154	30.621
2.66923	32.645
2.67692	32.769
2.68462	31.887
2.69231	31.721
2.70000	31.148
2.70769	30.133
2.71538	30.412
2.72308	31.699
2.73077	31.902
2.73846	30.881
2.74615	30.000
2.75385	30.500
2.76154	30.912
2.76923	29.500
2.77692	28.248
2.78462	28.320
2.79231	29.310
2.80000	29.725
2.80769	30.717
2.81538	32.210
2.82308	32.135
2.83077	33.500
2.83846	34.000
2.84615	34.500
2.85385	36.114
2.86154	37.164
2.86923	38.052
2.87692	38.950
2.88462	41.859
2.89231	45.456
2.90000	48.000
2.90769	51.000
2.91538	54.611
2.92308	59.000
2.93077	64.841
2.93846	69.795
2.94615	75.393
2.95385	83.024
2.96154	90.500
2.96923	99.481
2.97692	112.434
2.98462	121.888
2.99231	130.977
3.00000	143.018
3.00769	154.006
3.01538	165.527
3.02308	176.511
3.03077	187.001
3.03846	198.500
3.04615	206.456
3.05385	209.902
3.06154	209.909
3.06923	205.056
3.07692	196.533
3.08462	182.962
3.09231	163.935
3.10000	141.928
3.10769	117.473
3.11538	94.558
3.12308	76.627
3.13077	62.966
3.13846	51.926
3.14615	43.421
3.15385	38.416
3.16154	35.544
3.16923	34.547
3.17692	33.649
3.18462	32.865
3.19231	34.328
3.20000	36.114
3.20769	38.321
3.21538	42.626
3.22308	43.435
3.23077	42.135
3.23846	44.070
3.24615	46.000
3.25385	46.275
3.26154	45.267
3.26923	43.160
3.27692	41.330
3.28462	38.755
3.29231	35.763
3.30000	32.500
3.30769	29.536
3.31538	26.905
3.32308	24.391
3.33077	24.301
3.33846	23.603
3.34615	21.895
3.35385	21.784
3.36154	21.111
3.36923	21.500
3.37692	21.000
3.38462	19.855
3.39231	21.621
3.40000	20.993
3.40769	19.377
3.41538	20.000
3.42308	20.500
3.43077	20.233
3.43846	20.456
3.44615	21.669
3.45385	20.936
3.46154	20.069
3.46923	20.708
3.47692	20.149
3.48462	19.651
3.49231	19.154
3.50000	19.000
3.50769	20.000
3.51538	20.161
3.52308	19.664
3.53077	19.166
3.53846	19.007
3.54615	19.015
3.55385	18.826
3.56154	18.823
3.56923	18.500
3.57692	18.182
3.58462	18.000
3.59231	17.060
3.60000	16.947
3.60769	17.384
3.61538	18.083
3.62308	18.894
3.63077	18.801
3.63846	18.404
3.64615	17.523
3.65385	17.707
3.66154	18.000
3.66923	17.924
3.67692	17.644
3.68462	17.500
3.69231	18.280
3.70000	18.500
3.70769	18.550
3.71538	18.273
3.72308	17.730
3.73077	17.430
3.73846	18.175
3.74615	18.713
3.75385	18.480
3.76154	18.243
3.76923	17.510
3.77692	17.009
3.78462	16.749
3.79231	17.500
3.80000	19.266
3.80769	19.274
3.81538	18.740
3.82308	19.237
3.83077	19.266
3.83846	18.732
3.84615	19.229
3.85385	21.000
3.86154	22.000
3.86923	23.722
3.87692	25.719
3.88462	27.067
3.89231	29.858
3.90000	32.000
3.90769	33.209
3.91538	34.119
3.92308	33.816
3.93077	33.799
3.93846	32.801
3.94615	29.589
3.95385	26.388
3.96154	24.382
3.96923	22.377
3.97692	20.686
3.98462	18.500
3.99231	17.957
4.00000	17.821
4.00769	17.352
4.01538	17.673
4.02308	16.671
4.03077	17.163
4.03846	17.834
4.04615	17.663
4.05385	17.000
4.06154	16.816
4.06923	16.844
4.07692	16.888
4.08462	17.199
4.09231	17.000
4.10000	16.791
4.10769	17.072
4.11538	16.640
4.12308	15.586
4.13077	15.365
4.13846	16.000
4.14615	16.130
4.15385	16.255
4.16154	17.375
4.16923	17.245
4.17692	16.360
4.18462	15.735
4.19231	15.230
4.20000	15.888
4.20769	16.500
4.21538	15.822
4.22308	16.000
4.23077	16.795
4.23846	16.799
4.24615	15.083
4.25385	14.473
4.26154	15.368
4.26923	15.679
4.27692	16.326
4.28462	16.500
4.29231	15.746
4.30000	15.500
4.30769	15.923
4.31538	15.649
4.32308	15.287
4.33077	15.639
4.33846	16.000
4.34615	15.500
4.35385	15.562
4.36154	16.441
4.36923	15.887
4.37692	15.392
4.38462	14.949
4.39231	14.549
4.40000	14.139
4.40769	14.175
4.41538	15.959
4.42308	15.461
4.43077	14.536
4.43846	14.966
4.44615	14.531
4.45385	15.086
4.46154	15.526
4.46923	15.976
4.47692	16.000
4.48462	14.555
4.49231	15.000
4.50000	15.473
4.50769	15.000
4.51538	15.008
4.52308	16.000
4.53077	15.994
4.53846	14.501
4.54615	15.498
4.55385	16.491
4.56154	15.993
4.56923	15.981
4.57692	15.464
4.58462	16.471
4.59231	17.431
4.60000	16.441
4.60769	15.044
4.61538	15.074
4.62308	14.582
4.63077	15.000
4.63846	15.500
4.64615	15.070
4.65385	15.963
4.66154	16.460
4.66923	16.543
4.67692	15.635
4.68462	16.048
4.69231	16.349
4.70000	15.842
4.70769	14.945
4.71538	14.942
4.72308	15.440
4.73077	15.374
4.73846	15.500
4.74615	16.432
4.75385	16.718
4.76154	16.854
4.76923	18.424
4.77692	17.078
4.78462	15.919
4.79231	15.917
4.80000	15.586
4.80769	16.500
4.81538	15.909
4.82308	15.313
4.83077	15.404
4.83846	15.803
4.84615	16.596
4.85385	16.189
4.86154	16.000
4.86923	15.826
4.87692	16.000
4.88462	16.500
4.89231	16.884
4.90000	17.025
4.90769	17.000
4.91538	17.000
4.92308	17.621
4.93077	17.742
4.93846	17.500
4.94615	18.598
4.95385	20.680
4.96154	24.804
4.96923	26.425
4.97692	25.010
4.98462	24.087
4.99231	23.799
5.00000	24.304
5.00769	24.809
5.01538	25.343
5.02308	25.819
5.03077	26.986
5.03846	27.000
5.04615	25.667
5.05385	26.009
5.06154	25.828
5.06923	25.301
5.07692	25.823
5.08462	25.500
5.09231	23.635
5.10000	21.945
5.10769	22.000
5.11538	21.570
5.12308	20.770
5.13077	19.670
5.13846	18.790
5.14615	18.700
5.15385	18.703
5.16154	18.205
5.16923	17.708
5.17692	17.290
5.18462	16.649
5.19231	15.354
5.20000	14.718
5.20769	15.720
5.21538	15.831
5.22308	15.049
5.23077	16.272
5.23846	17.539
5.24615	16.500
5.25385	15.764
5.26154	15.024
5.26923	15.018
5.27692	16.000
5.28462	15.983
5.29231	15.500
5.30000	15.496
5.30769	15.993
5.31538	16.012
5.32308	15.293
5.33077	15.522
5.33846	15.764
5.34615	15.532
5.35385	15.500
5.36154	15.457
5.36923	15.226
5.37692	15.829
5.38462	15.558
5.39231	14.656
5.40000	15.364
5.40769	16.927
5.41538	17.789
5.42308	17.500
5.43077	17.500
5.43846	18.297
5.44615	24.008
5.45385	26.982
5.46154	26.804
5.46923	31.614
5.47692	38.119
5.48462	45.436
5.49231	55.186
5.50000	63.964
5.50769	73.583
5.51538	85.644
5.52308	96.422
5.53077	105.463
5.53846	110.670
5.54615	115.665
5.55385	118.835
5.56154	116.175
5.56923	108.520
5.57692	97.870
5.58462	84.880
5.59231	69.000
5.60000	53.100
5.60769	40.974
5.61538	32.804
5.62308	26.712
5.63077	21.559
5.63846	18.412
5.64615	17.961
5.65385	16.971
5.66154	16.130
5.66923	16.000
5.67692	15.375
5.68462	15.256
5.69231	16.000
5.70000	16.117
5.70769	16.657
5.71538	16.776
5.72308	15.391
5.73077	15.180
5.73846	14.500
5.74615	13.703
5.75385	14.500
5.76154	14.597
5.76923	14.688
5.77692	15.091
5.78462	14.089
5.79231	14.086
5.80000	14.084
5.80769	14.000
5.81538	14.421
5.82308	14.000
5.83077	15.279
5.83846	15.287
5.84615	14.000
5.85385	14.868
5.86154	14.746
5.86923	14.378
5.87692	14.558
5.88462	13.668
5.89231	13.553
5.90000	14.000
5.90769	13.645
5.91538	14.091
5.92308	14.543
5.93077	14.041
5.93846	14.500
5.94615	15.000
5.95385	15.467
5.96154	15.500
5.96923	15.028
5.97692	15.000
5.98462	15.023
5.99231	14.541
6.00000	14.036
6.00769	14.985
6.01538	15.462
6.02308	15.510
6.03077	15.523
6.03846	16.000
6.04615	17.497
6.05385	19.500
0.00000	32.500
0.00769	26.492
0.01538	21.985
0.02308	19.492
0.03077	17.010
0.03846	16.487
0.04615	16.485
0.05385	15.500
0.06154	14.541
0.06923	13.569
0.07692	14.475
0.08462	14.000
0.09231	12.591
0.10000	12.967
0.10769	13.464
0.11538	14.386
0.12308	14.337
0.13077	13.457
0.13846	12.954
0.14615	12.952
0.15385	13.000
0.16154	13.947
0.16923	12.888
0.17692	11.442
0.18462	12.000
0.19231	12.873
0.20000	12.868
0.20769	11.569
0.21538	11.071
0.22308	12.353
0.23077	13.348
0.23846	13.500
0.24615	13.500
0.25385	12.584
0.26154	12.586
0.26923	13.911
0.27692	14.726
0.28462	13.500
0.29231	12.290
0.30000	12.500
0.30769	12.797
0.31538	13.792
0.32308	14.393
0.33077	13.500
0.33846	12.776
0.34615	12.386
0.35385	12.734
0.36154	13.000
0.36923	12.878
0.37692	13.125
0.38462	12.381
0.39231	12.018
0.40000	12.500
0.40769	12.961
0.41538	12.726
0.42308	12.500
0.43077	12.500
0.43846	12.500
0.44615	13.295
0.45385	12.300
0.46154	11.305
0.46923	11.965
0.47692	12.000
0.48462	12.840
0.49231	13.663
0.50000	12.500
0.50769	12.000
0.51538	12.681
0.52308	13.018
0.53077	12.175
0.53846	12.000
0.54615	13.139
0.55385	13.317
0.56154	13.057
0.56923	13.752
0.57692	14.619
0.58462	14.114
0.59231	13.391
0.60000	13.500
0.60769	14.000
0.61538	13.407
0.62308	13.206
0.63077	13.583
0.63846	13.078
0.64615	13.000
0.65385	13.648
0.66154	14.874
0.66923	15.279
0.67692	15.000
0.68462	14.952
0.69231	15.000
0.70000	14.963
0.70769	14.968
0.71538	15.527
0.72308	16.500
0.73077	16.241
0.73846	15.756
0.74615	15.493
0.75385	14.996
0.76154	15.255
0.76923	15.262
0.77692	15.013
0.78462	15.000
0.79231	14.762
0.80000	14.793
0.80769	14.801
0.81538	14.731
0.82308	14.956
0.83077	15.226
0.83846	14.892
0.84615	14.941
0.85385	16.000
0.86154	16.285
0.86923	15.649
0.87692	15.579
0.88462	16.000
0.89231	16.090
0.90000	16.297
0.90769	16.000
0.91538	16.302
0.92308	16.085
0.93077	15.885
0.93846	17.000
0.94615	17.687
0.95385	17.315
0.96154	17.135
0.96923	18.320
0.97692	18.532
0.98462	18.849
0.99231	19.156
1.00000	18.830
1.00769	19.000
1.01538	18.835
1.02308	19.500
1.03077	20.659
1.03846	21.000
1.04615	20.846
1.05385	21.696
1.06154	21.851
1.06923	21.000
1.07692	22.212
1.08462	23.575
1.09231	23.500
1.10000	23.637
1.10769	24.500
1.11538	25.368
1.12308	26.613
1.13077	26.374
1.13846	25.876
1.14615	27.257
1.15385	28.000
1.16154	28.233
1.16923	28.727
1.17692	28.611
1.18462	27.826
1.19231	28.500
1.20000	29.293
1.20769	29.500
1.21538	29.295
1.22308	30.096
1.23077	30.533
1.23846	29.818
1.24615	30.588
1.25385	30.500
1.26154	29.250
1.26923	28.742
1.27692	29.078
1.28462	29.000
1.29231	29.354
1.30000	28.500
1.30769	27.000
1.31538	28.238
1.32308	28.686
1.33077	27.319
1.33846	26.327
1.34615	26.224
1.35385	25.842
1.36154	25.550
1.36923	26.048
1.37692	25.955
1.38462	24.085
1.39231	24.080
1.40000	25.463
1.40769	25.430
1.41538	24.468
1.42308	23.470
1.43077	23.918
1.43846	24.376
1.44615	23.889
1.45385	22.941
1.46154	22.931
1.46923	23.456
1.47692	23.952
1.48462	22.471
1.49231	21.507
1.50000	23.000
1.50769	23.000
1.51538	22.499
1.52308	23.997
1.53077	23.506
1.53846	22.533
1.54615	23.554
1.55385	24.067
1.56154	23.564
1.56923	25.000
1.57692	26.437
1.58462	25.024
1.59231	25.604
1.60000	28.057
1.60769	29.000
1.61538	29.966
1.62308	30.464
1.63077	30.539
1.63846	31.541
1.64615	32.368
1.65385	33.268
1.66154	33.304
1.66923	32.500
1.67692	32.608
1.68462	33.670
1.69231	34.795
1.70000	35.623
1.70769	35.628
1.71538	36.267
1.72308	39.500
1.73077	42.285
1.73846	42.926
1.74615	42.500
1.75385	41.921
1.76154	42.500
1.76923	42.669
1.77692	43.087
1.78462	43.821
1.79231	42.500
1.80000	42.000
1.80769	41.806
1.81538	41.500
1.82308	40.705
1.83077	40.105
1.83846	40.178
1.84615	39.560
1.85385	38.163
1.86154	36.885
1.86923	36.235
1.87692	34.880
1.88462	34.755
1.89231	33.875
1.90000	31.883
1.90769	30.891
1.91538	29.766
1.92308	28.865
1.93077	28.000
1.93846	27.000
1.94615	25.214
1.95385	23.500
1.96154	22.944
1.96923	22.801
1.97692	23.000
1.98462	22.000
1.99231	22.025
2.00000	22.036
2.00769	21.520
2.01538	21.671
2.02308	21.495
2.03077	21.487
2.03846	21.653
2.04615	22.324
2.05385	22.964
2.06154	22.138
2.06923	21.816
2.07692	22.814
2.08462	22.377
2.09231	22.574
2.10000	23.194
2.10769	22.500
2.11538	22.301
2.12308	23.299
2.13077	24.296
2.13846	24.381
2.14615	24.373
2.15385	25.288
2.16154	26.072
2.16923	25.500
2.17692	25.877
2.18462	26.109
2.19231	26.173
2.20000	26.500
2.20769	26.000
2.21538	26.000
2.22308	26.234
2.23077	26.737
2.23846	27.740
2.24615	28.726
2.25385	29.489
2.26154	30.247
2.26923	30.499
2.27692	30.261
2.28462	31.264
2.29231	31.272
2.30000	29.260
2.30769	29.238
2.31538	29.735
2.32308	28.965
2.33077	29.000
2.33846	29.273
2.34615	29.000
2.35385	29.000
2.36154	30.440
2.36923	33.717
2.37692	33.785
2.38462	31.924
2.39231	31.048
2.40000	30.828
2.40769	29.909
2.41538	30.000
2.42308	31.301
2.43077	31.197
2.43846	30.500
2.44615	29.924
2.45385	31.121
2.46154	32.000
2.46923	31.816
2.47692	31.682
2.48462	31.537
2.49231	32.294
2.50000	32.304
2.50769	31.843
2.51538	32.500
2.52308	32.001
2.53077	32.008
2.53846	33.016
2.54615	32.365
2.55385	31.000
2.56154	31.654
2.56923	32.546
2.57692	31.649
2.58462	30.792
2.59231	30.713
2.60000	30.000
2.60769	29.193
2.61538	30.408
2.62308	32.133
2.63077	31.654
2.63846	30.898
2.64615	31.503
2.65385	33.377
2.66154	34.259
2.66923	34.000
2.67692	34.384
2.68462	34.274
2.69231	33.389
2.70000	33.784
2.70769	34.395
2.71538	34.000
2.72308	34.199
2.73077	33.902
2.73846	32.786
2.74615	32.778
2.75385	33.680
2.76154	34.412
2.76923	34.330
2.77692	34.252
2.78462	35.680
2.79231	36.267
2.80000	35.775
2.80769	35.210
2.81538	34.930
2.82308	35.202
2.83077	34.694
2.83846	33.687
2.84615	34.500
2.85385	35.386
2.86154	35.664
2.86923	37.156
2.87692	38.802
2.88462	41.171
2.89231	42.456
2.90000	44.084
2.90769	46.500
2.91538	48.853
2.92308	50.294
2.93077	49.905
2.93846	47.971
2.94615	46.500
2.95385	47.048
2.96154	48.522
2.96923	50.962
2.97692	52.483
2.98462	56.972
2.99231	62.989
3.00000	68.027
3.00769	75.506
3.01538	84.992
3.02308	91.001
3.03077	91.008
3.03846	92.496
3.04615	94.462
3.05385	90.947
3.06154	83.477
3.06923	76.000
3.07692	71.417
3.08462	66.905
3.09231	62.043
3.10000	60.500
3.10769	60.420
3.11538	60.412
3.12308	62.841
3.13077	65.863
3.13846	68.316
3.14615	69.421
3.15385	69.542
3.16154	68.089
3.16923	65.641
3.17692	64.050
3.18462	61.396
3.19231	57.781
3.20000	52.000
3.20769	47.000
3.21538	44.438
3.22308	42.065
3.23077	39.865
3.23846	38.081
3.24615	35.855
3.25385	33.375
3.26154	32.043
3.26923	32.060
3.27692	32.413
3.28462	32.755
3.29231	36.412
3.30000	38.549
3.30769	38.629
3.31538	39.500
3.32308	39.098
3.33077	40.000
3.33846	40.603
3.34615	40.184
3.35385	39.460
3.36154	37.279
3.36923	36.887
3.37692	36.616
3.38462	35.973
3.39231	37.121
3.40000	37.753
3.40769	38.748
3.41538	39.243
3.42308	39.893
3.43077	41.534
3.43846	44.092
3.44615	45.723
3.45385	45.500
3.46154	45.213
3.46923	45.146
3.47692	44.851
3.48462	43.290
3.49231	41.731
3.50000	41.156
3.50769	39.659
3.51538	37.839
3.52308	37.172
3.53077	35.834
3.53846	34.331
3.54615	34.328
3.55385	34.478
3.56154	33.794
3.56923	33.104
3.57692	32.773
3.58462	32.132
3.59231	31.313
3.60000	32.311
3.60769	33.116
3.61538	32.111
3.62308	31.803
3.63077	31.301
3.63846	30.798
3.64615	32.114
3.65385	33.914
3.66154	35.000
3.66923	35.788
3.67692	35.785
3.68462	37.652
3.69231	40.099
3.70000	40.112
3.70769	41.675
3.71538	42.818
3.72308	43.000
3.73077	43.163
3.73846	42.265
3.74615	41.287
3.75385	40.000
3.76154	38.985
3.76923	38.236
3.77692	37.000
3.78462	35.500
3.79231	34.011
3.80000	32.777
3.80769	32.758
3.81538	31.677
3.82308	30.211
3.83077	30.031
3.83846	30.000
3.84615	29.500
3.85385	29.227
3.86154	30.000
3.86923	32.057
3.87692	33.219
3.88462	34.567
3.89231	37.286
3.90000	39.423
3.90769	44.082
3.91538	50.468
3.92308	58.868
3.93077	68.993
3.93846	82.403
3.94615	100.733
3.95385	118.337
3.96154	135.118
3.96923	151.368
3.97692	164.011
3.98462	168.582
3.99231	168.905
4.00000	166.893
4.00769	161.528
4.01538	157.061
4.02308	152.709
4.03077	150.000
4.03846	147.334
4.04615	146.480
4.05385	148.804
4.06154	151.842
4.06923	155.844
4.07692	158.612
4.08462	159.651
4.09231	160.704
4.10000	160.627
4.10769	155.785
4.11538	148.000
4.12308	139.224
4.13077	133.094
4.13846	125.734
4.14615	117.849
4.15385	112.745
4.16154	105.501
4.16923	99.123
4.17692	94.760
4.18462	89.000
4.19231	82.730
4.20000	76.837
4.20769	71.830
4.21538	68.822
4.22308	64.710
4.23077	60.807
4.23846	58.600
4.24615	55.403
4.25385	52.595
4.26154	51.092
4.26923	48.500
4.27692	46.913
4.28462	46.247
4.29231	42.582
4.30000	40.738
4.30769	41.846
4.31538	41.426
4.32308	42.285
4.33077	42.792
4.33846	42.433
4.34615	42.564
4.35385	42.185
4.36154	43.323
4.36923	42.887
4.37692	42.500
4.38462	43.794
4.39231	42.598
4.40000	41.186
4.40769	41.000
4.41538	40.417
4.42308	39.422
4.43077	37.572
4.43846	37.135
4.44615	38.469
4.45385	38.414
4.46154	37.922
4.46923	37.453
4.47692	38.042
4.48462	38.982
4.49231	38.484
4.50000	40.000
4.50769	40.978
4.51538	40.483
4.52308	41.000
4.53077	41.997
4.53846	42.498
4.54615	43.002
4.55385	45.004
4.56154	44.521
4.56923	45.029
4.57692	48.012
4.58462	50.985
4.59231	53.431
4.60000	54.902
4.60769	54.456
4.61538	53.550
4.62308	53.527
4.63077	53.440
4.63846	52.968
4.64615	49.535
4.65385	46.575
4.66154	45.000
4.66923	43.043
4.67692	41.090
4.68462	38.643
4.69231	37.201
4.70000	36.211
4.70769	36.111
4.71538	36.384
4.72308	35.000
4.73077	33.063
4.73846	32.065
4.74615	31.568
4.75385	31.071
4.76154	30.719
4.76923	30.924
4.77692	32.109
4.78462	31.419
4.79231	30.250
4.80000	29.743
4.80769	29.177
4.81538	30.091
4.82308	31.093
4.83077	29.692
4.83846	29.795
4.84615	31.005
4.85385	31.518
4.86154	32.818
4.86923	34.217
4.87692	35.834
4.88462	37.341
4.89231	39.233
4.90000	42.119
4.90769	44.864
4.91538	45.996
4.92308	48.759
4.93077	54.645
4.93846	61.000
4.94615	68.232
4.95385	78.817
4.96154	93.361
4.96923	112.142
4.97692	133.067
4.98462	154.794
4.99231	177.247
5.00000	196.563
5.00769	213.272
5.01538	222.686
5.02308	226.319
5.03077	232.014
5.03846	235.513
5.04615	230.330
5.05385	220.134
5.06154	203.656
5.06923	184.548
5.07692	166.595
5.08462	151.579
5.09231	143.776
5.10000	137.609
5.10769	137.000
5.11538	141.000
5.12308	145.307
5.13077	150.830
5.13846	155.210
5.14615	158.301
5.15385	162.297
5.16154	164.679
5.16923	164.708
5.17692	164.790
5.18462	162.361
5.19231	156.139
5.20000	150.693
5.20769	144.177
5.21538	137.277
5.22308	133.226
5.23077	128.228
5.23846	124.692
5.24615	120.067
5.25385	111.793
5.26154	103.215
5.26923	94.741
5.27692	86.487
5.28462	76.729
5.29231	67.242
5.30000	60.002
5.30769	52.993
5.31538	45.500
5.32308	40.051
5.33077	36.306
5.33846	33.527
5.34615	31.500
5.35385	29.694
5.36154	27.686
5.36923	25.952
5.37692	25.224
5.38462	25.000
5.39231	23.844
5.40000	22.352
5.40769	22.000
5.41538	21.789
5.42308	21.500
5.43077	20.912
5.43846	19.703
5.44615	18.701
5.45385	17.896
5.46154	17.196
5.46923	17.386
5.47692	18.072
5.48462	18.376
5.49231	18.500
5.50000	18.451
5.50769	18.820
5.51538	18.856
5.52308	18.000
5.53077	18.827
5.53846	19.670
5.54615	18.832
5.55385	18.500
5.56154	19.163
5.56923	18.160
5.57692	17.130
5.58462	18.155
5.59231	18.152
5.60000	17.450
5.60769	17.295
5.61538	17.290
5.62308	18.000
5.63077	18.140
5.63846	16.912
5.64615	16.404
5.65385	17.529
5.66154	18.389
5.66923	18.135
5.67692	17.623
5.68462	18.122
5.69231	18.000
5.70000	17.883
5.70769	18.771
5.71538	18.888
5.72308	19.109
5.73077	18.820
5.73846	18.813
5.74615	18.805
5.75385	19.599
5.76154	20.903
5.76923	22.406
5.77692	23.000
5.78462	23.089
5.79231	24.827
5.80000	27.165
5.80769	27.919
5.81538	27.079
5.82308	27.000
5.83077	26.574
5.83846	27.000
5.84615	29.794
5.85385	31.736
5.86154	32.246
5.86923	32.939
5.87692	32.617
5.88462	33.556
5.89231	35.500
5.90000	38.449
5.90769	40.952
5.91538	43.000
5.92308	46.543
5.93077	52.122
5.93846	60.924
5.94615	70.393
5.95385	83.566
5.96154	98.591
5.96923	102.584
5.97692	96.449
5.98462	85.909
5.99231	74.398
6.00000	65.929
6.00769	59.970
6.01538	56.513
6.02308	55.541
6.03077	57.508
6.03846	57.025
6.04615	55.015
6.05385	56.000
0.00000	34.500
0.00769	26.995
0.01538	21.010
0.02308	17.508
0.03077	16.000
0.03846	15.975
0.04615	15.439
0.05385	14.464
0.06154	13.480
0.06923	12.431
0.07692	11.000
0.08462	10.972
0.09231	11.378
0.10000	11.434
0.10769	10.929
0.11538	10.500
0.12308	11.041
0.13077	10.586
0.13846	11.000
0.14615	10.855
0.15385	10.348
0.16154	10.340
0.16923	10.112
0.17692	11.058
0.18462	13.878
0.19231	14.873
0.20000	11.934
0.20769	10.137
0.21538	10.571
0.22308	11.000
0.23077	9.652
0.23846	9.158
0.24615	10.500
0.25385	11.084
0.26154	10.346
0.26923	10.089
0.27692	11.317
0.28462	12.000
0.29231	11.403
0.30000	10.599
0.30769	11.305
0.31538	12.604
0.32308	13.213
0.33077	12.719
0.33846	11.888
0.34615	11.657
0.35385	12.032
0.36154	12.642
0.36923	12.256
0.37692	12.500
0.38462	13.000
0.39231	12.370
0.40000	11.368
0.40769	11.961
0.41538	13.088
0.42308	12.000
0.43077	11.642
0.43846	12.210
0.44615	11.853
0.45385	12.300
0.46154	12.695
0.46923	12.345
0.47692	12.842
0.48462	12.699
0.49231	12.012
0.50000	12.000
0.50769	11.332
0.51538	10.500
0.52308	11.000
0.53077	12.000
0.53846	12.500
0.54615	12.320
0.55385	12.317
0.56154	12.314
0.56923	11.188
0.57692	11.309
0.58462	11.807
0.59231	11.696
0.60000	11.802
0.60769	12.500
0.61538	13.110
0.62308	13.000
0.63077	12.166
0.63846	11.867
0.64615	12.500
0.65385	12.432
0.66154	12.219
0.66923	12.221
0.67692	12.724
0.68462	12.500
0.69231	12.771
0.70000	13.231
0.70769	12.468
0.71538	12.264
0.72308	12.261
0.73077	12.517
0.73846	12.512
0.74615	12.514
0.75385	13.006
0.76154	12.000
0.76923	11.762
0.77692	12.513
0.78462	12.259
0.79231	12.024
0.80000	12.029
0.80769	12.267
0.81538	12.578
0.82308	12.044
0.83077	11.951
0.83846	12.500
0.84615	12.000
0.85385	11.218
0.86154	12.069
0.86923	12.287
0.87692	11.579
0.88462	12.084
0.89231	11.910
0.90000	12.203
0.90769	12.700
0.91538	12.105
0.92308	12.220
0.93077	12.500
0.93846	13.070
0.94615	13.187
0.95385	12.685
0.96154	12.547
0.96923	11.860
0.97692	12.323
0.98462	13.151
0.99231	13.328
1.00000	12.500
1.00769	11.500
1.01538	12.165
1.02308	12.824
1.03077	13.500
1.03846	13.157
1.04615	12.654
1.05385	13.152
1.06154	13.649
1.06923	13.853
1.07692	13.644
1.08462	14.142
1.09231	14.361
1.10000	14.773
1.10769	14.768
1.11538	14.000
1.12308	14.242
1.13077	15.121
1.13846	14.624
1.14615	13.985
1.15385	14.856
1.16154	15.000
1.16923	14.114
1.17692	13.945
1.18462	15.109
1.19231	15.788
1.20000	15.793
1.20769	14.101
1.21538	14.098
1.22308	15.192
1.23077	14.780
1.23846	15.091
1.24615	15.177
1.25385	15.500
1.26154	15.917
1.26923	15.661
1.27692	15.234
1.28462	15.151
1.29231	14.646
1.30000	14.929
1.30769	15.000
1.31538	14.631
1.32308	14.500
1.33077	14.060
1.33846	14.616
1.34615	15.889
1.35385	15.842
1.36154	15.000
1.36923	14.500
1.37692	13.635
1.38462	14.213
1.39231	15.120
1.40000	15.500
1.40769	15.965
1.41538	15.968
1.42308	16.000
1.43077	16.500
1.43846	16.950
1.44615	16.478
1.45385	15.579
1.46154	16.069
1.46923	17.985
1.47692	18.488
1.48462	18.010
1.49231	18.000
1.50000	17.500
1.50769	17.002
1.51538	16.501
1.52308	16.510
1.53077	18.000
1.53846	18.000
1.54615	17.532
1.55385	19.487
1.56154	19.968
1.56923	19.482
1.57692	20.437
1.58462	20.476
1.59231	20.974
1.60000	21.943
1.60769	22.031
1.61538	22.567
1.62308	24.036
1.63077	25.000
1.63846	26.376
1.64615	26.412
1.65385	25.093
1.66154	25.647
1.66923	27.309
1.67692	29.162
1.68462	30.000
1.69231	29.177
1.70000	29.685
1.70769	30.500
1.71538	30.933
1.72308	31.069
1.73077	31.072
1.73846	31.426
1.74615	30.577
1.75385	30.579
1.76154	30.918
1.76923	31.500
1.77692	31.413
1.78462	30.500
1.79231	29.592
1.80000	27.284
1.80769	26.389
1.81538	26.500
1.82308	25.500
1.83077	25.605
1.83846	25.785
1.84615	24.390
1.85385	22.950
1.86154	22.190
1.86923	21.470
1.87692	20.860
1.88462	20.368
1.89231	20.000
1.90000	19.245
1.90769	17.609
1.91538	17.469
1.92308	17.594
1.93077	16.862
1.93846	17.360
1.94615	16.643
1.95385	16.145
1.96154	16.500
1.96923	16.151
1.97692	15.806
1.98462	16.000
1.99231	16.184
2.00000	16.321
2.00769	16.490
2.01538	16.000
2.02308	16.163
2.03077	16.329
2.03846	16.827
2.04615	16.972
2.05385	15.643
2.06154	15.681
2.06923	16.051
2.07692	16.814
2.08462	17.434
2.09231	16.118
2.10000	15.419
2.10769	15.804
2.11538	15.699
2.12308	15.403
2.13077	15.500
2.13846	15.794
2.14615	16.000
2.15385	17.000
2.16154	17.286
2.16923	15.783
2.17692	15.500
2.18462	15.278
2.19231	16.103
2.20000	17.046
2.20769	15.729
2.21538	15.964
2.22308	16.469
2.23077	16.500
2.23846	16.740
2.24615	16.258
2.25385	15.766
2.26154	16.253
2.26923	17.000
2.27692	16.248
2.28462	16.755
2.29231	17.500
2.30000	15.980
2.30769	16.475
2.31538	17.000
2.32308	17.302
2.33077	17.500
2.33846	16.773
2.34615	16.775
2.35385	17.000
2.36154	17.780
2.36923	17.652
2.37692	16.859
2.38462	15.788
2.39231	15.871
2.40000	16.707
2.40769	16.909
2.41538	16.798
2.42308	17.199
2.43077	17.288
2.43846	17.389
2.44615	17.500
2.45385	17.068
2.46154	17.247
2.46923	17.368
2.47692	16.545
2.48462	16.396
2.49231	16.383
2.50000	16.674
2.50769	17.000
2.51538	17.500
2.52308	17.667
2.53077	17.664
2.53846	18.161
2.54615	17.341
2.55385	17.531
2.56154	17.346
2.56923	17.105
2.57692	17.297
2.58462	16.584
2.59231	17.431
2.60000	18.577
2.60769	18.139
2.61538	18.408
2.62308	18.233
2.63077	17.607
2.63846	18.372
2.64615	18.126
2.65385	17.500
2.66154	18.259
2.66923	18.000
2.67692	16.731
2.68462	17.500
2.69231	18.111
2.70000	17.932
2.70769	16.922
2.71538	17.309
2.72308	18.600
2.73077	17.794
2.73846	18.095
2.74615	17.907
2.75385	17.910
2.76154	18.500
2.76923	18.170
2.77692	18.917
2.78462	19.080
2.79231	18.578
2.80000	19.700
2.80769	20.210
2.81538	19.570
2.82308	18.635
2.83077	17.500
2.83846	18.062
2.84615	19.119
2.85385	19.557
2.86154	19.555
2.86923	18.656
2.87692	19.149
2.88462	19.547
2.89231	19.044
2.90000	19.126
2.90769	19.579
2.91538	20.037
2.92308	20.000
2.93077	20.000
2.93846	19.588
2.94615	19.553
2.95385	20.024
2.96154	21.435
2.96923	20.943
2.97692	21.000
2.98462	21.986
2.99231	21.500
3.00000	22.018
3.00769	22.513
3.01538	22.996
3.02308	24.494
3.03077	24.992
3.03846	22.992
3.04615	22.981
3.05385	22.991
3.06154	21.534
3.06923	21.556
3.07692	22.083
3.08462	22.981
3.09231	23.370
3.10000	22.476
3.10769	22.947
3.11538	23.412
3.12308	23.532
3.13077	24.500
3.13846	24.463
3.14615	23.882
3.15385	24.706
3.16154	23.867
3.16923	22.000
3.17692	21.901
3.18462	21.500
3.19231	20.109
3.20000	19.172
3.20769	19.500
3.21538	19.751
3.22308	19.370
3.23077	18.000
3.23846	17.000
3.24615	17.072
3.25385	17.300
3.26154	17.655
3.26923	17.160
3.27692	16.913
3.28462	18.255
3.29231	18.088
3.30000	17.500
3.30769	18.814
3.31538	18.214
3.32308	17.706
3.33077	17.900
3.33846	16.897
3.34615	16.289
3.35385	16.892
3.36154	16.611
3.36923	15.839
3.37692	16.116
3.38462	16.382
3.39231	16.379
3.40000	15.877
3.40769	16.500
3.41538	16.257
3.42308	16.000
3.43077	16.600
3.43846	16.456
3.44615	16.084
3.45385	16.000
3.46154	16.287
3.46923	15.854
3.47692	15.500
3.48462	15.105
3.49231	15.461
3.50000	16.500
3.50769	15.841
3.51538	15.500
3.52308	15.500
3.53077	15.500
3.53846	15.669
3.54615	15.672
3.55385	15.326
3.56154	14.970
3.56923	15.642
3.57692	15.863
3.58462	15.184
3.59231	14.500
3.60000	14.879
3.60769	15.384
3.61538	15.306
3.62308	14.803
3.63077	15.000
3.63846	14.798
3.64615	14.091
3.65385	14.586
3.66154	14.790
3.66923	15.151
3.67692	15.571
3.68462	14.935
3.69231	14.440
3.70000	15.222
3.70769	15.550
3.71538	15.273
3.72308	15.230
3.73077	15.500
3.73846	15.235
3.74615	14.475
3.75385	14.520
3.76154	14.757
3.76923	14.490
3.77692	14.496
3.78462	15.501
3.79231	15.747
3.80000	15.989
3.80769	15.984
3.81538	16.000
3.82308	16.763
3.83077	16.266
3.83846	16.304
3.84615	16.500
3.85385	17.227
3.86154	19.276
3.86923	21.557
3.87692	24.062
3.88462	27.433
3.89231	31.428
3.90000	35.423
3.90769	39.000
3.91538	40.500
3.92308	40.724
3.93077	40.507
3.93846	38.898
3.94615	36.804
3.95385	34.725
3.96154	31.235
3.96923	28.689
3.97692	26.745
3.98462	25.184
3.99231	24.543
4.00000	23.357
4.00769	22.000
4.01538	20.520
4.02308	19.342
4.03077	18.673
4.03846	18.661
4.04615	19.000
4.05385	18.679
4.06154	17.316
4.06923	16.811
4.07692	17.500
4.08462	16.849
4.09231	16.352
4.10000	17.064
4.10769	16.500
4.11538	15.062
4.12308	15.638
4.13077	15.729
4.13846	15.133
4.14615	16.000
4.15385	16.617
4.16154	16.250
4.16923	15.490
4.17692	16.500
4.18462	16.882
4.19231	15.615
4.20000	15.225
4.20769	15.110
4.21538	16.000
4.22308	17.210
4.23077	16.307
4.23846	14.699
4.24615	14.597
4.25385	14.595
4.26154	15.092
4.26923	15.910
4.27692	15.500
4.28462	15.338
4.29231	16.082
4.30000	16.159
4.30769	16.231
4.31538	16.926
4.32308	16.572
4.33077	16.569
4.33846	16.500
4.34615	16.436
4.35385	17.315
4.36154	17.264
4.36923	16.887
4.37692	17.000
4.38462	16.500
4.39231	16.451
4.40000	16.454
4.40769	16.912
4.41538	16.500
4.42308	16.539
4.43077	17.000
4.43846	15.567
4.44615	15.469
4.45385	15.471
4.46154	15.500
4.46923	15.500
4.47692	16.000
4.48462	16.445
4.49231	14.984
4.50000	15.500
4.50769	16.522
4.51538	16.508
4.52308	16.983
4.53077	16.997
4.53846	17.999
4.54615	17.998
4.55385	18.004
4.56154	17.507
4.56923	16.010
4.57692	16.512
4.58462	16.500
4.59231	16.534
4.60000	16.079
4.60769	17.044
4.61538	17.450
4.62308	15.973
4.63077	16.030
4.63846	16.032
4.64615	16.000
4.65385	16.425
4.66154	16.380
4.66923	15.957
4.67692	16.045
4.68462	16.857
4.69231	16.749
4.70000	15.105
4.70769	14.611
4.71538	15.058
4.72308	15.621
4.73077	15.500
4.73846	14.696
4.74615	16.068
4.75385	16.429
4.76154	15.000
4.76923	15.424
4.77692	16.500
4.78462	16.081
4.79231	15.500
4.80000	15.672
4.80769	16.353
4.81538	17.091
4.82308	17.907
4.83077	18.308
4.83846	18.705
4.84615	19.697
4.85385	20.604
4.86154	23.000
4.86923	25.174
4.87692	26.500
4.88462	29.000
4.89231	32.884
4.90000	38.619
4.90769	46.379
4.91538	56.004
4.92308	68.621
4.93077	84.871
4.93846	100.737
4.94615	114.964
4.95385	126.954
4.96154	134.139
4.96923	139.142
4.97692	136.067
4.98462	127.206
4.99231	116.201
5.00000	99.607
5.00769	85.154
5.01538	72.372
5.02308	60.681
5.03077	51.676
5.03846	44.165
5.04615	38.834
5.05385	35.339
5.06154	32.672
5.06923	30.524
5.07692	29.532
5.08462	28.640
5.09231	27.818
5.10000	26.815
5.10769	25.438
5.11538	24.000
5.12308	23.500
5.13077	22.610
5.13846	21.000
5.14615	20.301
5.15385	19.608
5.16154	18.590
5.16923	17.292
5.17692	16.921
5.18462	17.500
5.19231	16.569
5.20000	15.282
5.20769	15.220
5.21538	15.223
5.22308	15.226
5.23077	15.184
5.23846	15.422
5.24615	14.733
5.25385	14.000
5.26154	14.500
5.26923	14.000
5.27692	14.243
5.28462	14.500
5.29231	14.248
5.30000	14.751
5.30769	14.253
5.31538	13.756
5.32308	13.759
5.33077	13.761
5.33846	13.764
5.34615	13.766
5.35385	14.000
5.36154	14.043
5.36923	14.274
5.37692	14.224
5.38462	14.000
5.39231	13.781
5.40000	13.500
5.40769	13.500
5.41538	14.578
5.42308	15.000
5.43077	14.118
5.43846	14.000
5.44615	14.197
5.45385	14.302
5.46154	14.696
5.46923	15.193
5.47692	14.691
5.48462	14.688
5.49231	15.242
5.50000	14.366
5.50769	14.139
5.51538	14.322
5.52308	14.149
5.53077	13.827
5.53846	13.670
5.54615	14.332
5.55385	14.339
5.56154	14.012
5.56923	14.000
5.57692	14.000
5.58462	14.190
5.59231	14.085
5.60000	13.200
5.60769	13.353
5.61538	14.210
5.62308	14.000
5.63077	13.140
5.63846	12.912
5.64615	13.135
5.65385	13.000
5.66154	13.500
5.66923	13.500
5.67692	13.500
5.68462	14.000
5.69231	13.500
5.70000	13.617
5.70769	14.614
5.71538	14.888
5.72308	15.063
5.73077	14.573
5.73846	13.896
5.74615	14.500
5.75385	14.401
5.76154	13.597
5.76923	13.688
5.77692	14.500
5.78462	15.411
5.79231	15.414
5.80000	14.752
5.80769	15.325
5.81538	16.579
5.82308	17.500
5.83077	18.000
5.83846	18.000
5.84615	18.431
5.85385	19.500
5.86154	20.754
5.86923	22.183
5.87692	24.883
5.88462	27.776
5.89231	29.787
5.90000	32.398
5.90769	39.500
5.91538	53.546
5.92308	74.457
5.93077	102.215
5.93846	125.733
5.94615	129.071
5.95385	113.566
5.96154	90.000
5.96923	69.112
5.97692	56.051
5.98462	49.046
5.99231	47.041
6.00000	44.982
6.00769	42.015
6.01538	40.487
6.02308	38.980
6.03077	39.477
6.03846	38.490
6.04615	35.015
6.05385	37.000
0.00000	18.000
0.00769	14.547
0.01538	13.068
0.02308	12.020
0.03077	11.974
0.03846	10.575
0.04615	10.072
0.05385	10.505
0.06154	10.443
0.06923	10.940
0.07692	10.870
0.08462	10.010
0.09231	9.730
0.10000	9.680
0.10769	9.585
0.11538	10.593
0.12308	10.875
0.13077	10.553
0.13846	9.897
0.14615	9.250
0.15385	9.622
0.16154	10.000
0.16923	10.141
0.17692	10.494
0.18462	10.353
0.19231	9.676
0.20000	9.660
0.20769	10.000
0.21538	10.177
0.22308	10.198
0.23077	10.872
0.23846	11.991
0.24615	11.860
0.25385	11.497
0.26154	11.075
0.26923	10.539
0.27692	10.025
0.28462	10.219
0.29231	9.812
0.30000	9.205
0.30769	10.499
0.31538	10.606
0.32308	10.006
0.33077	10.135
0.33846	10.619
0.34615	10.067
0.35385	9.852
0.36154	9.680
0.36923	9.100
0.37692	9.811
0.38462	10.160
0.39231	10.489
0.40000	11.003
0.40769	10.746
0.41538	10.330
0.42308	10.980
0.43077	10.117
0.43846	9.559
0.44615	9.550
0.45385	9.370
0.46154	10.518
0.46923	10.689
0.47692	10.647
0.48462	10.722
0.49231	11.000
0.50000	10.801
0.50769	11.578
0.51538	11.611
0.52308	11.385
0.53077	12.361
0.53846	11.460
0.54615	11.453
0.55385	12.429
0.56154	11.658
0.56923	10.480
0.57692	11.006
0.58462	11.000
0.59231	10.564
0.60000	10.463
0.60769	11.861
0.61538	12.871
0.62308	11.551
0.63077	10.000
0.63846	10.445
0.64615	11.445
0.65385	11.112
0.66154	10.443
0.66923	11.886
0.67692	12.558
0.68462	11.634
0.69231	10.743
0.70000	10.817
0.70769	11.671
0.71538	11.534
0.72308	11.467
0.73077	12.078
0.73846	11.945
0.74615	11.592
0.75385	11.748
0.76154	11.749
0.76923	12.149
0.77692	12.000
0.78462	12.148
0.79231	12.788
0.80000	13.209
0.80769	13.164
0.81538	13.055
0.82308	12.767
0.83077	12.571
0.83846	12.242
0.84615	12.125
0.85385	11.933
0.86154	12.272
0.86923	12.207
0.87692	12.500
0.88462	12.938
0.89231	12.657
0.90000	12.112
0.90769	12.533
0.91538	11.685
0.92308	11.909
0.93077	12.858
0.93846	13.361
0.94615	13.778
0.95385	14.000
0.96154	13.164
0.96923	12.406
0.97692	13.145
0.98462	13.469
0.99231	13.697
1.00000	13.122
1.00769	12.690
1.01538	13.350
1.02308	13.500
1.03077	13.279
1.03846	13.638
1.04615	14.428
1.05385	14.936
1.06154	15.440
1.06923	15.066
1.07692	15.405
1.08462	14.882
1.09231	14.897
1.10000	15.882
1.10769	15.827
1.11538	14.864
1.12308	15.596
1.13077	15.377
1.13846	15.587
1.14615	15.039
1.15385	15.417
1.16154	16.011
1.16923	16.000
1.17692	15.984
1.18462	16.351
1.19231	16.586
1.20000	15.571
1.20769	16.164
1.21538	17.160
1.22308	16.000
1.23077	15.958
1.23846	16.022
1.24615	16.843
1.25385	17.545
1.26154	16.738
1.26923	15.180
1.27692	15.357
1.28462	16.417
1.29231	15.436
1.30000	16.339
1.30769	17.257
1.31538	17.541
1.32308	17.898
1.33077	17.551
1.33846	16.356
1.34615	15.060
1.35385	15.963
1.36154	16.995
1.36923	16.754
1.37692	16.068
1.38462	16.460
1.39231	17.528
1.40000	17.395
1.40769	17.253
1.41538	16.461
1.42308	15.616
1.43077	16.204
1.43846	16.846
1.44615	16.474
1.45385	16.507
1.46154	16.500
1.46923	16.669
1.47692	17.341
1.48462	17.455
1.49231	17.013
1.50000	18.368
1.50769	19.265
1.51538	18.932
1.52308	18.498
1.53077	17.913
1.53846	18.066
1.54615	19.037
1.55385	20.901
1.56154	23.612
1.56923	25.069
1.57692	24.406
1.58462	22.364
1.59231	22.938
1.60000	22.961
1.60769	24.066
1.61538	25.145
1.62308	25.289
1.63077	26.941
1.63846	27.846
1.64615	29.586
1.65385	30.781
1.66154	31.113
1.66923	31.492
1.67692	31.465
1.68462	31.203
1.69231	32.000
1.70000	32.677
1.70769	34.219
1.71538	34.473
1.72308	34.266
1.73077	34.622
1.73846	33.630
1.74615	32.628
1.75385	32.000
1.76154	32.009
1.76923	33.028
1.77692	33.556
1.78462	30.671
1.79231	29.372
1.80000	27.387
1.80769	26.060
1.81538	26.000
1.82308	25.959
1.83077	24.929
1.83846	23.339
1.84615	23.000
1.85385	21.775
1.86154	21.318
1.86923	20.273
1.87692	20.789
1.88462	19.911
1.89231	18.157
1.90000	18.337
1.90769	18.823
1.91538	17.775
1.92308	17.189
1.93077	18.362
1.93846	17.561
1.94615	17.219
1.95385	17.114
1.96154	16.905
1.96923	16.576
1.97692	17.559
1.98462	16.663
1.99231	16.312
2.00000	17.494
2.00769	16.672
2.01538	16.147
2.02308	16.938
2.03077	17.965
2.03846	17.349
2.04615	16.163
2.05385	16.329
2.06154	16.153
2.06923	16.512
2.07692	16.446
2.08462	16.182
2.09231	16.393
2.10000	16.510
2.10769	17.344
2.11538	16.839
2.12308	16.598
2.13077	16.325
2.13846	17.349
2.14615	16.870
2.15385	17.532
2.16154	17.876
2.16923	17.620
2.17692	18.298
2.18462	18.735
2.19231	17.078
2.20000	16.777
2.20769	15.916
2.21538	17.011
2.22308	18.183
2.23077	16.873
2.23846	17.000
2.24615	16.903
2.25385	16.844
2.26154	17.624
2.26923	17.684
2.27692	15.789
2.28462	17.092
2.29231	17.615
2.30000	18.262
2.30769	16.927
2.31538	16.710
2.32308	16.605
2.33077	17.388
2.33846	16.600
2.34615	17.101
2.35385	15.626
2.36154	16.686
2.36923	16.366
2.37692	17.093
2.38462	17.023
2.39231	16.797
2.40000	16.664
2.40769	17.447
2.41538	16.680
2.42308	17.707
2.43077	17.000
2.43846	16.666
2.44615	17.000
2.45385	18.617
2.46154	16.729
2.46923	17.422
2.47692	16.220
2.48462	16.894
2.49231	17.052
2.50000	17.174
2.50769	18.019
2.51538	16.587
2.52308	17.226
2.53077	17.000
2.53846	17.194
2.54615	17.428
2.55385	17.374
2.56154	18.719
2.56923	17.830
2.57692	17.739
2.58462	18.212
2.59231	17.061
2.60000	17.185
2.60769	18.653
2.61538	17.643
2.62308	17.839
2.63077	17.638
2.63846	18.007
2.64615	18.067
2.65385	18.115
2.66154	18.179
2.66923	19.134
2.67692	19.650
2.68462	18.000
2.69231	17.780
2.70000	17.311
2.70769	18.005
2.71538	18.520
2.72308	17.916
2.73077	17.567
2.73846	17.739
2.74615	18.803
2.75385	18.529
2.76154	19.427
2.76923	17.914
2.77692	18.578
2.78462	19.412
2.79231	19.282
2.80000	19.257
2.80769	19.114
2.81538	20.211
2.82308	20.615
2.83077	20.258
2.83846	21.477
2.84615	23.314
2.85385	24.675
2.86154	23.849
2.86923	21.394
2.87692	22.918
2.88462	24.444
2.89231	23.013
2.90000	22.536
2.90769	21.529
2.91538	22.522
2.92308	21.750
2.93077	23.737
2.93846	23.543
2.94615	25.784
2.95385	27.831
2.96154	28.613
2.96923	32.694
2.97692	32.200
2.98462	32.158
2.99231	30.911
3.00000	32.693
3.00769	31.017
3.01538	28.638
3.02308	27.517
3.03077	25.563
3.03846	23.862
3.04615	22.411
3.05385	21.648
3.06154	23.182
3.06923	23.750
3.07692	24.086
3.08462	25.065
3.09231	25.014
3.10000	25.836
3.10769	25.328
3.11538	25.105
3.12308	24.336
3.13077	23.923
3.13846	22.127
3.14615	20.111
3.15385	19.952
3.16154	19.722
3.16923	19.325
3.17692	18.772
3.18462	18.024
3.19231	18.166
3.20000	18.593
3.20769	18.774
3.21538	18.000
3.22308	17.776
3.23077	17.012
3.23846	17.097
3.24615	17.263
3.25385	17.396
3.26154	17.339
3.26923	17.588
3.27692	18.103
3.28462	17.803
3.29231	17.850
3.30000	18.799
3.30769	19.051
3.31538	17.493
3.32308	15.779
3.33077	16.603
3.33846	17.344
3.34615	16.155
3.35385	16.479
3.36154	15.712
3.36923	16.635
3.37692	17.013
3.38462	16.499
3.39231	17.310
3.40000	16.526
3.40769	17.102
3.41538	14.983
3.42308	17.449
3.43077	16.793
3.43846	16.412
3.44615	17.449
3.45385	15.629
3.46154	17.000
3.46923	17.177
3.47692	17.724
3.48462	17.233
3.49231	17.211
3.50000	14.235
3.50769	15.400
3.51538	17.003
3.52308	17.021
3.53077	16.992
3.53846	16.771
3.54615	16.237
3.55385	16.575
3.56154	15.539
3.56923	16.805
3.57692	16.023
3.58462	16.132
3.59231	16.337
3.60000	17.158
3.60769	17.138
3.61538	17.226
3.62308	18.122
3.63077	17.869
3.63846	17.973
3.64615	17.334
3.65385	18.859
3.66154	18.027
3.66923	17.238
3.67692	18.026
3.68462	16.981
3.69231	17.636
3.70000	18.644
3.70769	16.937
3.71538	16.592
3.72308	16.483
3.73077	17.000
3.73846	17.109
3.74615	17.486
3.75385	16.849
3.76154	16.286
3.76923	17.000
3.77692	17.014
3.78462	16.960
3.79231	16.418
3.80000	16.263
3.80769	17.657
3.81538	18.439
3.82308	18.779
3.83077	20.067
3.83846	20.891
3.84615	21.387
3.85385	23.867
3.86154	27.679
3.86923	31.781
3.87692	36.323
3.88462	40.106
3.89231	42.413
3.90000	44.664
3.90769	46.473
3.91538	47.000
3.92308	46.459
3.93077	43.323
3.93846	40.894
3.94615	38.594
3.95385	36.235
3.96154	34.606
3.96923	32.579
3.97692	32.060
3.98462	29.054
3.99231	28.419
4.00000	29.000
4.00769	29.226
4.01538	25.596
4.02308	23.669
4.03077	21.627
4.03846	23.458
4.04615	21.166
4.05385	21.882
4.06154	20.614
4.06923	19.331
4.07692	20.683
4.08462	19.024
4.09231	18.850
4.10000	18.013
4.10769	18.159
4.11538	18.745
4.12308	17.955
4.13077	18.019
4.13846	18.123
4.14615	17.935
4.15385	18.235
4.16154	18.822
4.16923	17.899
4.17692	18.468
4.18462	16.494
4.19231	18.301
4.20000	17.043
4.20769	16.197
4.21538	16.181
4.22308	16.139
4.23077	16.967
4.23846	16.956
4.24615	18.292
4.25385	18.424
4.26154	18.250
4.26923	18.176
4.27692	19.634
4.28462	21.225
4.29231	18.650
4.30000	20.730
4.30769	21.132
4.31538	20.156
4.32308	19.787
4.33077	20.741
4.33846	19.075
4.34615	19.476
4.35385	18.824
4.36154	18.529
4.36923	19.267
4.37692	17.612
4.38462	18.562
4.39231	18.959
4.40000	18.669
4.40769	19.946
4.41538	19.122
4.42308	19.878
4.43077	19.000
4.43846	19.192
4.44615	20.486
4.45385	19.709
4.46154	20.636
4.46923	22.527
4.47692	21.658
4.48462	21.709
4.49231	22.043
4.50000	22.590
4.50769	24.050
4.51538	23.377
4.52308	22.926
4.53077	24.169
4.53846	25.467
4.54615	25.111
4.55385	26.000
4.56154	26.043
4.56923	26.061
4.57692	23.675
4.58462	25.000
4.59231	24.694
4.60000	22.118
4.60769	22.000
4.61538	21.789
4.62308	20.095
4.63077	20.825
4.63846	19.704
4.64615	17.300
4.65385	18.890
4.66154	18.051
4.66923	18.983
4.67692	18.800
4.68462	16.999
4.69231	16.878
4.70000	15.906
4.70769	15.145
4.71538	16.078
4.72308	16.778
4.73077	16.821
4.73846	16.180
4.74615	17.893
4.75385	18.057
4.76154	18.328
4.76923	16.155
4.77692	17.629
4.78462	17.318
4.79231	16.874
4.80000	17.575
4.80769	17.069
4.81538	17.960
4.82308	20.109
4.83077	21.455
4.83846	23.557
4.84615	24.735
4.85385	25.255
4.86154	28.142
4.86923	29.866
4.87692	32.414
4.88462	37.517
4.89231	43.959
4.90000	52.562
4.90769	63.478
4.91538	79.288
4.92308	95.242
4.93077	109.330
4.93846	128.164
4.94615	142.705
4.95385	151.479
4.96154	156.153
4.96923	157.887
4.97692	155.447
4.98462	142.368
4.99231	127.174
5.00000	109.599
5.00769	93.215
5.01538	78.376
5.02308	67.666
5.03077	60.413
5.03846	55.036
5.04615	50.196
5.05385	47.791
5.06154	47.889
5.06923	46.130
5.07692	43.410
5.08462	43.974
5.09231	43.211
5.10000	37.747
5.10769	36.367
5.11538	33.766
5.12308	30.069
5.13077	27.383
5.13846	24.621
5.14615	22.060
5.15385	22.833
5.16154	20.161
5.16923	19.845
5.17692	17.216
5.18462	16.057
5.19231	17.000
5.20000	16.956
5.20769	16.229
5.21538	16.996
5.22308	16.884
5.23077	16.003
5.23846	16.035
5.24615	15.925
5.25385	14.962
5.26154	14.000
5.26923	14.098
5.27692	15.878
5.28462	13.998
5.29231	13.902
5.30000	13.003
5.30769	13.125
5.31538	14.220
5.32308	16.770
5.33077	14.152
5.33846	14.874
5.34615	14.963
5.35385	14.116
5.36154	13.233
5.36923	14.573
5.37692	13.189
5.38462	13.017
5.39231	13.499
5.40000	14.734
5.40769	13.962
5.41538	13.064
5.42308	14.760
5.43077	15.639
5.43846	13.684
5.44615	13.373
5.45385	14.977
5.46154	14.341
5.46923	14.269
5.47692	13.623
5.48462	13.413
5.49231	14.413
5.50000	15.065
5.50769	17.083
5.51538	14.594
5.52308	15.497
5.53077	13.593
5.53846	15.525
5.54615	15.449
5.55385	14.038
5.56154	15.514
5.56923	14.520
5.57692	16.327
5.58462	14.022
5.59231	15.022
5.60000	15.970
5.60769	14.600
5.61538	14.988
5.62308	14.412
5.63077	15.975
5.63846	14.650
5.64615	14.974
5.65385	14.989
5.66154	14.327
5.66923	14.989
5.67692	14.289
5.68462	14.296
5.69231	15.731
5.70000	15.228
5.70769	13.489
5.71538	14.779
5.72308	15.008
5.73077	15.805
5.73846	15.991
5.74615	15.024
5.75385	17.829
5.76154	16.154
5.76923	17.477
5.77692	17.994
5.78462	17.005
5.79231	17.913
5.80000	18.996
5.80769	18.069
5.81538	18.951
5.82308	20.122
5.83077	21.976
5.83846	23.986
5.84615	22.000
0.00000	24.000
0.00769	21.499
0.01538	22.437
0.02308	20.017
0.03077	17.666
0.03846	18.819
0.04615	17.587
0.05385	16.070
0.06154	15.833
0.06923	15.297
0.07692	14.888
0.08462	14.352
0.09231	15.000
0.10000	14.717
0.10769	14.101
0.11538	15.240
0.12308	16.050
0.13077	15.985
0.13846	15.068
0.14615	14.381
0.15385	14.125
0.16154	14.528
0.16923	14.322
0.17692	14.235
0.18462	14.532
0.19231	13.467
0.20000	14.534
0.20769	13.083
0.21538	13.368
0.22308	13.470
0.23077	13.699
0.23846	13.450
0.24615	13.543
0.25385	13.365
0.26154	13.081
0.26923	13.000
0.27692	13.214
0.28462	14.199
0.29231	14.775
0.30000	13.864
0.30769	13.380
0.31538	13.387
0.32308	14.471
0.33077	14.315
0.33846	13.328
0.34615	13.041
0.35385	12.858
0.36154	12.276
0.36923	14.218
0.37692	12.851
0.38462	13.125
0.39231	12.617
0.40000	13.427
0.40769	12.762
0.41538	13.124
0.42308	13.434
0.43077	13.000
0.43846	13.000
0.44615	12.838
0.45385	12.668
0.46154	14.335
0.46923	13.863
0.47692	12.918
0.48462	14.137
0.49231	14.334
0.50000	13.000
0.50769	13.027
0.51538	13.094
0.52308	12.978
0.53077	12.741
0.53846	12.471
0.54615	13.823
0.55385	13.287
0.56154	13.992
0.56923	13.772
0.57692	12.982
0.58462	13.200
0.59231	13.984
0.60000	13.770
0.60769	13.246
0.61538	13.895
0.62308	13.698
0.63077	13.000
0.63846	13.177
0.64615	14.612
0.65385	18.760
0.66154	22.331
0.66923	15.625
0.67692	13.778
0.68462	13.053
0.69231	14.241
0.70000	14.790
0.70769	13.150
0.71538	14.050
0.72308	15.049
0.73077	14.297
0.73846	14.159
0.74615	12.912
0.75385	13.236
0.76154	13.112
0.76923	13.699
0.77692	14.060
0.78462	14.342
0.79231	14.291
0.80000	13.818
0.80769	12.957
0.81538	13.117
0.82308	14.306
0.83077	13.283
0.83846	14.875
0.84615	15.926
0.85385	14.000
0.86154	13.814
0.86923	13.064
0.87692	13.587
0.88462	13.830
0.89231	13.135
0.90000	13.699
0.90769	14.447
0.91538	14.337
0.92308	13.671
0.93077	13.118
0.93846	14.436
0.94615	13.852
0.95385	14.938
0.96154	14.488
0.96923	13.627
0.97692	13.552
0.98462	14.623
0.99231	14.368
1.00000	14.477
1.00769	13.485
1.01538	14.526
1.02308	14.703
1.03077	15.393
1.03846	13.698
1.04615	15.093
1.05385	15.668
1.06154	15.711
1.06923	14.040
1.07692	13.449
1.08462	14.459
1.09231	16.111
1.10000	15.863
1.10769	15.473
1.11538	17.133
1.12308	15.087
1.13077	15.560
1.13846	13.555
1.14615	15.893
1.15385	15.049
1.16154	15.160
1.16923	15.850
1.17692	15.308
1.18462	16.829
1.19231	16.296
1.20000	17.558
1.20769	15.156
1.21538	16.067
1.22308	15.987
1.23077	16.024
1.23846	16.746
1.24615	16.605
1.25385	16.485
1.26154	16.142
1.26923	16.693
1.27692	14.753
1.28462	14.535
1.29231	15.472
1.30000	15.915
1.30769	16.658
1.31538	15.897
1.32308	15.364
1.33077	16.159
1.33846	16.939
1.34615	15.697
1.35385	15.861
1.36154	16.998
1.36923	16.977
1.37692	16.692
1.38462	17.166
1.39231	18.056
1.40000	16.682
1.40769	15.993
1.41538	17.192
1.42308	17.579
1.43077	18.596
1.43846	18.746
1.44615	17.653
1.45385	18.639
1.46154	19.375
1.46923	18.551
1.47692	19.000
1.48462	19.123
1.49231	19.945
1.50000	19.619
1.50769	20.121
1.51538	20.929
1.52308	20.562
1.53077	21.791
1.53846	21.882
1.54615	20.916
1.55385	20.473
1.56154	21.982
1.56923	24.399
1.57692	24.696
1.58462	25.454
1.59231	25.818
1.60000	26.663
1.60769	27.806
1.61538	28.263
1.62308	28.447
1.63077	28.770
1.63846	31.451
1.64615	30.362
1.65385	31.848
1.66154	32.057
1.66923	32.536
1.67692	32.157
1.68462	31.517
1.69231	33.789
1.70000	32.832
1.70769	32.237
1.71538	32.934
1.72308	32.461
1.73077	28.542
1.73846	31.555
1.74615	28.434
1.75385	31.600
1.76154	28.001
1.76923	27.925
1.77692	27.184
1.78462	28.468
1.79231	25.000
1.80000	25.015
1.80769	25.167
1.81538	25.095
1.82308	25.823
1.83077	24.132
1.83846	23.959
1.84615	22.037
1.85385	21.072
1.86154	23.225
1.86923	21.055
1.87692	21.438
1.88462	19.951
1.89231	19.453
1.90000	19.447
1.90769	21.259
1.91538	19.149
1.92308	20.724
1.93077	20.967
1.93846	21.632
1.94615	21.630
1.95385	21.231
1.96154	19.947
1.96923	19.441
1.97692	20.156
1.98462	19.194
1.99231	18.920
2.00000	18.091
2.00769	19.142
2.01538	19.194
2.02308	18.917
2.03077	17.951
2.03846	18.039
2.04615	18.538
2.05385	18.964
2.06154	18.526
2.06923	18.539
2.07692	18.480
2.08462	17.659
2.09231	18.782
2.10000	18.042
2.10769	18.548
2.11538	17.753
2.12308	17.614
2.13077	17.491
2.13846	19.296
2.14615	18.693
2.15385	18.938
2.16154	18.126
2.16923	18.633
2.17692	19.355
2.18462	18.110
2.19231	19.672
2.20000	18.459
2.20769	18.305
2.21538	19.531
2.22308	18.959
2.23077	21.302
2.23846	19.059
2.24615	19.991
2.25385	19.749
2.26154	18.113
2.26923	19.901
2.27692	18.193
2.28462	17.973
2.29231	19.129
2.30000	19.897
2.30769	18.105
2.31538	19.039
2.32308	19.076
2.33077	20.000
2.33846	19.950
2.34615	18.938
2.35385	18.120
2.36154	20.870
2.36923	19.095
2.37692	18.834
2.38462	18.239
2.39231	19.908
2.40000	19.885
2.40769	19.577
2.41538	18.169
2.42308	19.006
2.43077	19.151
2.43846	18.986
2.44615	18.672
2.45385	19.581
2.46154	19.039
2.46923	19.922
2.47692	18.076
2.48462	19.906
2.49231	17.635
2.50000	20.353
2.50769	17.949
2.51538	20.065
2.52308	19.328
2.53077	19.626
2.53846	18.338
2.54615	19.055
2.55385	20.694
2.56154	19.432
2.56923	20.958
2.57692	19.599
2.58462	19.830
2.59231	19.450
2.60000	19.972
2.60769	19.042
2.61538	20.525
2.62308	20.487
2.63077	20.487
2.63846	20.037
2.64615	21.501
2.65385	20.450
2.66154	19.990
2.66923	19.587
2.67692	20.597
2.68462	21.400
2.69231	21.000
2.70000	21.000
2.70769	21.014
2.71538	21.704
2.72308	21.336
2.73077	21.046
2.73846	22.973
2.74615	21.278
2.75385	19.739
2.76154	21.728
2.76923	21.997
2.77692	21.772
2.78462	23.523
2.79231	23.255
2.80000	26.027
2.80769	28.607
2.81538	28.825
2.82308	29.839
2.83077	30.995
2.83846	30.280
2.84615	28.989
2.85385	27.358
2.86154	27.891
2.86923	27.184
2.87692	27.075
2.88462	26.150
2.89231	31.903
2.90000	34.927
2.90769	38.030
2.91538	41.043
2.92308	46.000
2.93077	52.995
2.93846	57.021
2.94615	58.996
2.95385	56.900
2.96154	56.003
2.96923	48.110
2.97692	43.207
2.98462	39.912
2.99231	35.029
3.00000	34.608
3.00769	31.169
3.01538	29.852
3.02308	30.168
3.03077	34.773
3.03846	34.594
3.04615	38.173
3.05385	41.190
3.06154	43.213
3.06923	43.744
3.07692	40.828
3.08462	38.584
3.09231	37.023
3.10000	31.985
3.10769	30.393
3.11538	27.715
3.12308	25.718
3.13077	23.681
3.13846	21.152
3.14615	21.377
3.15385	20.621
3.16154	22.551
3.16923	19.900
3.17692	20.975
3.18462	20.563
3.19231	20.090
3.20000	20.001
3.20769	21.001
3.21538	20.025
3.22308	19.526
3.23077	19.988
3.23846	19.027
3.24615	19.870
3.25385	20.840
3.26154	19.053
3.26923	19.575
3.27692	19.784
3.28462	19.253
3.29231	21.914
3.30000	19.784
3.30769	19.023
3.31538	18.682
3.32308	18.989
3.33077	19.000
3.33846	17.350
3.34615	18.938
3.35385	17.986
3.36154	18.241
3.36923	18.743
3.37692	18.030
3.38462	17.242
3.39231	17.968
3.40000	19.742
3.40769	18.240
3.41538	18.007
3.42308	17.861
3.43077	17.164
3.43846	18.577
3.44615	18.885
3.45385	16.308
3.46154	19.672
3.46923	19.931
3.47692	17.089
3.48462	17.988
3.49231	18.978
3.50000	19.001
3.50769	19.000
3.51538	18.062
3.52308	18.001
3.53077	17.127
3.53846	17.903
3.54615	16.352
3.55385	18.855
3.56154	19.000
3.56923	18.155
3.57692	18.839
3.58462	19.688
3.59231	18.768
3.60000	18.684
3.60769	17.877
3.61538	18.757
3.62308	18.988
3.63077	19.198
3.63846	19.434
3.64615	21.572
3.65385	19.641
3.66154	20.414
3.66923	19.351
3.67692	17.148
3.68462	19.153
3.69231	19.414
3.70000	19.650
3.70769	19.658
3.71538	19.976
3.72308	18.725
3.73077	19.329
3.73846	19.199
3.74615	18.086
3.75385	19.320
3.76154	19.031
3.76923	19.415
3.77692	20.534
3.78462	22.334
3.79231	22.036
3.80000	22.462
3.80769	23.861
3.81538	29.052
3.82308	31.307
3.83077	34.214
3.83846	38.921
3.84615	46.244
3.85385	52.508
3.86154	64.037
3.86923	71.434
3.87692	75.190
3.88462	76.013
3.89231	76.630
3.90000	75.754
3.90769	69.225
3.91538	65.306
3.92308	59.248
3.93077	53.650
3.93846	49.125
3.94615	45.100
3.95385	40.847
3.96154	38.121
3.96923	37.986
3.97692	34.720
3.98462	31.306
3.99231	27.987
4.00000	28.874
4.00769	26.278
4.01538	24.855
4.02308	24.286
4.03077	25.735
4.03846	23.277
4.04615	21.335
4.05385	21.975
4.06154	22.765
4.06923	21.184
4.07692	22.803
4.08462	23.853
4.09231	20.400
4.10000	20.000
4.10769	20.000
4.11538	19.173
4.12308	18.964
4.13077	18.155
4.13846	19.800
4.14615	18.940
4.15385	19.166
4.16154	17.343
4.16923	18.918
4.17692	19.521
4.18462	18.916
4.19231	17.199
4.20000	18.617
4.20769	17.725
4.21538	18.334
4.22308	17.559
4.23077	16.375
4.23846	17.359
4.24615	19.481
4.25385	17.555
4.26154	17.546
4.26923	18.572
4.27692	19.848
4.28462	19.116
4.29231	19.883
4.30000	18.236
4.30769	18.882
4.31538	19.336
4.32308	18.167
4.33077	19.400
4.33846	18.839
4.34615	18.963
4.35385	18.122
4.36154	17.527
4.36923	18.811
4.37692	18.147
4.38462	18.000
4.39231	17.571
4.40000	18.400
4.40769	18.068
4.41538	19.446
4.42308	19.089
4.43077	17.625
4.43846	17.053
4.44615	18.213
4.45385	18.382
4.46154	18.048
4.46923	18.868
4.47692	17.562
4.48462	17.614
4.49231	17.905
4.50000	17.384
4.50769	18.404
4.51538	19.178
4.52308	17.764
4.53077	19.656
4.53846	18.034
4.54615	18.816
4.55385	17.460
4.56154	20.467
4.56923	18.581
4.57692	18.024
4.58462	18.993
4.59231	18.536
4.60000	17.200
4.60769	17.000
4.61538	17.000
4.62308	18.552
4.63077	17.269
4.63846	17.741
4.64615	17.222
4.65385	16.261
4.66154	18.498
4.66923	18.121
4.67692	18.850
4.68462	16.459
4.69231	17.679
4.70000	17.146
4.70769	18.561
4.71538	18.914
4.72308	19.834
4.73077	19.844
4.73846	18.367
4.74615	18.863
4.75385	19.000
4.76154	17.680
4.76923	18.759
4.77692	19.144
4.78462	19.184
4.79231	19.706
4.80000	20.806
4.80769	23.329
4.81538	23.322
4.82308	27.647
4.83077	29.319
4.83846	31.582
4.84615	34.265
4.85385	38.290
4.86154	38.737
4.86923	42.850
4.87692	47.270
4.88462	56.081
4.89231	67.322
4.90000	80.356
4.90769	95.889
4.91538	114.355
4.92308	133.591
4.93077	150.223
4.93846	168.072
4.94615	178.666
4.95385	187.856
4.96154	186.564
4.96923	181.875
4.97692	167.400
4.98462	150.003
4.99231	130.447
5.00000	109.712
5.00769	90.636
5.01538	74.947
5.02308	64.840
5.03077	57.295
5.03846	52.336
5.04615	49.535
5.05385	45.978
5.06154	46.412
5.06923	44.490
5.07692	41.553
5.08462	39.863
5.09231	38.743
5.10000	36.263
5.10769	32.099
5.11538	28.812
5.12308	24.380
5.13077	24.344
5.13846	23.129
5.14615	20.373
5.15385	18.346
5.16154	18.138
5.16923	17.350
5.17692	17.485
5.18462	17.011
5.19231	14.655
5.20000	14.911
5.20769	15.018
5.21538	15.063
5.22308	16.567
5.23077	14.624
5.23846	15.612
5.24615	15.199
5.25385	15.011
5.26154	14.200
5.26923	14.802
5.27692	15.021
5.28462	14.273
5.29231	20.652
5.30000	41.317
5.30769	39.961
5.31538	29.126
5.32308	18.810
5.33077	16.439
5.33846	20.320
5.34615	19.013
5.35385	16.367
5.36154	14.381
5.36923	14.645
5.37692	14.168
5.38462	14.956
5.39231	17.061
5.40000	16.137
5.40769	15.750
5.41538	15.157
5.42308	14.431
5.43077	14.393
5.43846	13.775
5.44615	13.095
5.45385	14.038
5.46154	14.074
5.46923	13.496
5.47692	13.862
5.48462	14.298
5.49231	13.779
5.50000	13.910
5.50769	13.672
5.51538	13.904
5.52308	15.207
5.53077	15.182
5.53846	14.644
5.54615	14.115
5.55385	15.163
5.56154	13.944
5.56923	14.247
5.57692	14.399
5.58462	14.423
5.59231	14.769
5.60000	14.396
5.60769	14.649
5.61538	15.423
5.62308	15.143
5.63077	14.515
5.63846	14.578
5.64615	14.153
5.65385	14.252
5.66154	14.840
5.66923	15.000
5.67692	15.000
5.68462	15.000
5.69231	14.237
5.70000	14.762
5.70769	15.581
5.71538	15.185
5.72308	15.761
5.73077	15.540
5.73846	15.089
5.74615	15.759
5.75385	15.601
5.76154	17.048
5.76923	18.461
5.77692	18.276
5.78462	18.622
5.79231	19.640
5.80000	20.100
5.80769	21.539
5.81538	23.426
5.82308	24.732
5.83077	25.751
5.83846	28.252
5.84615	32.000
0.00000	21.250
0.00769	21.009
0.01538	18.524
0.02308	19.693
0.03077	18.505
0.03846	16.968
0.04615	16.862
0.05385	16.440
0.06154	15.193
0.06923	15.391
0.07692	14.443
0.08462	14.342
0.09231	12.889
0.10000	14.258
0.10769	13.044
0.11538	13.197
0.12308	13.110
0.13077	12.644
0.13846	11.873
0.14615	11.166
0.15385	12.075
0.16154	11.171
0.16923	12.153
0.17692	11.768
0.18462	12.074
0.19231	11.865
0.20000	10.475
0.20769	11.315
0.21538	12.624
0.22308	13.350
0.23077	12.741
0.23846	12.623
0.24615	12.217
0.25385	11.000
0.26154	10.874
0.26923	10.583
0.27692	11.238
0.28462	11.905
0.29231	11.275
0.30000	10.847
0.30769	11.894
0.31538	11.848
0.32308	12.251
0.33077	10.347
0.33846	11.416
0.34615	10.856
0.35385	11.220
0.36154	12.032
0.36923	12.243
0.37692	12.633
0.38462	12.262
0.39231	11.794
0.40000	11.148
0.40769	11.528
0.41538	11.264
0.42308	12.355
0.43077	10.944
0.43846	10.484
0.44615	10.009
0.45385	11.836
0.46154	11.377
0.46923	12.461
0.47692	14.316
0.48462	14.448
0.49231	12.650
0.50000	11.259
0.50769	10.925
0.51538	10.457
0.52308	11.649
0.53077	11.278
0.53846	11.780
0.54615	11.164
0.55385	12.042
0.56154	11.984
0.56923	11.958
0.57692	12.195
0.58462	12.400
0.59231	10.220
0.60000	11.204
0.60769	12.039
0.61538	12.021
0.62308	11.881
0.63077	12.117
0.63846	12.748
0.64615	12.280
0.65385	13.000
0.66154	12.639
0.66923	11.282
0.67692	11.741
0.68462	11.375
0.69231	11.673
0.70000	12.197
0.70769	12.171
0.71538	11.958
0.72308	11.664
0.73077	11.531
0.73846	12.461
0.74615	11.546
0.75385	12.764
0.76154	13.129
0.76923	13.374
0.77692	12.060
0.78462	12.400
0.79231	12.657
0.80000	12.718
0.80769	12.645
0.81538	12.899
0.82308	13.261
0.83077	12.861
0.83846	14.007
0.84615	13.466
0.85385	13.458
0.86154	13.145
0.86923	13.535
0.87692	13.413
0.88462	12.911
0.89231	12.830
0.90000	14.539
0.90769	14.439
0.91538	13.966
0.92308	14.520
0.93077	15.000
0.93846	14.862
0.94615	14.120
0.95385	14.000
0.96154	14.060
0.96923	14.452
0.97692	14.888
0.98462	14.543
0.99231	15.532
1.00000	14.853
1.00769	15.863
1.01538	17.190
1.02308	15.791
1.03077	15.923
1.03846	15.661
1.04615	16.211
1.05385	16.229
1.06154	16.239
1.06923	15.645
1.07692	16.474
1.08462	17.401
1.09231	18.218
1.10000	19.199
1.10769	18.577
1.11538	19.986
1.12308	19.779
1.13077	19.153
1.13846	20.008
1.14615	20.045
1.15385	19.897
1.16154	19.164
1.16923	20.150
1.17692	21.149
1.18462	21.996
1.19231	22.103
1.20000	22.763
1.20769	22.019
1.21538	22.135
1.22308	21.868
1.23077	21.235
1.23846	21.890
1.24615	21.388
1.25385	22.368
1.26154	23.565
1.26923	22.736
1.27692	22.043
1.28462	20.972
1.29231	19.933
1.30000	21.731
1.30769	21.376
1.31538	20.681
1.32308	19.989
1.33077	18.647
1.33846	20.711
1.34615	18.961
1.35385	19.365
1.36154	19.803
1.36923	20.506
1.37692	19.232
1.38462	18.758
1.39231	20.487
1.40000	19.499
1.40769	19.022
1.41538	20.421
1.42308	20.379
1.43077	20.128
1.43846	20.932
1.44615	20.414
1.45385	20.126
1.46154	20.938
1.46923	20.698
1.47692	21.818
1.48462	20.719
1.49231	22.135
1.50000	22.925
1.50769	21.523
1.51538	22.295
1.52308	22.862
1.53077	23.336
1.53846	23.206
1.54615	24.821
1.55385	25.661
1.56154	25.814
1.56923	27.079
1.57692	27.802
1.58462	28.823
1.59231	30.869
1.60000	31.946
1.60769	31.697
1.61538	33.349
1.62308	34.471
1.63077	36.619
1.63846	38.264
1.64615	39.233
1.65385	42.261
1.66154	39.505
1.66923	43.818
1.67692	44.644
1.68462	43.894
1.69231	44.083
1.70000	44.940
1.70769	46.071
1.71538	46.647
1.72308	45.603
1.73077	42.938
1.73846	42.130
1.74615	43.323
1.75385	46.100
1.76154	46.764
1.76923	44.298
1.77692	38.370
1.78462	39.666
1.79231	37.131
1.80000	37.315
1.80769	33.643
1.81538	31.905
1.82308	30.801
1.83077	28.625
1.83846	26.249
1.84615	25.580
1.85385	22.924
1.86154	22.127
1.86923	21.521
1.87692	20.738
1.88462	20.204
1.89231	19.803
1.90000	17.663
1.90769	16.737
1.91538	16.623
1.92308	15.579
1.93077	15.554
1.93846	15.000
1.94615	14.973
1.95385	14.741
1.96154	15.592
1.96923	14.970
1.97692	14.680
1.98462	15.251
1.99231	13.639
2.00000	14.270
2.00769	15.555
2.01538	15.292
2.02308	13.621
2.03077	15.446
2.03846	14.528
2.04615	15.000
2.05385	15.036
2.06154	15.443
2.06923	15.146
2.07692	16.032
2.08462	16.372
2.09231	15.628
2.10000	16.135
2.10769	15.052
2.11538	15.414
2.12308	15.765
2.13077	14.111
2.13846	15.637
2.14615	15.395
2.15385	16.316
2.16154	16.439
2.16923	18.367
2.17692	17.610
2.18462	18.381
2.19231	16.922
2.20000	15.872
2.20769	17.410
2.21538	15.414
2.22308	18.509
2.23077	16.952
2.23846	16.161
2.24615	15.951
2.25385	15.079
2.26154	14.049
2.26923	14.980
2.27692	16.548
2.28462	14.239
2.29231	15.154
2.30000	15.066
2.30769	15.102
2.31538	15.954
2.32308	15.075
2.33077	15.050
2.33846	15.950
2.34615	15.014
2.35385	15.051
2.36154	15.043
2.36923	15.153
2.37692	15.016
2.38462	14.088
2.39231	15.957
2.40000	16.960
2.40769	16.074
2.41538	15.114
2.42308	14.796
2.43077	16.720
2.43846	17.418
2.44615	15.816
2.45385	15.835
2.46154	16.556
2.46923	16.052
2.47692	17.287
2.48462	17.231
2.49231	16.692
2.50000	15.605
2.50769	16.970
2.51538	16.228
2.52308	16.648
2.53077	15.647
2.53846	15.374
2.54615	16.324
2.55385	17.294
2.56154	15.012
2.56923	15.443
2.57692	16.958
2.58462	15.591
2.59231	16.016
2.60000	16.537
2.60769	16.039
2.61538	17.447
2.62308	16.513
2.63077	17.462
2.63846	16.075
2.64615	18.004
2.65385	16.025
2.66154	17.093
2.66923	16.563
2.67692	16.470
2.68462	18.781
2.69231	18.980
2.70000	18.005
2.70769	18.265
2.71538	18.343
2.72308	17.658
2.73077	17.647
2.73846	17.005
2.74615	17.313
2.75385	17.986
2.76154	16.970
2.76923	14.815
2.77692	16.750
2.78462	16.775
2.79231	17.768
2.80000	17.000
2.80769	17.002
2.81538	17.194
2.82308	18.313
2.83077	18.002
2.83846	18.294
2.84615	18.868
2.85385	18.888
2.86154	19.890
2.86923	19.008
2.87692	20.839
2.88462	20.065
2.89231	19.947
2.90000	19.957
2.90769	18.029
2.91538	19.974
2.92308	20.000
2.93077	18.014
2.93846	18.972
2.94615	19.000
2.95385	21.940
2.96154	22.865
2.96923	22.999
2.97692	23.275
2.98462	23.996
2.99231	24.000
3.00000	23.399
3.00769	24.140
3.01538	22.174
3.02308	21.180
3.03077	20.376
3.03846	20.994
3.04615	20.219
3.05385	21.759
3.06154	21.529
3.06923	23.475
3.07692	22.747
3.08462	24.696
3.09231	26.396
3.10000	25.708
3.10769	25.322
3.11538	26.973
3.12308	26.664
3.13077	25.727
3.13846	25.014
3.14615	22.806
3.15385	22.222
3.16154	19.864
3.16923	19.430
3.17692	19.988
3.18462	18.817
3.19231	19.073
3.20000	18.590
3.20769	17.512
3.21538	16.525
3.22308	18.487
3.23077	17.554
3.23846	17.988
3.24615	16.925
3.25385	18.518
3.26154	18.017
3.26923	17.425
3.27692	17.599
3.28462	17.019
3.29231	19.548
3.30000	18.677
3.30769	18.022
3.31538	19.272
3.32308	19.975
3.33077	18.070
3.33846	18.685
3.34615	18.889
3.35385	19.252
3.36154	18.288
3.36923	19.251
3.37692	17.520
3.38462	17.977
3.39231	18.960
3.40000	18.823
3.40769	19.157
3.41538	18.855
3.42308	17.356
3.43077	17.968
3.43846	18.956
3.44615	17.089
3.45385	17.088
3.46154	18.912
3.46923	18.047
3.47692	18.953
3.48462	19.877
3.49231	18.095
3.50000	16.136
3.50769	16.950
3.51538	19.838
3.52308	19.050
3.53077	18.925
3.53846	16.302
3.54615	17.966
3.55385	17.208
3.56154	18.814
3.56923	15.514
3.57692	17.629
3.58462	18.804
3.59231	19.662
3.60000	19.833
3.60769	20.770
3.61538	19.108
3.62308	18.245
3.63077	19.496
3.63846	17.885
3.64615	18.701
3.65385	18.516
3.66154	19.414
3.66923	20.223
3.67692	18.960
3.68462	19.277
3.69231	19.316
3.70000	21.515
3.70769	20.111
3.71538	20.601
3.72308	19.112
3.73077	19.576
3.73846	17.549
3.74615	20.576
3.75385	19.131
3.76154	18.597
3.76923	19.163
3.77692	19.865
3.78462	19.557
3.79231	18.587
3.80000	19.888
3.80769	22.347
3.81538	22.482
3.82308	22.461
3.83077	23.370
3.83846	22.913
3.84615	26.139
3.85385	28.249
3.86154	28.564
3.86923	34.343
3.87692	39.584
3.88462	45.833
3.89231	52.472
3.90000	62.175
3.90769	72.162
3.91538	79.599
3.92308	87.474
3.93077	92.073
3.93846	93.195
3.94615	92.566
3.95385	91.125
3.96154	85.941
3.96923	79.814
3.97692	79.926
3.98462	76.698
3.99231	74.836
4.00000	76.973
4.00769	78.840
4.01538	74.586
4.02308	72.736
4.03077	70.239
4.03846	69.012
4.04615	61.904
4.05385	59.147
4.06154	54.434
4.06923	50.424
4.07692	48.247
4.08462	46.201
4.09231	42.400
4.10000	41.103
4.10769	40.054
4.11538	38.090
4.12308	36.095
4.13077	35.868
4.13846	33.154
4.14615	32.733
4.15385	29.294
4.16154	28.882
4.16923	25.412
4.17692	25.764
4.18462	26.593
4.19231	28.136
4.20000	25.192
4.20769	24.803
4.21538	24.087
4.22308	22.714
4.23077	22.947
4.23846	22.334
4.24615	22.030
4.25385	20.624
4.26154	22.192
4.26923	21.161
4.27692	19.464
4.28462	20.211
4.29231	22.363
4.30000	21.499
4.30769	22.714
4.31538	23.528
4.32308	23.605
4.33077	24.113
4.33846	24.297
4.34615	23.916
4.35385	23.017
4.36154	23.463
4.36923	23.941
4.37692	22.652
4.38462	22.938
4.39231	20.822
4.40000	22.642
4.40769	22.588
4.41538	22.071
4.42308	21.621
4.43077	22.954
4.43846	22.509
4.44615	21.342
4.45385	22.220
4.46154	23.145
4.46923	21.611
4.47692	20.772
4.48462	20.373
4.49231	22.047
4.50000	22.303
4.50769	21.425
4.51538	22.527
4.52308	22.964
4.53077	23.000
4.53846	22.297
4.54615	22.878
4.55385	22.139
4.56154	24.240
4.56923	25.106
4.57692	22.889
4.58462	26.221
4.59231	26.979
4.60000	25.400
4.60769	25.670
4.61538	24.934
4.62308	22.409
4.63077	23.708
4.63846	22.350
4.64615	22.905
4.65385	23.824
4.66154	21.465
4.66923	21.864
4.67692	22.850
4.68462	21.311
4.69231	21.830
4.70000	21.961
4.70769	22.706
4.71538	23.649
4.72308	23.830
4.73077	22.281
4.73846	22.845
4.74615	20.768
4.75385	21.016
4.76154	23.429
4.76923	23.709
4.77692	23.104
4.78462	23.155
4.79231	22.866
4.80000	22.613
4.80769	21.901
4.81538	23.197
4.82308	22.453
4.83077	23.717
4.83846	24.836
4.84615	24.164
4.85385	25.088
4.86154	25.887
4.86923	27.382
4.87692	30.709
4.88462	31.881
4.89231	34.714
4.90000	39.588
4.90769	41.579
4.91538	43.130
4.92308	48.177
4.93077	53.883
4.93846	60.405
4.94615	68.155
4.95385	81.008
4.96154	97.095
4.96923	111.550
4.97692	130.478
4.98462	149.086
4.99231	165.901
5.00000	184.414
5.00769	196.776
5.01538	204.345
5.02308	205.290
5.03077	206.522
5.03846	198.740
5.04615	180.770
5.05385	164.721
5.06154	145.094
5.06923	126.087
5.07692	109.278
5.08462	101.395
5.09231	98.189
5.10000	94.693
5.10769	98.237
5.11538	100.672
5.12308	104.824
5.13077	108.820
5.13846	113.162
5.14615	111.080
5.15385	112.349
5.16154	106.637
5.16923	103.032
5.17692	94.621
5.18462	88.200
5.19231	82.092
5.20000	76.868
5.20769	68.666
5.21538	60.680
5.22308	54.904
5.23077	48.361
5.23846	43.760
5.24615	38.166
5.25385	33.805
5.26154	31.400
5.26923	30.201
5.27692	26.826
5.28462	25.976
5.29231	24.311
5.30000	21.793
5.30769	23.390
5.31538	22.317
5.32308	23.484
5.33077	22.199
5.33846	21.841
5.34615	19.143
5.35385	19.433
5.36154	17.690
5.36923	18.329
5.37692	16.703
5.38462	14.798
5.39231	15.496
5.40000	17.568
5.40769	17.016
5.41538	16.168
5.42308	15.783
5.43077	15.483
5.43846	16.180
5.44615	15.543
5.45385	15.071
5.46154	15.268
5.46923	14.069
5.47692	13.737
5.48462	15.808
5.49231	14.526
5.50000	15.241
5.50769	15.251
5.51538	15.029
5.52308	14.488
5.53077	15.220
5.53846	15.515
5.54615	14.339
5.55385	14.000
5.56154	14.754
5.56923	14.622
5.57692	13.644
5.58462	13.850
5.59231	15.543
5.60000	14.783
5.60769	13.465
5.61538	13.514
5.62308	15.450
5.63077	15.434
5.63846	16.108
5.64615	16.322
5.65385	18.127
5.66154	17.878
5.66923	18.139
5.67692	18.833
5.68462	18.236
5.69231	19.727
5.70000	19.869
5.70769	19.362
5.71538	18.803
5.72308	18.752
5.73077	17.433
5.73846	18.379
5.74615	18.200
5.75385	18.239
5.76154	17.313
5.76923	17.000
5.77692	17.666
5.78462	17.815
5.79231	16.585
5.80000	16.733
5.80769	17.033
5.81538	16.934
5.82308	17.010
5.83077	17.738
5.83846	18.757
5.84615	17.500
